1.883999999999999897e+00 6.390923643112182617e+01 0.000000000000000000e+00 1.800000000000000000e+01
2.076999999999999957e+00 6.390923643112182617e+01 1.000000000000000000e+00 7.000000000000000000e+00
2.441999999999999726e+00 6.390923643112182617e+01 2.000000000000000000e+00 1.500000000000000000e+01
2.441999999999999726e+00 6.390923643112182617e+01 3.000000000000000000e+00 3.000000000000000000e+00
2.637999999999999901e+00 6.390923643112182617e+01 4.000000000000000000e+00 5.000000000000000000e+00
2.637999999999999901e+00 6.390923643112182617e+01 5.000000000000000000e+00 6.000000000000000000e+00
2.637999999999999901e+00 6.390923643112182617e+01 6.000000000000000000e+00 1.200000000000000000e+01
2.823999999999999844e+00 6.390923643112182617e+01 7.000000000000000000e+00 2.000000000000000000e+00
3.000999999999999890e+00 6.390923643112182617e+01 8.000000000000000000e+00 2.000000000000000000e+01
3.631000000000000671e+00 6.390923643112182617e+01 9.000000000000000000e+00 4.000000000000000000e+00
3.155999999999999694e+00 6.390923643112182617e+01 1.000000000000000000e+01 1.500000000000000000e+01
3.303999999999999826e+00 6.390923643112182617e+01 1.100000000000000000e+01 9.000000000000000000e+00
3.117999999999999883e+00 6.390923643112182617e+01 1.200000000000000000e+01 1.900000000000000000e+01
3.930000000000000604e+00 6.390923643112182617e+01 1.300000000000000000e+01 1.500000000000000000e+01
3.443999999999999950e+00 6.390923643112182617e+01 1.400000000000000000e+01 2.000000000000000000e+01
3.443999999999999950e+00 6.390923643112182617e+01 1.500000000000000000e+01 1.300000000000000000e+01
3.443999999999999950e+00 6.390923643112182617e+01 1.600000000000000000e+01 2.100000000000000000e+01
3.584999999999999964e+00 6.390923643112182617e+01 1.700000000000000000e+01 1.100000000000000000e+01
3.701999999999999957e+00 6.390923643112182617e+01 1.800000000000000000e+01 2.100000000000000000e+01
3.826999999999999957e+00 6.390923643112182617e+01 1.900000000000000000e+01 8.000000000000000000e+00
5.256000000000001116e+00 6.390923643112182617e+01 2.000000000000000000e+01 2.000000000000000000e+01
4.455000000000000071e+00 6.390923643112182617e+01 2.100000000000000000e+01 2.100000000000000000e+01
4.740000000000001101e+00 6.390923643112182617e+01 2.200000000000000000e+01 1.000000000000000000e+01
5.092000000000000526e+00 6.390923643112182617e+01 2.300000000000000000e+01 4.000000000000000000e+00
5.190000000000000391e+00 6.390923643112182617e+01 2.400000000000000000e+01 4.000000000000000000e+01
5.786999999999999922e+00 6.390923643112182617e+01 2.500000000000000000e+01 2.500000000000000000e+01
6.112000000000000099e+00 6.390923643112182617e+01 2.600000000000000000e+01 8.000000000000000000e+01
6.359000000000000874e+00 6.390923643112182617e+01 2.700000000000000000e+01 1.100000000000000000e+01
6.546000000000001151e+00 6.390923643112182617e+01 2.800000000000000000e+01 7.800000000000000000e+01
7.181000000000001826e+00 6.390923643112182617e+01 2.900000000000000000e+01 1.280000000000000000e+02
7.992000000000001769e+00 6.390923643112182617e+01 3.000000000000000000e+01 1.670000000000000000e+02
8.318999999999999062e+00 6.390923643112182617e+01 3.100000000000000000e+01 3.000000000000000000e+00
8.250999999999999446e+00 6.390923643112182617e+01 3.200000000000000000e+01 1.300000000000000000e+01
9.276999999999997470e+00 6.390923643112182617e+01 3.300000000000000000e+01 2.270000000000000000e+02
9.669999999999998153e+00 6.390923643112182617e+01 3.400000000000000000e+01 2.280000000000000000e+02
9.980999999999998096e+00 6.390923643112182617e+01 3.500000000000000000e+01 2.640000000000000000e+02
1.025999999999999979e+01 6.390923643112182617e+01 3.600000000000000000e+01 3.960000000000000000e+02
1.109099999999999930e+01 6.390923643112182617e+01 3.700000000000000000e+01 3.310000000000000000e+02
1.168499999999999872e+01 6.390923643112182617e+01 3.800000000000000000e+01 3.260000000000000000e+02
1.194099999999999895e+01 6.390923643112182617e+01 3.900000000000000000e+01 4.210000000000000000e+02
1.229000000000000092e+01 6.390923643112182617e+01 4.000000000000000000e+01 4.770000000000000000e+02
1.250299999999999834e+01 6.390923643112182617e+01 4.100000000000000000e+01 3.200000000000000000e+01
1.285100000000000087e+01 6.390923643112182617e+01 4.200000000000000000e+01 4.730000000000000000e+02
1.333800000000000452e+01 6.390923643112182617e+01 4.300000000000000000e+01 5.210000000000000000e+02
1.400399999999999778e+01 6.390923643112182617e+01 4.400000000000000000e+01 6.110000000000000000e+02
1.468099999999999916e+01 6.390923643112182617e+01 4.500000000000000000e+01 6.810000000000000000e+02
1.534500000000000597e+01 6.390923643112182617e+01 4.600000000000000000e+01 6.350000000000000000e+02
1.559200000000000408e+01 6.390923643112182617e+01 4.700000000000000000e+01 8.190000000000000000e+02
1.632400000000000162e+01 6.390923643112182617e+01 4.800000000000000000e+01 9.010000000000000000e+02
1.694900000000000162e+01 6.390923643112182617e+01 4.900000000000000000e+01 1.062000000000000000e+03
1.760800000000000409e+01 6.390923643112182617e+01 5.000000000000000000e+01 1.190000000000000000e+03
1.856999999999999673e+01 6.390923643112182617e+01 5.100000000000000000e+01 1.237000000000000000e+03
1.990599999999998815e+01 6.390923643112182617e+01 5.200000000000000000e+01 1.404000000000000000e+03
2.099199999999997246e+01 6.390923643112182617e+01 5.300000000000000000e+01 1.719000000000000000e+03
2.214299999999995805e+01 6.390923643112182617e+01 5.400000000000000000e+01 1.660000000000000000e+03
2.287699999999994205e+01 6.390923643112182617e+01 5.500000000000000000e+01 1.599000000000000000e+03
2.332099999999992690e+01 6.390923643112182617e+01 5.600000000000000000e+01 2.457000000000000000e+03
2.596899999999986974e+01 6.390923643112182617e+01 5.700000000000000000e+01 2.945000000000000000e+03
2.799899999999979627e+01 6.390923643112182617e+01 5.800000000000000000e+01 3.454000000000000000e+03
2.966299999999976222e+01 6.390923643112182617e+01 5.900000000000000000e+01 2.840000000000000000e+03
3.032299999999976592e+01 6.390923643112182617e+01 6.000000000000000000e+01 4.182000000000000000e+03
3.201899999999980651e+01 6.390923643112182617e+01 6.100000000000000000e+01 4.685000000000000000e+03
3.295199999999984897e+01 6.390923643112182617e+01 6.200000000000000000e+01 4.691000000000000000e+03
3.598399999999998045e+01 6.390923643112182617e+01 6.300000000000000000e+01 5.392000000000000000e+03
3.740000000000001990e+01 6.390923643112182617e+01 6.400000000000000000e+01 4.361000000000000000e+03
4.467100000000029070e+01 6.390923643112182617e+01 6.500000000000000000e+01 6.138000000000000000e+03
4.789100000000041035e+01 6.390923643112182617e+01 6.600000000000000000e+01 9.581000000000000000e+03
5.043200000000051375e+01 6.390923643112182617e+01 6.700000000000000000e+01 9.383000000000000000e+03
5.279000000000060311e+01 6.390923643112182617e+01 6.800000000000000000e+01 7.399000000000000000e+03
5.409400000000064779e+01 6.390923643112182617e+01 6.900000000000000000e+01 7.141000000000000000e+03
6.188000000000095469e+01 6.390923643112182617e+01 7.000000000000000000e+01 7.060000000000000000e+03
6.363200000000101397e+01 6.390923643112182617e+01 7.100000000000000000e+01 7.949000000000000000e+03
0.000000000000000000e+00 6.390923643112182617e+01 0.000000000000000000e+00 0.000000000000000000e+00
6.390923643112182617e+01 6.390923643112182617e+01 0.000000000000000000e+00 0.000000000000000000e+00
6.390923643112182617e+01 6.390923643112182617e+01 0.000000000000000000e+00 0.000000000000000000e+00
1.528999999999999915e+00 0.000000000000000000e+00 0.000000000000000000e+00 0.000000000000000000e+00
2.097999999999999865e+00 0.000000000000000000e+00 1.000000000000000000e+00 5.000000000000000000e+00
2.279999999999999805e+00 0.000000000000000000e+00 2.000000000000000000e+00 1.800000000000000000e+01
2.466999999999999638e+00 0.000000000000000000e+00 3.000000000000000000e+00 3.000000000000000000e+00
0.000000000000000000e+00 0.000000000000000000e+00 4.000000000000000000e+00 1.000000000000000000e+00
3.000999999999999890e+00 0.000000000000000000e+00 5.000000000000000000e+00 2.100000000000000000e+01
3.170999999999999819e+00 0.000000000000000000e+00 6.000000000000000000e+00 1.100000000000000000e+01
3.327999999999999847e+00 0.000000000000000000e+00 7.000000000000000000e+00 1.200000000000000000e+01
0.000000000000000000e+00 0.000000000000000000e+00 8.000000000000000000e+00 2.100000000000000000e+01
3.327999999999999847e+00 0.000000000000000000e+00 9.000000000000000000e+00 2.900000000000000000e+01
3.327999999999999847e+00 0.000000000000000000e+00 1.000000000000000000e+01 1.500000000000000000e+01
3.332999999999999741e+00 0.000000000000000000e+00 1.100000000000000000e+01 2.000000000000000000e+01
3.489999999999999769e+00 0.000000000000000000e+00 1.200000000000000000e+01 1.900000000000000000e+01
3.299999999999999822e+00 0.000000000000000000e+00 1.300000000000000000e+01 3.500000000000000000e+01
3.783999999999999808e+00 0.000000000000000000e+00 1.400000000000000000e+01 3.100000000000000000e+01
3.993999999999999773e+00 0.000000000000000000e+00 1.500000000000000000e+01 1.200000000000000000e+01
4.182999999999999829e+00 0.000000000000000000e+00 1.600000000000000000e+01 3.000000000000000000e+00
4.320999999999999730e+00 0.000000000000000000e+00 1.700000000000000000e+01 3.200000000000000000e+01
4.435999999999999943e+00 0.000000000000000000e+00 1.800000000000000000e+01 1.600000000000000000e+01
4.548000000000000043e+00 0.000000000000000000e+00 1.900000000000000000e+01 2.500000000000000000e+01
0.000000000000000000e+00 0.000000000000000000e+00 2.000000000000000000e+01 2.300000000000000000e+01
5.055000000000000604e+00 0.000000000000000000e+00 2.100000000000000000e+01 5.700000000000000000e+01
5.055000000000000604e+00 0.000000000000000000e+00 2.200000000000000000e+01 1.400000000000000000e+01
5.701999999999999957e+00 0.000000000000000000e+00 2.300000000000000000e+01 8.300000000000000000e+01
6.020999999999999908e+00 0.000000000000000000e+00 2.400000000000000000e+01 5.600000000000000000e+01
5.990000000000000213e+00 0.000000000000000000e+00 2.500000000000000000e+01 1.600000000000000000e+01
5.913000000000000256e+00 0.000000000000000000e+00 2.600000000000000000e+01 7.900000000000000000e+01
6.912999999999998479e+00 0.000000000000000000e+00 2.700000000000000000e+01 1.070000000000000000e+02
6.912999999999998479e+00 0.000000000000000000e+00 2.800000000000000000e+01 7.100000000000000000e+01
7.315999999999998060e+00 0.000000000000000000e+00 2.900000000000000000e+01 1.700000000000000000e+01
7.909999999999998366e+00 0.000000000000000000e+00 3.000000000000000000e+01 1.650000000000000000e+02
7.992999999999998550e+00 0.000000000000000000e+00 3.100000000000000000e+01 1.620000000000000000e+02
8.352999999999997982e+00 0.000000000000000000e+00 3.200000000000000000e+01 1.900000000000000000e+02
8.711999999999996191e+00 0.000000000000000000e+00 3.300000000000000000e+01 1.950000000000000000e+02
9.131000000000000227e+00 0.000000000000000000e+00 3.400000000000000000e+01 1.920000000000000000e+02
9.884000000000002117e+00 0.000000000000000000e+00 3.500000000000000000e+01 2.670000000000000000e+02
9.952000000000001734e+00 0.000000000000000000e+00 3.600000000000000000e+01 2.380000000000000000e+02
1.014500000000000135e+01 0.000000000000000000e+00 3.700000000000000000e+01 2.990000000000000000e+02
1.060200000000000031e+01 0.000000000000000000e+00 3.800000000000000000e+01 2.890000000000000000e+02
1.108300000000000018e+01 0.000000000000000000e+00 3.900000000000000000e+01 3.350000000000000000e+02
1.161100000000000065e+01 0.000000000000000000e+00 4.000000000000000000e+01 3.670000000000000000e+02
1.180000000000000426e+01 0.000000000000000000e+00 4.100000000000000000e+01 4.040000000000000000e+02
1.238700000000000401e+01 0.000000000000000000e+00 4.200000000000000000e+01 9.000000000000000000e+00
1.258300000000000551e+01 0.000000000000000000e+00 4.300000000000000000e+01 4.900000000000000000e+02
1.391099999999999781e+01 0.000000000000000000e+00 4.400000000000000000e+01 6.250000000000000000e+02
1.460999999999999943e+01 0.000000000000000000e+00 4.500000000000000000e+01 5.760000000000000000e+02
1.446500000000000163e+01 0.000000000000000000e+00 4.600000000000000000e+01 5.000000000000000000e+00
1.532899999999999707e+01 0.000000000000000000e+00 4.700000000000000000e+01 7.820000000000000000e+02
1.653299999999999415e+01 0.000000000000000000e+00 4.800000000000000000e+01 9.250000000000000000e+02
1.702499999999999503e+01 0.000000000000000000e+00 4.900000000000000000e+01 8.910000000000000000e+02
1.767199999999999704e+01 0.000000000000000000e+00 5.000000000000000000e+01 1.184000000000000000e+03
1.886199999999998766e+01 0.000000000000000000e+00 5.100000000000000000e+01 1.368000000000000000e+03
1.945199999999998042e+01 0.000000000000000000e+00 5.200000000000000000e+01 1.506000000000000000e+03
2.152399999999995828e+01 0.000000000000000000e+00 5.300000000000000000e+01 1.821000000000000000e+03
3.093299999999980798e+01 0.000000000000000000e+00 5.400000000000000000e+01 2.982000000000000000e+03
3.197699999999978004e+01 0.000000000000000000e+00 5.500000000000000000e+01 4.294000000000000000e+03
3.300599999999980128e+01 0.000000000000000000e+00 5.600000000000000000e+01 3.294000000000000000e+03
0.000000000000000000e+00 0.000000000000000000e+00 0.000000000000000000e+00 0.000000000000000000e+00
0.000000000000000000e+00 0.000000000000000000e+00 0.000000000000000000e+00 0.000000000000000000e+00
0.000000000000000000e+00 0.000000000000000000e+00 0.000000000000000000e+00 0.000000000000000000e+00
0.000000000000000000e+00 0.000000000000000000e+00 0.000000000000000000e+00 0.000000000000000000e+00
0.000000000000000000e+00 0.000000000000000000e+00 0.000000000000000000e+00 0.000000000000000000e+00
0.000000000000000000e+00 0.000000000000000000e+00 0.000000000000000000e+00 0.000000000000000000e+00
0.000000000000000000e+00 0.000000000000000000e+00 0.000000000000000000e+00 0.000000000000000000e+00
0.000000000000000000e+00 0.000000000000000000e+00 0.000000000000000000e+00 0.000000000000000000e+00
0.000000000000000000e+00 0.000000000000000000e+00 0.000000000000000000e+00 0.000000000000000000e+00
0.000000000000000000e+00 0.000000000000000000e+00 0.000000000000000000e+00 0.000000000000000000e+00
0.000000000000000000e+00 0.000000000000000000e+00 0.000000000000000000e+00 0.000000000000000000e+00
0.000000000000000000e+00 0.000000000000000000e+00 0.000000000000000000e+00 0.000000000000000000e+00
0.000000000000000000e+00 0.000000000000000000e+00 0.000000000000000000e+00 0.000000000000000000e+00
0.000000000000000000e+00 0.000000000000000000e+00 0.000000000000000000e+00 0.000000000000000000e+00
0.000000000000000000e+00 0.000000000000000000e+00 0.000000000000000000e+00 0.000000000000000000e+00
0.000000000000000000e+00 0.000000000000000000e+00 0.000000000000000000e+00 0.000000000000000000e+00
0.000000000000000000e+00 0.000000000000000000e+00 0.000000000000000000e+00 0.000000000000000000e+00
0.000000000000000000e+00 0.000000000000000000e+00 0.000000000000000000e+00 0.000000000000000000e+00
1.567000000000000171e+00 6.418009877204895020e+01 0.000000000000000000e+00 7.000000000000000000e+00
2.149000000000000021e+00 6.418009877204895020e+01 1.000000000000000000e+00 1.600000000000000000e+01
2.560000000000000053e+00 6.418009877204895020e+01 2.000000000000000000e+00 9.000000000000000000e+00
2.738999999999999879e+00 6.418009877204895020e+01 3.000000000000000000e+00 2.400000000000000000e+01
2.738999999999999879e+00 6.418009877204895020e+01 4.000000000000000000e+00 2.000000000000000000e+01
2.738999999999999879e+00 6.418009877204895020e+01 5.000000000000000000e+00 2.200000000000000000e+01
3.080999999999999961e+00 6.418009877204895020e+01 6.000000000000000000e+00 3.000000000000000000e+00
3.243999999999999773e+00 6.418009877204895020e+01 7.000000000000000000e+00 2.800000000000000000e+01
3.243999999999999773e+00 6.418009877204895020e+01 8.000000000000000000e+00 5.000000000000000000e+00
3.406999999999999584e+00 6.418009877204895020e+01 9.000000000000000000e+00 2.500000000000000000e+01
3.390000000000000124e+00 6.418009877204895020e+01 1.000000000000000000e+01 2.400000000000000000e+01
3.546000000000000263e+00 6.418009877204895020e+01 1.100000000000000000e+01 2.700000000000000000e+01
3.691000000000000281e+00 6.418009877204895020e+01 1.200000000000000000e+01 2.000000000000000000e+01
3.840999999999999304e+00 6.418009877204895020e+01 1.300000000000000000e+01 2.600000000000000000e+01
3.973999999999999311e+00 6.418009877204895020e+01 1.400000000000000000e+01 2.600000000000000000e+01
4.384999999999999787e+00 6.418009877204895020e+01 1.500000000000000000e+01 3.900000000000000000e+01
4.187999999999999723e+00 6.418009877204895020e+01 1.600000000000000000e+01 3.900000000000000000e+01
4.384999999999999787e+00 6.418009877204895020e+01 1.700000000000000000e+01 3.100000000000000000e+01
4.858999999999999098e+00 6.418009877204895020e+01 1.800000000000000000e+01 3.300000000000000000e+01
4.858999999999999098e+00 6.418009877204895020e+01 1.900000000000000000e+01 3.100000000000000000e+01
4.784999999999999254e+00 6.418009877204895020e+01 2.000000000000000000e+01 3.200000000000000000e+01
5.399000000000000021e+00 6.418009877204895020e+01 2.100000000000000000e+01 7.300000000000000000e+01
5.812000000000000277e+00 6.418009877204895020e+01 2.200000000000000000e+01 6.500000000000000000e+01
6.120000000000000107e+00 6.418009877204895020e+01 2.300000000000000000e+01 6.400000000000000000e+01
6.414000000000000590e+00 6.418009877204895020e+01 2.400000000000000000e+01 9.300000000000000000e+01
6.348000000000000753e+00 6.418009877204895020e+01 2.500000000000000000e+01 9.900000000000000000e+01
7.144000000000001904e+00 6.418009877204895020e+01 2.600000000000000000e+01 7.000000000000000000e+00
6.620000000000000995e+00 6.418009877204895020e+01 2.700000000000000000e+01 2.900000000000000000e+01
6.576000000000000512e+00 6.418009877204895020e+01 2.800000000000000000e+01 1.200000000000000000e+02
6.658000000000000362e+00 6.418009877204895020e+01 2.900000000000000000e+01 9.500000000000000000e+01
7.069000000000000838e+00 6.418009877204895020e+01 3.000000000000000000e+01 1.140000000000000000e+02
8.512999999999999901e+00 6.418009877204895020e+01 3.100000000000000000e+01 9.000000000000000000e+00
7.580000000000000071e+00 6.418009877204895020e+01 3.200000000000000000e+01 1.140000000000000000e+02
8.065000000000001279e+00 6.418009877204895020e+01 3.300000000000000000e+01 1.520000000000000000e+02
8.250999999999999446e+00 6.418009877204895020e+01 3.400000000000000000e+01 1.680000000000000000e+02
8.872000000000001663e+00 6.418009877204895020e+01 3.500000000000000000e+01 2.230000000000000000e+02
9.322000000000002728e+00 6.418009877204895020e+01 3.600000000000000000e+01 2.630000000000000000e+02
1.033000000000000540e+01 6.418009877204895020e+01 3.700000000000000000e+01 9.000000000000000000e+00
9.810999999999999943e+00 6.418009877204895020e+01 3.800000000000000000e+01 2.340000000000000000e+02
1.039400000000000190e+01 6.418009877204895020e+01 3.900000000000000000e+01 3.370000000000000000e+02
1.132500000000000284e+01 6.418009877204895020e+01 4.000000000000000000e+01 4.190000000000000000e+02
1.193000000000000149e+01 6.418009877204895020e+01 4.100000000000000000e+01 4.960000000000000000e+02
1.266099999999999959e+01 6.418009877204895020e+01 4.200000000000000000e+01 5.030000000000000000e+02
1.329599999999999760e+01 6.418009877204895020e+01 4.300000000000000000e+01 6.510000000000000000e+02
1.448999999999999666e+01 6.418009877204895020e+01 4.400000000000000000e+01 7.730000000000000000e+02
1.539799999999999258e+01 6.418009877204895020e+01 4.500000000000000000e+01 9.170000000000000000e+02
1.640099999999999980e+01 6.418009877204895020e+01 4.600000000000000000e+01 9.710000000000000000e+02
1.682499999999999929e+01 6.418009877204895020e+01 4.700000000000000000e+01 1.045000000000000000e+03
1.752699999999999392e+01 6.418009877204895020e+01 4.800000000000000000e+01 8.830000000000000000e+02
1.828099999999999525e+01 6.418009877204895020e+01 4.900000000000000000e+01 1.243000000000000000e+03
1.930499999999999261e+01 6.418009877204895020e+01 5.000000000000000000e+01 1.638000000000000000e+03
2.127099999999997593e+01 6.418009877204895020e+01 5.100000000000000000e+01 1.751000000000000000e+03
2.212199999999996791e+01 6.418009877204895020e+01 5.200000000000000000e+01 1.478000000000000000e+03
2.290099999999995362e+01 6.418009877204895020e+01 5.300000000000000000e+01 2.151000000000000000e+03
2.316299999999995407e+01 6.418009877204895020e+01 5.400000000000000000e+01 1.640000000000000000e+03
2.418899999999992190e+01 6.418009877204895020e+01 5.500000000000000000e+01 2.264000000000000000e+03
2.480799999999990035e+01 6.418009877204895020e+01 5.600000000000000000e+01 2.533000000000000000e+03
2.667599999999987048e+01 6.418009877204895020e+01 5.700000000000000000e+01 2.701000000000000000e+03
2.740199999999983049e+01 6.418009877204895020e+01 5.800000000000000000e+01 3.116000000000000000e+03
2.982099999999977413e+01 6.418009877204895020e+01 5.900000000000000000e+01 3.586000000000000000e+03
3.288299999999985346e+01 6.418009877204895020e+01 6.000000000000000000e+01 4.276000000000000000e+03
3.416699999999993764e+01 6.418009877204895020e+01 6.100000000000000000e+01 5.025000000000000000e+03
3.556599999999998829e+01 6.418009877204895020e+01 6.200000000000000000e+01 3.978000000000000000e+03
3.618800000000000239e+01 6.418009877204895020e+01 6.300000000000000000e+01 5.188000000000000000e+03
3.726200000000004309e+01 6.418009877204895020e+01 6.400000000000000000e+01 4.838000000000000000e+03
4.199300000000021527e+01 6.418009877204895020e+01 6.500000000000000000e+01 4.289000000000000000e+03
4.667700000000040461e+01 6.418009877204895020e+01 6.600000000000000000e+01 8.833000000000000000e+03
4.917700000000048988e+01 6.418009877204895020e+01 6.700000000000000000e+01 7.285000000000000000e+03
5.279600000000062465e+01 6.418009877204895020e+01 6.800000000000000000e+01 7.436000000000000000e+03
5.389100000000065904e+01 6.418009877204895020e+01 6.900000000000000000e+01 7.062000000000000000e+03
6.234600000000098419e+01 6.418009877204895020e+01 7.000000000000000000e+01 6.829000000000000000e+03
6.396400000000104313e+01 6.418009877204895020e+01 7.100000000000000000e+01 8.951000000000000000e+03
0.000000000000000000e+00 6.418009877204895020e+01 0.000000000000000000e+00 0.000000000000000000e+00
6.418009877204895020e+01 6.418009877204895020e+01 0.000000000000000000e+00 0.000000000000000000e+00
6.418009877204895020e+01 6.418009877204895020e+01 0.000000000000000000e+00 0.000000000000000000e+00
2.309000000000000163e+00 8.549158668518066406e+01 0.000000000000000000e+00 1.700000000000000000e+01
2.309000000000000163e+00 8.549158668518066406e+01 1.000000000000000000e+00 2.100000000000000000e+01
2.309000000000000163e+00 8.549158668518066406e+01 2.000000000000000000e+00 2.100000000000000000e+01
2.504000000000000004e+00 8.549158668518066406e+01 3.000000000000000000e+00 6.000000000000000000e+00
2.504000000000000004e+00 8.549158668518066406e+01 4.000000000000000000e+00 2.000000000000000000e+00
2.948000000000000398e+00 8.549158668518066406e+01 5.000000000000000000e+00 8.000000000000000000e+00
2.849000000000000199e+00 8.549158668518066406e+01 6.000000000000000000e+00 1.700000000000000000e+01
2.849000000000000199e+00 8.549158668518066406e+01 7.000000000000000000e+00 4.000000000000000000e+00
2.849000000000000199e+00 8.549158668518066406e+01 8.000000000000000000e+00 9.000000000000000000e+00
3.115000000000000213e+00 8.549158668518066406e+01 9.000000000000000000e+00 5.000000000000000000e+00
3.270000000000000018e+00 8.549158668518066406e+01 1.000000000000000000e+01 3.000000000000000000e+00
3.002000000000000224e+00 8.549158668518066406e+01 1.100000000000000000e+01 1.200000000000000000e+01
3.167000000000000259e+00 8.549158668518066406e+01 1.200000000000000000e+01 1.300000000000000000e+01
3.725000000000000089e+00 8.549158668518066406e+01 1.300000000000000000e+01 1.800000000000000000e+01
3.857000000000000206e+00 8.549158668518066406e+01 1.400000000000000000e+01 2.800000000000000000e+01
3.894000000000000128e+00 8.549158668518066406e+01 1.500000000000000000e+01 3.000000000000000000e+01
4.262999999999999901e+00 8.549158668518066406e+01 1.600000000000000000e+01 2.900000000000000000e+01
4.262999999999999901e+00 8.549158668518066406e+01 1.700000000000000000e+01 5.000000000000000000e+00
4.524000000000000021e+00 8.549158668518066406e+01 1.800000000000000000e+01 2.600000000000000000e+01
4.663000000000000256e+00 8.549158668518066406e+01 1.900000000000000000e+01 2.600000000000000000e+01
4.325000000000001066e+00 8.549158668518066406e+01 2.000000000000000000e+01 3.400000000000000000e+01
4.788000000000000256e+00 8.549158668518066406e+01 2.100000000000000000e+01 3.200000000000000000e+01
5.043000000000000149e+00 8.549158668518066406e+01 2.200000000000000000e+01 3.000000000000000000e+01
4.850999999999999979e+00 8.549158668518066406e+01 2.300000000000000000e+01 1.800000000000000000e+01
5.711000000000000298e+00 8.549158668518066406e+01 2.400000000000000000e+01 4.500000000000000000e+01
5.644000000000001016e+00 8.549158668518066406e+01 2.500000000000000000e+01 5.200000000000000000e+01
6.100000000000000533e+00 8.549158668518066406e+01 2.600000000000000000e+01 8.800000000000000000e+01
6.442000000000000171e+00 8.549158668518066406e+01 2.700000000000000000e+01 5.400000000000000000e+01
6.496999999999999886e+00 8.549158668518066406e+01 2.800000000000000000e+01 8.600000000000000000e+01
6.597000000000001307e+00 8.549158668518066406e+01 2.900000000000000000e+01 3.800000000000000000e+01
7.477000000000000313e+00 8.549158668518066406e+01 3.000000000000000000e+01 1.270000000000000000e+02
7.771000000000000796e+00 8.549158668518066406e+01 3.100000000000000000e+01 1.600000000000000000e+02
8.124000000000002331e+00 8.549158668518066406e+01 3.200000000000000000e+01 1.790000000000000000e+02
8.320000000000003837e+00 8.549158668518066406e+01 3.300000000000000000e+01 3.000000000000000000e+01
8.671000000000001151e+00 8.549158668518066406e+01 3.400000000000000000e+01 1.970000000000000000e+02
9.097000000000001307e+00 8.549158668518066406e+01 3.500000000000000000e+01 2.440000000000000000e+02
1.091799999999999748e+01 8.549158668518066406e+01 3.600000000000000000e+01 3.320000000000000000e+02
1.159099999999999930e+01 8.549158668518066406e+01 3.700000000000000000e+01 4.020000000000000000e+02
1.214200000000000124e+01 8.549158668518066406e+01 3.800000000000000000e+01 5.000000000000000000e+02
1.282400000000000162e+01 8.549158668518066406e+01 3.900000000000000000e+01 5.000000000000000000e+02
1.317200000000000415e+01 8.549158668518066406e+01 4.000000000000000000e+01 5.060000000000000000e+02
1.364900000000000446e+01 8.549158668518066406e+01 4.100000000000000000e+01 5.460000000000000000e+02
1.401300000000000168e+01 8.549158668518066406e+01 4.200000000000000000e+01 2.100000000000000000e+01
1.505000000000000071e+01 8.549158668518066406e+01 4.300000000000000000e+01 7.000000000000000000e+02
1.607799999999999230e+01 8.549158668518066406e+01 4.400000000000000000e+01 9.470000000000000000e+02
1.682400000000000162e+01 8.549158668518066406e+01 4.500000000000000000e+01 8.000000000000000000e+00
1.792700000000001381e+01 8.549158668518066406e+01 4.600000000000000000e+01 1.065000000000000000e+03
1.878800000000003223e+01 8.549158668518066406e+01 4.700000000000000000e+01 9.170000000000000000e+02
1.940600000000002723e+01 8.549158668518066406e+01 4.800000000000000000e+01 1.015000000000000000e+03
2.014300000000002910e+01 8.549158668518066406e+01 4.900000000000000000e+01 1.414000000000000000e+03
2.079300000000002768e+01 8.549158668518066406e+01 5.000000000000000000e+01 1.431000000000000000e+03
2.167700000000001381e+01 8.549158668518066406e+01 5.100000000000000000e+01 1.774000000000000000e+03
2.256700000000001438e+01 8.549158668518066406e+01 5.200000000000000000e+01 1.876000000000000000e+03
2.388000000000000611e+01 8.549158668518066406e+01 5.300000000000000000e+01 1.579000000000000000e+03
3.192399999999994975e+01 8.549158668518066406e+01 5.400000000000000000e+01 3.064000000000000000e+03
3.340100000000003178e+01 8.549158668518066406e+01 5.500000000000000000e+01 4.459000000000000000e+03
3.419300000000004758e+01 8.549158668518066406e+01 5.600000000000000000e+01 3.798000000000000000e+03
3.497800000000012943e+01 8.549158668518066406e+01 5.700000000000000000e+01 4.342000000000000000e+03
3.715600000000011249e+01 8.549158668518066406e+01 5.800000000000000000e+01 5.475000000000000000e+03
4.409000000000060737e+01 8.549158668518066406e+01 5.900000000000000000e+01 6.845000000000000000e+03
4.625500000000072021e+01 8.549158668518066406e+01 6.000000000000000000e+01 7.194000000000000000e+03
5.162800000000102330e+01 8.549158668518066406e+01 6.100000000000000000e+01 9.867000000000000000e+03
5.414100000000113511e+01 8.549158668518066406e+01 6.200000000000000000e+01 1.075700000000000000e+04
5.536200000000118138e+01 8.549158668518066406e+01 6.300000000000000000e+01 1.040300000000000000e+04
5.930500000000132843e+01 8.549158668518066406e+01 6.400000000000000000e+01 7.417000000000000000e+03
6.301800000000147151e+01 8.549158668518066406e+01 6.500000000000000000e+01 1.102800000000000000e+04
6.681700000000161310e+01 8.549158668518066406e+01 6.600000000000000000e+01 1.354700000000000000e+04
6.931600000000170780e+01 8.549158668518066406e+01 6.700000000000000000e+01 1.007200000000000000e+04
7.395000000000187867e+01 8.549158668518066406e+01 6.800000000000000000e+01 1.112600000000000000e+04
7.524700000000193256e+01 8.549158668518066406e+01 6.900000000000000000e+01 9.392000000000000000e+03
8.359800000000224429e+01 8.549158668518066406e+01 7.000000000000000000e+01 1.175500000000000000e+04
8.552400000000233149e+01 8.549158668518066406e+01 7.100000000000000000e+01 1.102900000000000000e+04
0.000000000000000000e+00 8.549158668518066406e+01 0.000000000000000000e+00 0.000000000000000000e+00
8.549158668518066406e+01 8.549158668518066406e+01 0.000000000000000000e+00 0.000000000000000000e+00
8.549158668518066406e+01 8.549158668518066406e+01 0.000000000000000000e+00 0.000000000000000000e+00
2.050000000000000266e+00 6.222900104522705078e+01 0.000000000000000000e+00 1.500000000000000000e+01
2.242000000000000437e+00 6.222900104522705078e+01 1.000000000000000000e+00 9.000000000000000000e+00
2.424000000000000377e+00 6.222900104522705078e+01 2.000000000000000000e+00 2.600000000000000000e+01
2.800000000000000266e+00 6.222900104522705078e+01 3.000000000000000000e+00 2.300000000000000000e+01
2.800000000000000266e+00 6.222900104522705078e+01 4.000000000000000000e+00 2.200000000000000000e+01
3.191000000000000281e+00 6.222900104522705078e+01 5.000000000000000000e+00 2.600000000000000000e+01
3.144000000000000128e+00 6.222900104522705078e+01 6.000000000000000000e+00 6.000000000000000000e+00
3.302000000000000046e+00 6.222900104522705078e+01 7.000000000000000000e+00 2.300000000000000000e+01
3.302000000000000046e+00 6.222900104522705078e+01 8.000000000000000000e+00 1.600000000000000000e+01
3.302000000000000046e+00 6.222900104522705078e+01 9.000000000000000000e+00 3.300000000000000000e+01
3.463999999999999968e+00 6.222900104522705078e+01 1.000000000000000000e+01 1.100000000000000000e+01
3.456999999999999851e+00 6.222900104522705078e+01 1.100000000000000000e+01 5.000000000000000000e+00
3.896999999999999797e+00 6.222900104522705078e+01 1.200000000000000000e+01 3.900000000000000000e+01
3.903999999999999915e+00 6.222900104522705078e+01 1.300000000000000000e+01 6.000000000000000000e+00
4.036999999999999922e+00 6.222900104522705078e+01 1.400000000000000000e+01 3.700000000000000000e+01
4.295999999999999375e+00 6.222900104522705078e+01 1.500000000000000000e+01 3.400000000000000000e+01
4.417999999999999261e+00 6.222900104522705078e+01 1.600000000000000000e+01 4.000000000000000000e+00
4.417999999999999261e+00 6.222900104522705078e+01 1.700000000000000000e+01 4.200000000000000000e+01
4.350999999999999979e+00 6.222900104522705078e+01 1.800000000000000000e+01 5.100000000000000000e+01
4.466000000000000192e+00 6.222900104522705078e+01 1.900000000000000000e+01 5.500000000000000000e+01
4.821999999999999176e+00 6.222900104522705078e+01 2.000000000000000000e+01 3.000000000000000000e+01
4.824999999999999289e+00 6.222900104522705078e+01 2.100000000000000000e+01 8.100000000000000000e+01
5.099999999999999645e+00 6.222900104522705078e+01 2.200000000000000000e+01 1.000000000000000000e+01
4.942000000000000171e+00 6.222900104522705078e+01 2.300000000000000000e+01 6.200000000000000000e+01
4.995999999999999552e+00 6.222900104522705078e+01 2.400000000000000000e+01 4.100000000000000000e+01
5.099999999999999645e+00 6.222900104522705078e+01 2.500000000000000000e+01 5.900000000000000000e+01
5.202999999999999403e+00 6.222900104522705078e+01 2.600000000000000000e+01 2.200000000000000000e+01
5.378999999999999559e+00 6.222900104522705078e+01 2.700000000000000000e+01 4.900000000000000000e+01
5.794000000000000483e+00 6.222900104522705078e+01 2.800000000000000000e+01 1.100000000000000000e+01
6.153999999999999027e+00 6.222900104522705078e+01 2.900000000000000000e+01 3.000000000000000000e+01
6.491000000000000547e+00 6.222900104522705078e+01 3.000000000000000000e+01 5.200000000000000000e+01
7.230000000000001315e+00 6.222900104522705078e+01 3.100000000000000000e+01 8.300000000000000000e+01
8.356999999999999318e+00 6.222900104522705078e+01 3.200000000000000000e+01 1.300000000000000000e+02
8.496000000000000441e+00 6.222900104522705078e+01 3.300000000000000000e+01 2.000000000000000000e+01
8.888999999999999346e+00 6.222900104522705078e+01 3.400000000000000000e+01 1.920000000000000000e+02
9.452999999999997627e+00 6.222900104522705078e+01 3.500000000000000000e+01 2.600000000000000000e+02
9.464999999999999858e+00 6.222900104522705078e+01 3.600000000000000000e+01 6.700000000000000000e+01
1.039599999999999724e+01 6.222900104522705078e+01 3.700000000000000000e+01 2.930000000000000000e+02
1.078900000000000148e+01 6.222900104522705078e+01 3.800000000000000000e+01 1.700000000000000000e+01
1.177400000000000446e+01 6.222900104522705078e+01 3.900000000000000000e+01 4.160000000000000000e+02
1.182700000000000529e+01 6.222900104522705078e+01 4.000000000000000000e+01 4.000000000000000000e+02
1.252100000000000612e+01 6.222900104522705078e+01 4.100000000000000000e+01 5.110000000000000000e+02
1.318300000000000338e+01 6.222900104522705078e+01 4.200000000000000000e+01 5.870000000000000000e+02
1.381700000000000195e+01 6.222900104522705078e+01 4.300000000000000000e+01 8.000000000000000000e+00
1.376900000000000190e+01 6.222900104522705078e+01 4.400000000000000000e+01 5.290000000000000000e+02
1.447700000000000387e+01 6.222900104522705078e+01 4.500000000000000000e+01 6.010000000000000000e+02
1.536500000000000732e+01 6.222900104522705078e+01 4.600000000000000000e+01 6.390000000000000000e+02
1.608900000000000929e+01 6.222900104522705078e+01 4.700000000000000000e+01 8.020000000000000000e+02
1.753300000000000836e+01 6.222900104522705078e+01 4.800000000000000000e+01 1.100000000000000000e+03
1.828500000000001435e+01 6.222900104522705078e+01 4.900000000000000000e+01 1.022000000000000000e+03
1.875400000000001910e+01 6.222900104522705078e+01 5.000000000000000000e+01 1.064000000000000000e+03
1.939400000000001967e+01 6.222900104522705078e+01 5.100000000000000000e+01 1.476000000000000000e+03
2.027000000000002089e+01 6.222900104522705078e+01 5.200000000000000000e+01 1.271000000000000000e+03
2.083500000000001506e+01 6.222900104522705078e+01 5.300000000000000000e+01 1.343000000000000000e+03
2.220900000000002450e+01 6.222900104522705078e+01 5.400000000000000000e+01 2.022000000000000000e+03
2.370900000000001029e+01 6.222900104522705078e+01 5.500000000000000000e+01 1.712000000000000000e+03
2.443899999999999295e+01 6.222900104522705078e+01 5.600000000000000000e+01 2.184000000000000000e+03
2.532799999999997453e+01 6.222900104522705078e+01 5.700000000000000000e+01 1.948000000000000000e+03
2.570499999999994500e+01 6.222900104522705078e+01 5.800000000000000000e+01 2.801000000000000000e+03
2.721599999999992292e+01 6.222900104522705078e+01 5.900000000000000000e+01 3.185000000000000000e+03
2.824799999999992295e+01 6.222900104522705078e+01 6.000000000000000000e+01 3.067000000000000000e+03
3.034099999999997976e+01 6.222900104522705078e+01 6.100000000000000000e+01 3.476000000000000000e+03
3.167400000000002436e+01 6.222900104522705078e+01 6.200000000000000000e+01 4.360000000000000000e+03
3.404700000000012494e+01 6.222900104522705078e+01 6.300000000000000000e+01 3.817000000000000000e+03
3.533800000000017150e+01 6.222900104522705078e+01 6.400000000000000000e+01 3.375000000000000000e+03
4.063400000000038403e+01 6.222900104522705078e+01 6.500000000000000000e+01 5.077000000000000000e+03
4.407200000000050721e+01 6.222900104522705078e+01 6.600000000000000000e+01 8.299000000000000000e+03
4.684100000000060504e+01 6.222900104522705078e+01 6.700000000000000000e+01 7.637000000000000000e+03
5.086800000000076238e+01 6.222900104522705078e+01 6.800000000000000000e+01 6.701000000000000000e+03
5.210000000000080433e+01 6.222900104522705078e+01 6.900000000000000000e+01 6.732000000000000000e+03
6.057700000000112084e+01 6.222900104522705078e+01 7.000000000000000000e+01 6.916000000000000000e+03
6.215400000000118297e+01 6.222900104522705078e+01 7.100000000000000000e+01 7.491000000000000000e+03
0.000000000000000000e+00 6.222900104522705078e+01 0.000000000000000000e+00 0.000000000000000000e+00
6.222900104522705078e+01 6.222900104522705078e+01 0.000000000000000000e+00 0.000000000000000000e+00
6.222900104522705078e+01 6.222900104522705078e+01 0.000000000000000000e+00 0.000000000000000000e+00
9.019999999999999130e-01 6.787982916831970215e+01 0.000000000000000000e+00 1.000000000000000000e+00
2.024000000000000021e+00 6.787982916831970215e+01 1.000000000000000000e+00 5.000000000000000000e+00
2.572000000000000064e+00 6.787982916831970215e+01 2.000000000000000000e+00 1.600000000000000000e+01
2.572000000000000064e+00 6.787982916831970215e+01 3.000000000000000000e+00 2.700000000000000000e+01
2.750999999999999890e+00 6.787982916831970215e+01 4.000000000000000000e+00 2.700000000000000000e+01
3.098999999999999755e+00 6.787982916831970215e+01 5.000000000000000000e+00 3.000000000000000000e+01
3.431000000000000050e+00 6.787982916831970215e+01 6.000000000000000000e+00 2.700000000000000000e+01
3.431000000000000050e+00 6.787982916831970215e+01 7.000000000000000000e+00 3.200000000000000000e+01
3.432999999999999829e+00 6.787982916831970215e+01 8.000000000000000000e+00 2.400000000000000000e+01
3.596999999999999975e+00 6.787982916831970215e+01 9.000000000000000000e+00 1.500000000000000000e+01
3.596999999999999975e+00 6.787982916831970215e+01 1.000000000000000000e+01 3.000000000000000000e+00
3.750000000000000000e+00 6.787982916831970215e+01 1.100000000000000000e+01 1.100000000000000000e+01
3.750000000000000000e+00 6.787982916831970215e+01 1.200000000000000000e+01 3.500000000000000000e+01
3.739999999999999769e+00 6.787982916831970215e+01 1.300000000000000000e+01 2.900000000000000000e+01
3.892999999999999794e+00 6.787982916831970215e+01 1.400000000000000000e+01 2.600000000000000000e+01
4.163999999999999702e+00 6.787982916831970215e+01 1.500000000000000000e+01 1.500000000000000000e+01
4.163999999999999702e+00 6.787982916831970215e+01 1.600000000000000000e+01 3.400000000000000000e+01
4.291999999999999815e+00 6.787982916831970215e+01 1.700000000000000000e+01 2.200000000000000000e+01
4.291999999999999815e+00 6.787982916831970215e+01 1.800000000000000000e+01 1.600000000000000000e+01
4.413000000000000256e+00 6.787982916831970215e+01 1.900000000000000000e+01 3.000000000000000000e+00
4.413000000000000256e+00 6.787982916831970215e+01 2.000000000000000000e+01 1.200000000000000000e+01
4.948000000000001286e+00 6.787982916831970215e+01 2.100000000000000000e+01 4.200000000000000000e+01
4.788000000000000256e+00 6.787982916831970215e+01 2.200000000000000000e+01 4.300000000000000000e+01
5.355000000000001315e+00 6.787982916831970215e+01 2.300000000000000000e+01 6.300000000000000000e+01
5.692999999999999616e+00 6.787982916831970215e+01 2.400000000000000000e+01 7.600000000000000000e+01
6.351000000000000867e+00 6.787982916831970215e+01 2.500000000000000000e+01 9.800000000000000000e+01
6.705000000000001847e+00 6.787982916831970215e+01 2.600000000000000000e+01 6.000000000000000000e+00
7.142000000000002125e+00 6.787982916831970215e+01 2.700000000000000000e+01 9.900000000000000000e+01
7.634000000000003894e+00 6.787982916831970215e+01 2.800000000000000000e+01 1.230000000000000000e+02
7.750000000000002665e+00 6.787982916831970215e+01 2.900000000000000000e+01 1.240000000000000000e+02
8.045000000000001705e+00 6.787982916831970215e+01 3.000000000000000000e+01 1.520000000000000000e+02
8.458000000000001961e+00 6.787982916831970215e+01 3.100000000000000000e+01 1.730000000000000000e+02
8.500000000000001776e+00 6.787982916831970215e+01 3.200000000000000000e+01 2.400000000000000000e+01
8.933000000000001606e+00 6.787982916831970215e+01 3.300000000000000000e+01 1.280000000000000000e+02
9.232000000000004647e+00 6.787982916831970215e+01 3.400000000000000000e+01 2.160000000000000000e+02
9.761000000000006338e+00 6.787982916831970215e+01 3.500000000000000000e+01 5.100000000000000000e+01
9.882000000000006779e+00 6.787982916831970215e+01 3.600000000000000000e+01 2.060000000000000000e+02
1.036700000000000621e+01 6.787982916831970215e+01 3.700000000000000000e+01 2.510000000000000000e+02
1.134000000000000696e+01 6.787982916831970215e+01 3.800000000000000000e+01 3.900000000000000000e+02
1.170500000000001073e+01 6.787982916831970215e+01 3.900000000000000000e+01 1.800000000000000000e+01
1.179000000000001158e+01 6.787982916831970215e+01 4.000000000000000000e+01 3.730000000000000000e+02
1.295700000000001140e+01 6.787982916831970215e+01 4.100000000000000000e+01 4.760000000000000000e+02
1.356100000000001238e+01 6.787982916831970215e+01 4.200000000000000000e+01 6.000000000000000000e+00
1.355300000000001326e+01 6.787982916831970215e+01 4.300000000000000000e+01 5.070000000000000000e+02
1.415400000000001235e+01 6.787982916831970215e+01 4.400000000000000000e+01 5.310000000000000000e+02
1.444600000000001039e+01 6.787982916831970215e+01 4.500000000000000000e+01 6.360000000000000000e+02
1.537300000000001177e+01 6.787982916831970215e+01 4.600000000000000000e+01 1.100000000000000000e+01
1.577600000000001224e+01 6.787982916831970215e+01 4.700000000000000000e+01 9.010000000000000000e+02
1.640200000000000813e+01 6.787982916831970215e+01 4.800000000000000000e+01 7.270000000000000000e+02
1.662400000000000588e+01 6.787982916831970215e+01 4.900000000000000000e+01 1.200000000000000000e+01
1.700900000000000034e+01 6.787982916831970215e+01 5.000000000000000000e+01 9.190000000000000000e+02
1.805299999999999372e+01 6.787982916831970215e+01 5.100000000000000000e+01 1.227000000000000000e+03
1.925599999999998246e+01 6.787982916831970215e+01 5.200000000000000000e+01 1.383000000000000000e+03
2.168299999999994654e+01 6.787982916831970215e+01 5.300000000000000000e+01 1.362000000000000000e+03
2.268399999999994421e+01 6.787982916831970215e+01 5.400000000000000000e+01 1.936000000000000000e+03
2.333199999999994034e+01 6.787982916831970215e+01 5.500000000000000000e+01 1.620000000000000000e+03
2.381699999999993622e+01 6.787982916831970215e+01 5.600000000000000000e+01 2.381000000000000000e+03
2.516599999999991510e+01 6.787982916831970215e+01 5.700000000000000000e+01 2.784000000000000000e+03
2.604899999999985738e+01 6.787982916831970215e+01 5.800000000000000000e+01 2.867000000000000000e+03
3.036699999999977706e+01 6.787982916831970215e+01 5.900000000000000000e+01 4.022000000000000000e+03
3.678800000000011750e+01 6.787982916831970215e+01 6.000000000000000000e+01 6.095000000000000000e+03
4.073000000000038057e+01 6.787982916831970215e+01 6.100000000000000000e+01 4.734000000000000000e+03
4.162600000000042400e+01 6.787982916831970215e+01 6.200000000000000000e+01 7.600000000000000000e+03
4.289800000000046509e+01 6.787982916831970215e+01 6.300000000000000000e+01 5.440000000000000000e+03
4.379400000000050142e+01 6.787982916831970215e+01 6.400000000000000000e+01 9.142000000000000000e+03
4.826600000000065904e+01 6.787982916831970215e+01 6.500000000000000000e+01 9.708000000000000000e+03
5.221500000000082053e+01 6.787982916831970215e+01 6.600000000000000000e+01 7.572000000000000000e+03
5.421900000000088227e+01 6.787982916831970215e+01 6.700000000000000000e+01 9.495000000000000000e+03
5.650300000000097356e+01 6.787982916831970215e+01 6.800000000000000000e+01 8.638000000000000000e+03
5.767900000000101102e+01 6.787982916831970215e+01 6.900000000000000000e+01 7.321000000000000000e+03
6.605900000000133332e+01 6.787982916831970215e+01 7.000000000000000000e+01 7.900000000000000000e+03
6.789900000000139357e+01 6.787982916831970215e+01 7.100000000000000000e+01 1.078600000000000000e+04
0.000000000000000000e+00 6.787982916831970215e+01 0.000000000000000000e+00 0.000000000000000000e+00
6.787982916831970215e+01 6.787982916831970215e+01 0.000000000000000000e+00 0.000000000000000000e+00
6.787982916831970215e+01 6.787982916831970215e+01 0.000000000000000000e+00 0.000000000000000000e+00
1.701000000000000068e+00 5.345833683013916016e+01 0.000000000000000000e+00 5.000000000000000000e+00
1.701000000000000068e+00 5.345833683013916016e+01 1.000000000000000000e+00 1.000000000000000000e+00
1.908000000000000140e+00 5.345833683013916016e+01 2.000000000000000000e+00 1.400000000000000000e+01
2.532000000000000473e+00 5.345833683013916016e+01 3.000000000000000000e+00 1.500000000000000000e+01
2.104000000000000092e+00 5.345833683013916016e+01 4.000000000000000000e+00 8.000000000000000000e+00
2.449999999999999734e+00 5.345833683013916016e+01 5.000000000000000000e+00 1.800000000000000000e+01
2.740000000000000657e+00 5.345833683013916016e+01 6.000000000000000000e+00 5.000000000000000000e+00
2.449999999999999734e+00 5.345833683013916016e+01 7.000000000000000000e+00 1.600000000000000000e+01
2.619999999999999662e+00 5.345833683013916016e+01 8.000000000000000000e+00 2.000000000000000000e+01
2.606999999999999762e+00 5.345833683013916016e+01 9.000000000000000000e+00 1.000000000000000000e+01
2.924000000000000821e+00 5.345833683013916016e+01 1.000000000000000000e+01 1.600000000000000000e+01
3.068999999999999950e+00 5.345833683013916016e+01 1.100000000000000000e+01 1.900000000000000000e+01
3.242999999999999883e+00 5.345833683013916016e+01 1.200000000000000000e+01 1.400000000000000000e+01
3.242999999999999883e+00 5.345833683013916016e+01 1.300000000000000000e+01 2.400000000000000000e+01
3.641000000000000458e+00 5.345833683013916016e+01 1.400000000000000000e+01 2.500000000000000000e+01
3.509999999999999787e+00 5.345833683013916016e+01 1.500000000000000000e+01 9.000000000000000000e+00
3.786999999999999922e+00 5.345833683013916016e+01 1.600000000000000000e+01 2.100000000000000000e+01
3.786999999999999922e+00 5.345833683013916016e+01 1.700000000000000000e+01 3.400000000000000000e+01
4.386000000000001009e+00 5.345833683013916016e+01 1.800000000000000000e+01 4.700000000000000000e+01
4.330000000000000959e+00 5.345833683013916016e+01 1.900000000000000000e+01 3.800000000000000000e+01
4.636000000000001009e+00 5.345833683013916016e+01 2.000000000000000000e+01 1.300000000000000000e+01
4.956000000000002181e+00 5.345833683013916016e+01 2.100000000000000000e+01 5.700000000000000000e+01
5.061000000000002608e+00 5.345833683013916016e+01 2.200000000000000000e+01 3.500000000000000000e+01
5.061000000000002608e+00 5.345833683013916016e+01 2.300000000000000000e+01 5.300000000000000000e+01
5.061000000000002608e+00 5.345833683013916016e+01 2.400000000000000000e+01 3.700000000000000000e+01
5.264000000000002899e+00 5.345833683013916016e+01 2.500000000000000000e+01 7.800000000000000000e+01
5.857000000000002871e+00 5.345833683013916016e+01 2.600000000000000000e+01 9.300000000000000000e+01
6.381000000000003780e+00 5.345833683013916016e+01 2.700000000000000000e+01 7.000000000000000000e+01
7.051000000000005485e+00 5.345833683013916016e+01 2.800000000000000000e+01 1.550000000000000000e+02
6.855000000000005755e+00 5.345833683013916016e+01 2.900000000000000000e+01 1.080000000000000000e+02
7.370000000000005436e+00 5.345833683013916016e+01 3.000000000000000000e+01 1.590000000000000000e+02
7.581000000000004846e+00 5.345833683013916016e+01 3.100000000000000000e+01 1.670000000000000000e+02
7.984000000000005315e+00 5.345833683013916016e+01 3.200000000000000000e+01 1.510000000000000000e+02
8.533000000000003027e+00 5.345833683013916016e+01 3.300000000000000000e+01 2.050000000000000000e+02
9.211000000000005627e+00 5.345833683013916016e+01 3.400000000000000000e+01 2.540000000000000000e+02
9.360000000000006537e+00 5.345833683013916016e+01 3.500000000000000000e+01 1.800000000000000000e+01
9.532000000000005357e+00 5.345833683013916016e+01 3.600000000000000000e+01 2.680000000000000000e+02
9.854000000000004533e+00 5.345833683013916016e+01 3.700000000000000000e+01 2.610000000000000000e+02
1.041200000000000259e+01 5.345833683013916016e+01 3.800000000000000000e+01 3.410000000000000000e+02
1.063900000000000290e+01 5.345833683013916016e+01 3.900000000000000000e+01 3.220000000000000000e+02
1.132600000000000229e+01 5.345833683013916016e+01 4.000000000000000000e+01 3.630000000000000000e+02
1.147600000000000264e+01 5.345833683013916016e+01 4.100000000000000000e+01 3.100000000000000000e+01
1.171000000000000085e+01 5.345833683013916016e+01 4.200000000000000000e+01 4.640000000000000000e+02
1.253500000000000192e+01 5.345833683013916016e+01 4.300000000000000000e+01 3.720000000000000000e+02
1.333199999999999719e+01 5.345833683013916016e+01 4.400000000000000000e+01 5.810000000000000000e+02
1.413299999999999557e+01 5.345833683013916016e+01 4.500000000000000000e+01 7.400000000000000000e+02
1.496799999999999820e+01 5.345833683013916016e+01 4.600000000000000000e+01 6.410000000000000000e+02
1.537500000000000000e+01 5.345833683013916016e+01 4.700000000000000000e+01 8.000000000000000000e+02
1.545699999999999896e+01 5.345833683013916016e+01 4.800000000000000000e+01 1.000000000000000000e+00
1.638799999999999812e+01 5.345833683013916016e+01 4.900000000000000000e+01 1.008000000000000000e+03
1.683299999999999130e+01 5.345833683013916016e+01 5.000000000000000000e+01 1.005000000000000000e+03
1.779499999999998749e+01 5.345833683013916016e+01 5.100000000000000000e+01 1.226000000000000000e+03
2.029499999999997328e+01 5.345833683013916016e+01 5.200000000000000000e+01 1.524000000000000000e+03
2.113399999999996126e+01 5.345833683013916016e+01 5.300000000000000000e+01 1.536000000000000000e+03
2.171699999999995967e+01 5.345833683013916016e+01 5.400000000000000000e+01 1.989000000000000000e+03
2.257799999999995677e+01 5.345833683013916016e+01 5.500000000000000000e+01 2.235000000000000000e+03
2.388099999999992562e+01 5.345833683013916016e+01 5.600000000000000000e+01 2.275000000000000000e+03
2.617199999999987270e+01 5.345833683013916016e+01 5.700000000000000000e+01 2.859000000000000000e+03
2.743399999999984118e+01 5.345833683013916016e+01 5.800000000000000000e+01 3.020000000000000000e+03
2.885799999999981580e+01 5.345833683013916016e+01 5.900000000000000000e+01 3.287000000000000000e+03
2.994599999999979900e+01 5.345833683013916016e+01 6.000000000000000000e+01 2.838000000000000000e+03
3.088799999999978851e+01 5.345833683013916016e+01 6.100000000000000000e+01 4.241000000000000000e+03
3.154699999999980164e+01 5.345833683013916016e+01 6.200000000000000000e+01 4.207000000000000000e+03
3.253999999999983572e+01 5.345833683013916016e+01 6.300000000000000000e+01 2.686000000000000000e+03
3.488299999999993872e+01 5.345833683013916016e+01 6.400000000000000000e+01 3.701000000000000000e+03
3.631599999999998829e+01 5.345833683013916016e+01 6.500000000000000000e+01 4.076000000000000000e+03
3.702300000000001745e+01 5.345833683013916016e+01 6.600000000000000000e+01 5.751000000000000000e+03
3.936400000000011090e+01 5.345833683013916016e+01 6.700000000000000000e+01 5.689000000000000000e+03
4.052100000000015712e+01 5.345833683013916016e+01 6.800000000000000000e+01 4.279000000000000000e+03
4.876800000000046253e+01 5.345833683013916016e+01 6.900000000000000000e+01 4.874000000000000000e+03
5.027800000000051739e+01 5.345833683013916016e+01 7.000000000000000000e+01 5.882000000000000000e+03
5.346900000000064068e+01 5.345833683013916016e+01 7.100000000000000000e+01 5.548000000000000000e+03
0.000000000000000000e+00 5.345833683013916016e+01 0.000000000000000000e+00 0.000000000000000000e+00
5.345833683013916016e+01 5.345833683013916016e+01 0.000000000000000000e+00 0.000000000000000000e+00
5.345833683013916016e+01 5.345833683013916016e+01 0.000000000000000000e+00 0.000000000000000000e+00
2.276000000000000245e+00 6.969718742370605469e+01 0.000000000000000000e+00 1.000000000000000000e+01
2.464000000000000412e+00 6.969718742370605469e+01 1.000000000000000000e+00 2.500000000000000000e+01
2.651000000000000245e+00 6.969718742370605469e+01 2.000000000000000000e+00 2.000000000000000000e+01
2.834000000000000075e+00 6.969718742370605469e+01 3.000000000000000000e+00 2.200000000000000000e+01
2.679000000000000270e+00 6.969718742370605469e+01 4.000000000000000000e+00 1.500000000000000000e+01
2.679000000000000270e+00 6.969718742370605469e+01 5.000000000000000000e+00 2.700000000000000000e+01
3.032999999999999918e+00 6.969718742370605469e+01 6.000000000000000000e+00 3.100000000000000000e+01
2.879000000000000448e+00 6.969718742370605469e+01 7.000000000000000000e+00 2.600000000000000000e+01
3.202999999999999847e+00 6.969718742370605469e+01 8.000000000000000000e+00 3.400000000000000000e+01
3.049000000000000377e+00 6.969718742370605469e+01 9.000000000000000000e+00 3.000000000000000000e+00
3.004000000000000004e+00 6.969718742370605469e+01 1.000000000000000000e+01 3.000000000000000000e+00
3.202999999999999847e+00 6.969718742370605469e+01 1.100000000000000000e+01 5.000000000000000000e+00
3.207000000000000295e+00 6.969718742370605469e+01 1.200000000000000000e+01 8.000000000000000000e+00
3.897000000000000242e+00 6.969718742370605469e+01 1.300000000000000000e+01 6.000000000000000000e+00
3.360999999999999766e+00 6.969718742370605469e+01 1.400000000000000000e+01 3.000000000000000000e+01
3.508999999999999897e+00 6.969718742370605469e+01 1.500000000000000000e+01 2.100000000000000000e+01
3.663999999999999702e+00 6.969718742370605469e+01 1.600000000000000000e+01 4.000000000000000000e+00
3.604000000000000092e+00 6.969718742370605469e+01 1.700000000000000000e+01 9.000000000000000000e+00
3.929999999999999716e+00 6.969718742370605469e+01 1.800000000000000000e+01 1.100000000000000000e+01
4.631999999999999673e+00 6.969718742370605469e+01 1.900000000000000000e+01 3.400000000000000000e+01
5.334000000000000519e+00 6.969718742370605469e+01 2.000000000000000000e+01 6.600000000000000000e+01
5.381000000000000227e+00 6.969718742370605469e+01 2.100000000000000000e+01 6.200000000000000000e+01
5.730000000000000426e+00 6.969718742370605469e+01 2.200000000000000000e+01 8.300000000000000000e+01
5.987000000000000988e+00 6.969718742370605469e+01 2.300000000000000000e+01 7.300000000000000000e+01
6.379000000000001336e+00 6.969718742370605469e+01 2.400000000000000000e+01 8.200000000000000000e+01
6.747000000000001663e+00 6.969718742370605469e+01 2.500000000000000000e+01 1.270000000000000000e+02
6.640000000000002345e+00 6.969718742370605469e+01 2.600000000000000000e+01 8.900000000000000000e+01
7.364000000000000767e+00 6.969718742370605469e+01 2.700000000000000000e+01 1.290000000000000000e+02
7.640000000000001457e+00 6.969718742370605469e+01 2.800000000000000000e+01 1.620000000000000000e+02
8.089000000000002188e+00 6.969718742370605469e+01 2.900000000000000000e+01 1.690000000000000000e+02
7.992000000000002657e+00 6.969718742370605469e+01 3.000000000000000000e+01 1.540000000000000000e+02
8.467000000000000526e+00 6.969718742370605469e+01 3.100000000000000000e+01 1.620000000000000000e+02
8.814999999999999503e+00 6.969718742370605469e+01 3.200000000000000000e+01 4.000000000000000000e+00
7.105999999999998096e+00 6.969718742370605469e+01 3.300000000000000000e+01 1.910000000000000000e+02
9.122000000000001663e+00 6.969718742370605469e+01 3.400000000000000000e+01 1.890000000000000000e+02
9.712999999999999190e+00 6.969718742370605469e+01 3.500000000000000000e+01 2.550000000000000000e+02
1.011000000000000121e+01 6.969718742370605469e+01 3.600000000000000000e+01 2.370000000000000000e+02
1.065599999999999881e+01 6.969718742370605469e+01 3.700000000000000000e+01 3.230000000000000000e+02
1.077200000000000202e+01 6.969718742370605469e+01 3.800000000000000000e+01 3.200000000000000000e+02
1.188200000000000500e+01 6.969718742370605469e+01 3.900000000000000000e+01 4.540000000000000000e+02
1.227400000000000801e+01 6.969718742370605469e+01 4.000000000000000000e+01 4.140000000000000000e+02
1.272100000000000719e+01 6.969718742370605469e+01 4.100000000000000000e+01 4.940000000000000000e+02
1.300000000000000533e+01 6.969718742370605469e+01 4.200000000000000000e+01 5.530000000000000000e+02
1.342600000000000193e+01 6.969718742370605469e+01 4.300000000000000000e+01 5.730000000000000000e+02
1.433099999999999774e+01 6.969718742370605469e+01 4.400000000000000000e+01 6.940000000000000000e+02
1.520100000000000229e+01 6.969718742370605469e+01 4.500000000000000000e+01 6.320000000000000000e+02
1.650300000000000011e+01 6.969718742370605469e+01 4.600000000000000000e+01 9.560000000000000000e+02
1.685999999999999943e+01 6.969718742370605469e+01 4.700000000000000000e+01 9.000000000000000000e+00
1.722100000000000009e+01 6.969718742370605469e+01 4.800000000000000000e+01 1.018000000000000000e+03
1.882500000000001350e+01 6.969718742370605469e+01 4.900000000000000000e+01 1.253000000000000000e+03
2.001299999999999812e+01 6.969718742370605469e+01 5.000000000000000000e+01 1.483000000000000000e+03
2.100600000000000023e+01 6.969718742370605469e+01 5.100000000000000000e+01 1.309000000000000000e+03
2.197699999999999676e+01 6.969718742370605469e+01 5.200000000000000000e+01 1.785000000000000000e+03
2.281799999999998363e+01 6.969718742370605469e+01 5.300000000000000000e+01 1.499000000000000000e+03
2.441699999999998028e+01 6.969718742370605469e+01 5.400000000000000000e+01 2.169000000000000000e+03
2.509199999999996322e+01 6.969718742370605469e+01 5.500000000000000000e+01 2.521000000000000000e+03
2.562099999999994893e+01 6.969718742370605469e+01 5.600000000000000000e+01 2.902000000000000000e+03
2.748099999999990573e+01 6.969718742370605469e+01 5.700000000000000000e+01 2.275000000000000000e+03
2.799299999999987776e+01 6.969718742370605469e+01 5.800000000000000000e+01 3.219000000000000000e+03
2.956999999999984752e+01 6.969718742370605469e+01 5.900000000000000000e+01 2.810000000000000000e+03
3.453800000000004644e+01 6.969718742370605469e+01 6.000000000000000000e+01 4.652000000000000000e+03
4.200300000000043354e+01 6.969718742370605469e+01 6.100000000000000000e+01 4.451000000000000000e+03
4.301000000000048118e+01 6.969718742370605469e+01 6.200000000000000000e+01 8.109000000000000000e+03
4.419900000000052387e+01 6.969718742370605469e+01 6.300000000000000000e+01 5.070000000000000000e+03
4.500500000000055678e+01 6.969718742370605469e+01 6.400000000000000000e+01 9.262000000000000000e+03
4.953600000000072612e+01 6.969718742370605469e+01 6.500000000000000000e+01 1.021000000000000000e+04
5.346700000000087272e+01 6.969718742370605469e+01 6.600000000000000000e+01 8.050000000000000000e+03
5.565000000000095781e+01 6.969718742370605469e+01 6.700000000000000000e+01 1.155000000000000000e+04
5.856700000000107309e+01 6.969718742370605469e+01 6.800000000000000000e+01 1.053200000000000000e+04
5.967200000000110549e+01 6.969718742370605469e+01 6.900000000000000000e+01 7.970000000000000000e+03
6.792100000000141335e+01 6.969718742370605469e+01 7.000000000000000000e+01 7.922000000000000000e+03
6.972700000000148179e+01 6.969718742370605469e+01 7.100000000000000000e+01 9.533000000000000000e+03
0.000000000000000000e+00 6.969718742370605469e+01 0.000000000000000000e+00 0.000000000000000000e+00
6.969718742370605469e+01 6.969718742370605469e+01 0.000000000000000000e+00 0.000000000000000000e+00
6.969718742370605469e+01 6.969718742370605469e+01 0.000000000000000000e+00 0.000000000000000000e+00
2.125999999999999890e+00 6.339073944091796875e+01 0.000000000000000000e+00 1.000000000000000000e+01
2.314000000000000057e+00 6.339073944091796875e+01 1.000000000000000000e+00 2.000000000000000000e+01
2.690999999999999837e+00 6.339073944091796875e+01 2.000000000000000000e+00 1.700000000000000000e+01
2.690999999999999837e+00 6.339073944091796875e+01 3.000000000000000000e+00 8.000000000000000000e+00
2.879000000000000004e+00 6.339073944091796875e+01 4.000000000000000000e+00 3.100000000000000000e+01
3.020999999999999908e+00 6.339073944091796875e+01 5.000000000000000000e+00 1.000000000000000000e+00
2.879000000000000004e+00 6.339073944091796875e+01 6.000000000000000000e+00 4.000000000000000000e+00
3.072000000000000064e+00 6.339073944091796875e+01 7.000000000000000000e+00 1.900000000000000000e+01
3.215999999999999748e+00 6.339073944091796875e+01 8.000000000000000000e+00 1.000000000000000000e+00
2.883999999999999897e+00 6.339073944091796875e+01 9.000000000000000000e+00 1.000000000000000000e+01
3.254999999999999893e+00 6.339073944091796875e+01 1.000000000000000000e+01 2.700000000000000000e+01
3.254999999999999893e+00 6.339073944091796875e+01 1.100000000000000000e+01 2.200000000000000000e+01
3.388999999999999790e+00 6.339073944091796875e+01 1.200000000000000000e+01 1.000000000000000000e+00
3.415999999999999925e+00 6.339073944091796875e+01 1.300000000000000000e+01 1.000000000000000000e+01
3.560999999999999943e+00 6.339073944091796875e+01 1.400000000000000000e+01 2.800000000000000000e+01
3.637000000000000455e+00 6.339073944091796875e+01 1.500000000000000000e+01 3.000000000000000000e+01
4.192999999999999616e+00 6.339073944091796875e+01 1.600000000000000000e+01 4.700000000000000000e+01
4.455999999999999517e+00 6.339073944091796875e+01 1.700000000000000000e+01 1.900000000000000000e+01
3.800999999999999712e+00 6.339073944091796875e+01 1.800000000000000000e+01 5.000000000000000000e+01
3.800999999999999712e+00 6.339073944091796875e+01 1.900000000000000000e+01 1.000000000000000000e+01
4.608999999999999986e+00 6.339073944091796875e+01 2.000000000000000000e+01 5.200000000000000000e+01
4.733999999999999986e+00 6.339073944091796875e+01 2.100000000000000000e+01 4.700000000000000000e+01
5.049999999999999822e+00 6.339073944091796875e+01 2.200000000000000000e+01 6.100000000000000000e+01
5.149000000000000021e+00 6.339073944091796875e+01 2.300000000000000000e+01 7.000000000000000000e+01
5.097999999999998977e+00 6.339073944091796875e+01 2.400000000000000000e+01 7.100000000000000000e+01
5.763999999999998458e+00 6.339073944091796875e+01 2.500000000000000000e+01 9.100000000000000000e+01
5.945999999999998842e+00 6.339073944091796875e+01 2.600000000000000000e+01 7.600000000000000000e+01
6.046999999999999709e+00 6.339073944091796875e+01 2.700000000000000000e+01 8.200000000000000000e+01
6.533999999999999808e+00 6.339073944091796875e+01 2.800000000000000000e+01 8.900000000000000000e+01
6.584999999999999964e+00 6.339073944091796875e+01 2.900000000000000000e+01 1.150000000000000000e+02
7.144999999999997797e+00 6.339073944091796875e+01 3.000000000000000000e+01 1.300000000000000000e+02
7.528999999999999027e+00 6.339073944091796875e+01 3.100000000000000000e+01 1.560000000000000000e+02
7.810999999999998167e+00 6.339073944091796875e+01 3.200000000000000000e+01 1.550000000000000000e+02
8.083999999999997854e+00 6.339073944091796875e+01 3.300000000000000000e+01 1.580000000000000000e+02
8.083999999999997854e+00 6.339073944091796875e+01 3.400000000000000000e+01 1.720000000000000000e+02
8.791999999999999815e+00 6.339073944091796875e+01 3.500000000000000000e+01 2.250000000000000000e+02
9.270000000000001350e+00 6.339073944091796875e+01 3.600000000000000000e+01 2.370000000000000000e+02
9.850000000000001421e+00 6.339073944091796875e+01 3.700000000000000000e+01 2.360000000000000000e+02
1.044900000000000162e+01 6.339073944091796875e+01 3.800000000000000000e+01 2.000000000000000000e+00
1.051400000000000290e+01 6.339073944091796875e+01 3.900000000000000000e+01 3.090000000000000000e+02
1.105300000000000615e+01 6.339073944091796875e+01 4.000000000000000000e+01 3.170000000000000000e+02
1.114100000000000534e+01 6.339073944091796875e+01 4.100000000000000000e+01 3.960000000000000000e+02
1.197900000000000631e+01 6.339073944091796875e+01 4.200000000000000000e+01 4.920000000000000000e+02
1.223400000000000531e+01 6.339073944091796875e+01 4.300000000000000000e+01 5.460000000000000000e+02
1.290799999999999947e+01 6.339073944091796875e+01 4.400000000000000000e+01 5.530000000000000000e+02
1.354999999999999538e+01 6.339073944091796875e+01 4.500000000000000000e+01 5.990000000000000000e+02
1.408600000000000030e+01 6.339073944091796875e+01 4.600000000000000000e+01 6.200000000000000000e+02
1.476399999999999579e+01 6.339073944091796875e+01 4.700000000000000000e+01 7.600000000000000000e+02
1.536500000000000021e+01 6.339073944091796875e+01 4.800000000000000000e+01 9.180000000000000000e+02
1.631400000000000716e+01 6.339073944091796875e+01 4.900000000000000000e+01 9.720000000000000000e+02
1.734800000000000608e+01 6.339073944091796875e+01 5.000000000000000000e+01 1.072000000000000000e+03
1.855699999999999505e+01 6.339073944091796875e+01 5.100000000000000000e+01 1.444000000000000000e+03
1.975299999999999656e+01 6.339073944091796875e+01 5.200000000000000000e+01 1.525000000000000000e+03
2.099499999999999389e+01 6.339073944091796875e+01 5.300000000000000000e+01 1.452000000000000000e+03
2.233499999999999019e+01 6.339073944091796875e+01 5.400000000000000000e+01 1.917000000000000000e+03
2.307799999999997453e+01 6.339073944091796875e+01 5.500000000000000000e+01 1.687000000000000000e+03
2.354699999999996862e+01 6.339073944091796875e+01 5.600000000000000000e+01 2.608000000000000000e+03
2.397999999999995069e+01 6.339073944091796875e+01 5.700000000000000000e+01 2.279000000000000000e+03
2.579299999999991044e+01 6.339073944091796875e+01 5.800000000000000000e+01 1.996000000000000000e+03
2.707299999999987250e+01 6.339073944091796875e+01 5.900000000000000000e+01 3.596000000000000000e+03
3.069799999999986539e+01 6.339073944091796875e+01 6.000000000000000000e+01 4.386000000000000000e+03
3.518900000000005690e+01 6.339073944091796875e+01 6.100000000000000000e+01 4.065000000000000000e+03
3.635300000000010101e+01 6.339073944091796875e+01 6.200000000000000000e+01 6.039000000000000000e+03
3.749900000000013733e+01 6.339073944091796875e+01 6.300000000000000000e+01 4.845000000000000000e+03
3.862900000000018252e+01 6.339073944091796875e+01 6.400000000000000000e+01 7.117000000000000000e+03
4.330300000000035254e+01 6.339073944091796875e+01 6.500000000000000000e+01 8.186000000000000000e+03
4.796900000000052700e+01 6.339073944091796875e+01 6.600000000000000000e+01 6.195000000000000000e+03
4.964100000000058088e+01 6.339073944091796875e+01 6.700000000000000000e+01 9.745000000000000000e+03
5.198800000000068877e+01 6.339073944091796875e+01 6.800000000000000000e+01 6.725000000000000000e+03
5.334500000000073783e+01 6.339073944091796875e+01 6.900000000000000000e+01 6.805000000000000000e+03
6.180200000000105831e+01 6.339073944091796875e+01 7.000000000000000000e+01 6.985000000000000000e+03
6.338200000000112055e+01 6.339073944091796875e+01 7.100000000000000000e+01 8.003000000000000000e+03
0.000000000000000000e+00 6.339073944091796875e+01 0.000000000000000000e+00 0.000000000000000000e+00
6.339073944091796875e+01 6.339073944091796875e+01 0.000000000000000000e+00 0.000000000000000000e+00
6.339073944091796875e+01 6.339073944091796875e+01 0.000000000000000000e+00 0.000000000000000000e+00
1.704000000000000181e+00 6.044174218177795410e+01 0.000000000000000000e+00 7.000000000000000000e+00
2.096000000000000085e+00 6.044174218177795410e+01 1.000000000000000000e+00 1.500000000000000000e+01
2.282000000000000028e+00 6.044174218177795410e+01 2.000000000000000000e+00 1.500000000000000000e+01
2.852999999999999758e+00 6.044174218177795410e+01 3.000000000000000000e+00 2.400000000000000000e+01
2.852999999999999758e+00 6.044174218177795410e+01 4.000000000000000000e+00 1.700000000000000000e+01
3.039999999999999591e+00 6.044174218177795410e+01 5.000000000000000000e+00 1.600000000000000000e+01
3.039999999999999591e+00 6.044174218177795410e+01 6.000000000000000000e+00 1.500000000000000000e+01
3.236999999999999655e+00 6.044174218177795410e+01 7.000000000000000000e+00 2.400000000000000000e+01
3.236999999999999655e+00 6.044174218177795410e+01 8.000000000000000000e+00 1.600000000000000000e+01
3.423999999999999488e+00 6.044174218177795410e+01 9.000000000000000000e+00 1.400000000000000000e+01
3.584999999999999520e+00 6.044174218177795410e+01 1.000000000000000000e+01 2.800000000000000000e+01
3.578999999999999737e+00 6.044174218177795410e+01 1.100000000000000000e+01 2.000000000000000000e+01
3.744999999999999662e+00 6.044174218177795410e+01 1.200000000000000000e+01 3.300000000000000000e+01
4.070999999999999730e+00 6.044174218177795410e+01 1.300000000000000000e+01 1.600000000000000000e+01
4.215999999999999304e+00 6.044174218177795410e+01 1.400000000000000000e+01 3.400000000000000000e+01
4.215999999999999304e+00 6.044174218177795410e+01 1.500000000000000000e+01 3.800000000000000000e+01
4.356999999999999318e+00 6.044174218177795410e+01 1.600000000000000000e+01 1.300000000000000000e+01
4.490999999999999659e+00 6.044174218177795410e+01 1.700000000000000000e+01 3.900000000000000000e+01
4.752999999999999226e+00 6.044174218177795410e+01 1.800000000000000000e+01 4.500000000000000000e+01
4.752999999999999226e+00 6.044174218177795410e+01 1.900000000000000000e+01 1.800000000000000000e+01
4.947999999999998622e+00 6.044174218177795410e+01 2.000000000000000000e+01 5.900000000000000000e+01
4.931999999999998607e+00 6.044174218177795410e+01 2.100000000000000000e+01 5.100000000000000000e+01
5.260999999999999233e+00 6.044174218177795410e+01 2.200000000000000000e+01 6.400000000000000000e+01
5.320999999999998842e+00 6.044174218177795410e+01 2.300000000000000000e+01 4.900000000000000000e+01
5.476999999999998536e+00 6.044174218177795410e+01 2.400000000000000000e+01 5.300000000000000000e+01
5.829999999999998295e+00 6.044174218177795410e+01 2.500000000000000000e+01 1.400000000000000000e+01
5.883999999999998565e+00 6.044174218177795410e+01 2.600000000000000000e+01 2.400000000000000000e+01
6.103999999999999204e+00 6.044174218177795410e+01 2.700000000000000000e+01 6.500000000000000000e+01
7.288999999999999702e+00 6.044174218177795410e+01 2.800000000000000000e+01 4.800000000000000000e+01
7.453999999999999737e+00 6.044174218177795410e+01 2.900000000000000000e+01 1.020000000000000000e+02
7.612000000000000099e+00 6.044174218177795410e+01 3.000000000000000000e+01 1.700000000000000000e+01
8.068000000000001393e+00 6.044174218177795410e+01 3.100000000000000000e+01 1.250000000000000000e+02
8.466999999999998749e+00 6.044174218177795410e+01 3.200000000000000000e+01 1.460000000000000000e+02
8.943999999999999062e+00 6.044174218177795410e+01 3.300000000000000000e+01 1.250000000000000000e+02
9.182000000000000384e+00 6.044174218177795410e+01 3.400000000000000000e+01 1.710000000000000000e+02
9.816000000000000725e+00 6.044174218177795410e+01 3.500000000000000000e+01 2.240000000000000000e+02
1.000799999999999912e+01 6.044174218177795410e+01 3.600000000000000000e+01 1.850000000000000000e+02
1.031599999999999895e+01 6.044174218177795410e+01 3.700000000000000000e+01 2.470000000000000000e+02
1.051600000000000001e+01 6.044174218177795410e+01 3.800000000000000000e+01 2.470000000000000000e+02
1.105600000000000094e+01 6.044174218177795410e+01 3.900000000000000000e+01 1.800000000000000000e+01
1.116000000000000369e+01 6.044174218177795410e+01 4.000000000000000000e+01 3.000000000000000000e+02
1.205999999999999872e+01 6.044174218177795410e+01 4.100000000000000000e+01 3.490000000000000000e+02
1.289200000000000124e+01 6.044174218177795410e+01 4.200000000000000000e+01 5.290000000000000000e+02
1.335900000000000354e+01 6.044174218177795410e+01 4.300000000000000000e+01 1.500000000000000000e+01
1.430699999999999683e+01 6.044174218177795410e+01 4.400000000000000000e+01 5.010000000000000000e+02
1.540199999999999569e+01 6.044174218177795410e+01 4.500000000000000000e+01 6.140000000000000000e+02
1.616900000000000048e+01 6.044174218177795410e+01 4.600000000000000000e+01 1.000000000000000000e+00
1.627199999999999491e+01 6.044174218177795410e+01 4.700000000000000000e+01 8.990000000000000000e+02
1.655899999999999750e+01 6.044174218177795410e+01 4.800000000000000000e+01 3.900000000000000000e+01
1.736399999999999721e+01 6.044174218177795410e+01 4.900000000000000000e+01 1.045000000000000000e+03
1.782599999999999696e+01 6.044174218177795410e+01 5.000000000000000000e+01 8.320000000000000000e+02
1.867199999999999349e+01 6.044174218177795410e+01 5.100000000000000000e+01 1.192000000000000000e+03
1.936899999999999622e+01 6.044174218177795410e+01 5.200000000000000000e+01 1.018000000000000000e+03
2.005999999999998451e+01 6.044174218177795410e+01 5.300000000000000000e+01 1.525000000000000000e+03
2.042699999999998184e+01 6.044174218177795410e+01 5.400000000000000000e+01 1.520000000000000000e+03
2.358799999999994412e+01 6.044174218177795410e+01 5.500000000000000000e+01 1.886000000000000000e+03
2.449799999999991940e+01 6.044174218177795410e+01 5.600000000000000000e+01 2.513000000000000000e+03
2.598899999999988708e+01 6.044174218177795410e+01 5.700000000000000000e+01 2.225000000000000000e+03
2.658999999999987196e+01 6.044174218177795410e+01 5.800000000000000000e+01 2.850000000000000000e+03
2.877699999999981983e+01 6.044174218177795410e+01 5.900000000000000000e+01 3.587000000000000000e+03
3.066799999999983939e+01 6.044174218177795410e+01 6.000000000000000000e+01 2.964000000000000000e+03
3.167699999999984684e+01 6.044174218177795410e+01 6.100000000000000000e+01 4.000000000000000000e+03
3.332799999999990348e+01 6.044174218177795410e+01 6.200000000000000000e+01 4.652000000000000000e+03
3.419099999999994566e+01 6.044174218177795410e+01 6.300000000000000000e+01 5.077000000000000000e+03
3.599900000000000944e+01 6.044174218177795410e+01 6.400000000000000000e+01 3.987000000000000000e+03
3.878500000000011738e+01 6.044174218177795410e+01 6.500000000000000000e+01 5.789000000000000000e+03
3.944400000000015183e+01 6.044174218177795410e+01 6.600000000000000000e+01 6.043000000000000000e+03
4.268000000000027683e+01 6.044174218177795410e+01 6.700000000000000000e+01 4.942000000000000000e+03
4.919300000000051654e+01 6.044174218177795410e+01 6.800000000000000000e+01 4.874000000000000000e+03
5.011900000000055400e+01 6.044174218177795410e+01 6.900000000000000000e+01 7.634000000000000000e+03
5.862100000000087618e+01 6.044174218177795410e+01 7.000000000000000000e+01 7.807000000000000000e+03
6.044900000000094309e+01 6.044174218177795410e+01 7.100000000000000000e+01 6.846000000000000000e+03
0.000000000000000000e+00 6.044174218177795410e+01 0.000000000000000000e+00 0.000000000000000000e+00
6.044174218177795410e+01 6.044174218177795410e+01 0.000000000000000000e+00 0.000000000000000000e+00
6.044174218177795410e+01 6.044174218177795410e+01 0.000000000000000000e+00 0.000000000000000000e+00
