2.058000000000000274e+00 1.901479506492614746e+01 0.000000000000000000e+00 0.000000000000000000e+00
2.740000000000000213e+00 1.901479506492614746e+01 1.000000000000000000e+00 0.000000000000000000e+00
3.199000000000000288e+00 1.901479506492614746e+01 2.000000000000000000e+00 0.000000000000000000e+00
3.691000000000000281e+00 1.901479506492614746e+01 3.000000000000000000e+00 0.000000000000000000e+00
3.898000000000000576e+00 1.901479506492614746e+01 4.000000000000000000e+00 0.000000000000000000e+00
4.970000000000000639e+00 1.901479506492614746e+01 5.000000000000000000e+00 0.000000000000000000e+00
4.909000000000000696e+00 1.901479506492614746e+01 6.000000000000000000e+00 0.000000000000000000e+00
5.532000000000000028e+00 1.901479506492614746e+01 7.000000000000000000e+00 0.000000000000000000e+00
5.858000000000000540e+00 1.901479506492614746e+01 8.000000000000000000e+00 0.000000000000000000e+00
6.027000000000000135e+00 1.901479506492614746e+01 9.000000000000000000e+00 0.000000000000000000e+00
6.198000000000000398e+00 1.901479506492614746e+01 1.000000000000000000e+01 0.000000000000000000e+00
6.551000000000000156e+00 1.901479506492614746e+01 1.100000000000000000e+01 0.000000000000000000e+00
6.536000000000001364e+00 1.901479506492614746e+01 1.200000000000000000e+01 0.000000000000000000e+00
7.068999999999999950e+00 1.901479506492614746e+01 1.300000000000000000e+01 0.000000000000000000e+00
7.203000000000000291e+00 1.901479506492614746e+01 1.400000000000000000e+01 0.000000000000000000e+00
7.203000000000000291e+00 1.901479506492614746e+01 1.500000000000000000e+01 0.000000000000000000e+00
7.621999999999999886e+00 1.901479506492614746e+01 1.600000000000000000e+01 0.000000000000000000e+00
7.421999999999999709e+00 1.901479506492614746e+01 1.700000000000000000e+01 0.000000000000000000e+00
7.878999999999999559e+00 1.901479506492614746e+01 1.800000000000000000e+01 0.000000000000000000e+00
8.029999999999999361e+00 1.901479506492614746e+01 1.900000000000000000e+01 0.000000000000000000e+00
8.099999999999999645e+00 1.901479506492614746e+01 2.000000000000000000e+01 0.000000000000000000e+00
8.284999999999998366e+00 1.901479506492614746e+01 2.100000000000000000e+01 0.000000000000000000e+00
8.636999999999998678e+00 1.901479506492614746e+01 2.200000000000000000e+01 0.000000000000000000e+00
8.636999999999998678e+00 1.901479506492614746e+01 2.300000000000000000e+01 0.000000000000000000e+00
9.003000000000000114e+00 1.901479506492614746e+01 2.400000000000000000e+01 0.000000000000000000e+00
9.016999999999999460e+00 1.901479506492614746e+01 2.500000000000000000e+01 0.000000000000000000e+00
9.393000000000000682e+00 1.901479506492614746e+01 2.600000000000000000e+01 0.000000000000000000e+00
9.245999999999998664e+00 1.901479506492614746e+01 2.700000000000000000e+01 0.000000000000000000e+00
9.586000000000000298e+00 1.901479506492614746e+01 2.800000000000000000e+01 0.000000000000000000e+00
9.774000000000000909e+00 1.901479506492614746e+01 2.900000000000000000e+01 0.000000000000000000e+00
1.012400000000000055e+01 1.901479506492614746e+01 3.000000000000000000e+01 0.000000000000000000e+00
1.000800000000000090e+01 1.901479506492614746e+01 3.100000000000000000e+01 0.000000000000000000e+00
1.037400000000000055e+01 1.901479506492614746e+01 3.200000000000000000e+01 0.000000000000000000e+00
1.009200000000000053e+01 1.901479506492614746e+01 3.300000000000000000e+01 0.000000000000000000e+00
1.072600000000000264e+01 1.901479506492614746e+01 3.400000000000000000e+01 0.000000000000000000e+00
1.059700000000000131e+01 1.901479506492614746e+01 3.500000000000000000e+01 0.000000000000000000e+00
1.103100000000000414e+01 1.901479506492614746e+01 3.600000000000000000e+01 0.000000000000000000e+00
1.225900000000000922e+01 1.901479506492614746e+01 3.700000000000000000e+01 0.000000000000000000e+00
1.097600000000000442e+01 1.901479506492614746e+01 3.800000000000000000e+01 0.000000000000000000e+00
1.137700000000000244e+01 1.901479506492614746e+01 3.900000000000000000e+01 0.000000000000000000e+00
1.160100000000000264e+01 1.901479506492614746e+01 4.000000000000000000e+01 0.000000000000000000e+00
1.162600000000000122e+01 1.901479506492614746e+01 4.100000000000000000e+01 0.000000000000000000e+00
1.198400000000000176e+01 1.901479506492614746e+01 4.200000000000000000e+01 0.000000000000000000e+00
1.198700000000000188e+01 1.901479506492614746e+01 4.300000000000000000e+01 0.000000000000000000e+00
1.220400000000000063e+01 1.901479506492614746e+01 4.400000000000000000e+01 0.000000000000000000e+00
1.247100000000000009e+01 1.901479506492614746e+01 4.500000000000000000e+01 0.000000000000000000e+00
1.262800000000000011e+01 1.901479506492614746e+01 4.600000000000000000e+01 0.000000000000000000e+00
1.270799999999999841e+01 1.901479506492614746e+01 4.700000000000000000e+01 0.000000000000000000e+00
1.298999999999999666e+01 1.901479506492614746e+01 4.800000000000000000e+01 0.000000000000000000e+00
1.307599999999999696e+01 1.901479506492614746e+01 4.900000000000000000e+01 0.000000000000000000e+00
1.359799999999999720e+01 1.901479506492614746e+01 5.000000000000000000e+01 0.000000000000000000e+00
1.679000000000000981e+01 1.901479506492614746e+01 5.100000000000000000e+01 0.000000000000000000e+00
1.399599999999999511e+01 1.901479506492614746e+01 5.200000000000000000e+01 0.000000000000000000e+00
1.403799999999999493e+01 1.901479506492614746e+01 5.300000000000000000e+01 0.000000000000000000e+00
1.416199999999999548e+01 1.901479506492614746e+01 5.400000000000000000e+01 0.000000000000000000e+00
1.440999999999999304e+01 1.901479506492614746e+01 5.500000000000000000e+01 0.000000000000000000e+00
1.498300000000000054e+01 1.901479506492614746e+01 5.600000000000000000e+01 0.000000000000000000e+00
1.502500000000000036e+01 1.901479506492614746e+01 5.700000000000000000e+01 0.000000000000000000e+00
1.503000000000000114e+01 1.901479506492614746e+01 5.800000000000000000e+01 0.000000000000000000e+00
1.543600000000000172e+01 1.901479506492614746e+01 5.900000000000000000e+01 0.000000000000000000e+00
1.557900000000000240e+01 1.901479506492614746e+01 6.000000000000000000e+01 0.000000000000000000e+00
1.599400000000000688e+01 1.901479506492614746e+01 6.100000000000000000e+01 0.000000000000000000e+00
1.614300000000000423e+01 1.901479506492614746e+01 6.200000000000000000e+01 0.000000000000000000e+00
1.609000000000000696e+01 1.901479506492614746e+01 6.300000000000000000e+01 0.000000000000000000e+00
1.675700000000002277e+01 1.901479506492614746e+01 6.400000000000000000e+01 0.000000000000000000e+00
2.324099999999998900e+01 1.901479506492614746e+01 6.500000000000000000e+01 0.000000000000000000e+00
1.697500000000002984e+01 1.901479506492614746e+01 6.600000000000000000e+01 0.000000000000000000e+00
1.731400000000004269e+01 1.901479506492614746e+01 6.700000000000000000e+01 0.000000000000000000e+00
1.735500000000005016e+01 1.901479506492614746e+01 6.800000000000000000e+01 0.000000000000000000e+00
1.793000000000006722e+01 1.901479506492614746e+01 6.900000000000000000e+01 0.000000000000000000e+00
1.841700000000007265e+01 1.901479506492614746e+01 7.000000000000000000e+01 0.000000000000000000e+00
1.881100000000009942e+01 1.901479506492614746e+01 7.100000000000000000e+01 0.000000000000000000e+00
0.000000000000000000e+00 1.901479506492614746e+01 0.000000000000000000e+00 0.000000000000000000e+00
1.901479506492614746e+01 1.901479506492614746e+01 0.000000000000000000e+00 0.000000000000000000e+00
1.901479506492614746e+01 1.901479506492614746e+01 0.000000000000000000e+00 0.000000000000000000e+00
2.974000000000000199e+00 2.064660525321960449e+01 0.000000000000000000e+00 0.000000000000000000e+00
3.455000000000000071e+00 2.064660525321960449e+01 1.000000000000000000e+00 0.000000000000000000e+00
4.102999999999999758e+00 2.064660525321960449e+01 2.000000000000000000e+00 0.000000000000000000e+00
4.903999999999999915e+00 2.064660525321960449e+01 3.000000000000000000e+00 0.000000000000000000e+00
5.543999999999999595e+00 2.064660525321960449e+01 4.000000000000000000e+00 0.000000000000000000e+00
5.399000000000000021e+00 2.064660525321960449e+01 5.000000000000000000e+00 0.000000000000000000e+00
5.786999999999999922e+00 2.064660525321960449e+01 6.000000000000000000e+00 0.000000000000000000e+00
6.158999999999999808e+00 2.064660525321960449e+01 7.000000000000000000e+00 0.000000000000000000e+00
6.533999999999999808e+00 2.064660525321960449e+01 8.000000000000000000e+00 0.000000000000000000e+00
6.713999999999999524e+00 2.064660525321960449e+01 9.000000000000000000e+00 0.000000000000000000e+00
6.759000000000000341e+00 2.064660525321960449e+01 1.000000000000000000e+01 0.000000000000000000e+00
6.931000000000000050e+00 2.064660525321960449e+01 1.100000000000000000e+01 0.000000000000000000e+00
7.336999999999998856e+00 2.064660525321960449e+01 1.200000000000000000e+01 0.000000000000000000e+00
7.806999999999998607e+00 2.064660525321960449e+01 1.300000000000000000e+01 0.000000000000000000e+00
8.141999999999999460e+00 2.064660525321960449e+01 1.400000000000000000e+01 0.000000000000000000e+00
8.311999999999999389e+00 2.064660525321960449e+01 1.500000000000000000e+01 0.000000000000000000e+00
8.574999999999999289e+00 2.064660525321960449e+01 1.600000000000000000e+01 0.000000000000000000e+00
8.206999999999998963e+00 2.064660525321960449e+01 1.700000000000000000e+01 0.000000000000000000e+00
8.828999999999998849e+00 2.064660525321960449e+01 1.800000000000000000e+01 0.000000000000000000e+00
9.143999999999998352e+00 2.064660525321960449e+01 1.900000000000000000e+01 0.000000000000000000e+00
9.302999999999999048e+00 2.064660525321960449e+01 2.000000000000000000e+01 0.000000000000000000e+00
9.448999999999999844e+00 2.064660525321960449e+01 2.100000000000000000e+01 0.000000000000000000e+00
9.586000000000000298e+00 2.064660525321960449e+01 2.200000000000000000e+01 0.000000000000000000e+00
9.863999999999998991e+00 2.064660525321960449e+01 2.300000000000000000e+01 0.000000000000000000e+00
9.822999999999998622e+00 2.064660525321960449e+01 2.400000000000000000e+01 0.000000000000000000e+00
1.041099999999999781e+01 2.064660525321960449e+01 2.500000000000000000e+01 0.000000000000000000e+00
1.024099999999999788e+01 2.064660525321960449e+01 2.600000000000000000e+01 0.000000000000000000e+00
1.037999999999999723e+01 2.064660525321960449e+01 2.700000000000000000e+01 0.000000000000000000e+00
1.078999999999999737e+01 2.064660525321960449e+01 2.800000000000000000e+01 0.000000000000000000e+00
1.042799999999999905e+01 2.064660525321960449e+01 2.900000000000000000e+01 0.000000000000000000e+00
1.087899999999999778e+01 2.064660525321960449e+01 3.000000000000000000e+01 0.000000000000000000e+00
1.119999999999999751e+01 2.064660525321960449e+01 3.100000000000000000e+01 0.000000000000000000e+00
1.154299999999999748e+01 2.064660525321960449e+01 3.200000000000000000e+01 0.000000000000000000e+00
1.165899999999999714e+01 2.064660525321960449e+01 3.300000000000000000e+01 0.000000000000000000e+00
1.174199999999999733e+01 2.064660525321960449e+01 3.400000000000000000e+01 0.000000000000000000e+00
1.196599999999999575e+01 2.064660525321960449e+01 3.500000000000000000e+01 0.000000000000000000e+00
1.179699999999999704e+01 2.064660525321960449e+01 3.600000000000000000e+01 0.000000000000000000e+00
1.233699999999999619e+01 2.064660525321960449e+01 3.700000000000000000e+01 0.000000000000000000e+00
1.237399999999999523e+01 2.064660525321960449e+01 3.800000000000000000e+01 0.000000000000000000e+00
1.270799999999999486e+01 2.064660525321960449e+01 3.900000000000000000e+01 0.000000000000000000e+00
1.278399999999999359e+01 2.064660525321960449e+01 4.000000000000000000e+01 0.000000000000000000e+00
1.427700000000000280e+01 2.064660525321960449e+01 4.100000000000000000e+01 0.000000000000000000e+00
1.337399999999999345e+01 2.064660525321960449e+01 4.200000000000000000e+01 0.000000000000000000e+00
1.368499999999999339e+01 2.064660525321960449e+01 4.300000000000000000e+01 0.000000000000000000e+00
1.371499999999999275e+01 2.064660525321960449e+01 4.400000000000000000e+01 0.000000000000000000e+00
1.378899999999999260e+01 2.064660525321960449e+01 4.500000000000000000e+01 0.000000000000000000e+00
1.410999999999999233e+01 2.064660525321960449e+01 4.600000000000000000e+01 0.000000000000000000e+00
1.419699999999999029e+01 2.064660525321960449e+01 4.700000000000000000e+01 0.000000000000000000e+00
1.465499999999999226e+01 2.064660525321960449e+01 4.800000000000000000e+01 0.000000000000000000e+00
1.443099999999999383e+01 2.064660525321960449e+01 4.900000000000000000e+01 0.000000000000000000e+00
1.465899999999999537e+01 2.064660525321960449e+01 5.000000000000000000e+01 0.000000000000000000e+00
1.514099999999999291e+01 2.064660525321960449e+01 5.100000000000000000e+01 0.000000000000000000e+00
1.521599999999999220e+01 2.064660525321960449e+01 5.200000000000000000e+01 0.000000000000000000e+00
1.532199999999999029e+01 2.064660525321960449e+01 5.300000000000000000e+01 0.000000000000000000e+00
1.564499999999998714e+01 2.064660525321960449e+01 5.400000000000000000e+01 0.000000000000000000e+00
1.578199999999998759e+01 2.064660525321960449e+01 5.500000000000000000e+01 0.000000000000000000e+00
1.594999999999998685e+01 2.064660525321960449e+01 5.600000000000000000e+01 0.000000000000000000e+00
1.599699999999998745e+01 2.064660525321960449e+01 5.700000000000000000e+01 0.000000000000000000e+00
1.633699999999997843e+01 2.064660525321960449e+01 5.800000000000000000e+01 0.000000000000000000e+00
1.663399999999997547e+01 2.064660525321960449e+01 5.900000000000000000e+01 0.000000000000000000e+00
1.693599999999997152e+01 2.064660525321960449e+01 6.000000000000000000e+01 0.000000000000000000e+00
2.134799999999996700e+01 2.064660525321960449e+01 6.100000000000000000e+01 0.000000000000000000e+00
1.715399999999997505e+01 2.064660525321960449e+01 6.200000000000000000e+01 0.000000000000000000e+00
1.756099999999997863e+01 2.064660525321960449e+01 6.300000000000000000e+01 0.000000000000000000e+00
1.800299999999998590e+01 2.064660525321960449e+01 6.400000000000000000e+01 0.000000000000000000e+00
1.791899999999998627e+01 2.064660525321960449e+01 6.500000000000000000e+01 0.000000000000000000e+00
1.813699999999999335e+01 2.064660525321960449e+01 6.600000000000000000e+01 0.000000000000000000e+00
1.883900000000000929e+01 2.064660525321960449e+01 6.700000000000000000e+01 0.000000000000000000e+00
1.866000000000002856e+01 2.064660525321960449e+01 6.800000000000000000e+01 0.000000000000000000e+00
1.919600000000002993e+01 2.064660525321960449e+01 6.900000000000000000e+01 0.000000000000000000e+00
1.992500000000004690e+01 2.064660525321960449e+01 7.000000000000000000e+01 0.000000000000000000e+00
2.049900000000007694e+01 2.064660525321960449e+01 7.100000000000000000e+01 0.000000000000000000e+00
0.000000000000000000e+00 2.064660525321960449e+01 0.000000000000000000e+00 0.000000000000000000e+00
2.064660525321960449e+01 2.064660525321960449e+01 0.000000000000000000e+00 0.000000000000000000e+00
2.064660525321960449e+01 2.064660525321960449e+01 0.000000000000000000e+00 0.000000000000000000e+00
2.169000000000000483e+00 1.992404389381408691e+01 0.000000000000000000e+00 0.000000000000000000e+00
3.105000000000000426e+00 1.992404389381408691e+01 1.000000000000000000e+00 0.000000000000000000e+00
3.346000000000000529e+00 1.992404389381408691e+01 2.000000000000000000e+00 0.000000000000000000e+00
3.858000000000000540e+00 1.992404389381408691e+01 3.000000000000000000e+00 0.000000000000000000e+00
4.475000000000001421e+00 1.992404389381408691e+01 4.000000000000000000e+00 0.000000000000000000e+00
4.883000000000001783e+00 1.992404389381408691e+01 5.000000000000000000e+00 0.000000000000000000e+00
5.440000000000002167e+00 1.992404389381408691e+01 6.000000000000000000e+00 0.000000000000000000e+00
6.051000000000002821e+00 1.992404389381408691e+01 7.000000000000000000e+00 0.000000000000000000e+00
6.051000000000002821e+00 1.992404389381408691e+01 8.000000000000000000e+00 0.000000000000000000e+00
6.411000000000003141e+00 1.992404389381408691e+01 9.000000000000000000e+00 0.000000000000000000e+00
6.600000000000003197e+00 1.992404389381408691e+01 1.000000000000000000e+01 0.000000000000000000e+00
6.519000000000002792e+00 1.992404389381408691e+01 1.100000000000000000e+01 0.000000000000000000e+00
7.110000000000002984e+00 1.992404389381408691e+01 1.200000000000000000e+01 0.000000000000000000e+00
7.260000000000003340e+00 1.992404389381408691e+01 1.300000000000000000e+01 0.000000000000000000e+00
7.260000000000003340e+00 1.992404389381408691e+01 1.400000000000000000e+01 0.000000000000000000e+00
7.730000000000003091e+00 1.992404389381408691e+01 1.500000000000000000e+01 0.000000000000000000e+00
7.895000000000003126e+00 1.992404389381408691e+01 1.600000000000000000e+01 0.000000000000000000e+00
7.895000000000003126e+00 1.992404389381408691e+01 1.700000000000000000e+01 0.000000000000000000e+00
8.173000000000003595e+00 1.992404389381408691e+01 1.800000000000000000e+01 0.000000000000000000e+00
8.467000000000004079e+00 1.992404389381408691e+01 1.900000000000000000e+01 0.000000000000000000e+00
8.629000000000004889e+00 1.992404389381408691e+01 2.000000000000000000e+01 0.000000000000000000e+00
9.069000000000006168e+00 1.992404389381408691e+01 2.100000000000000000e+01 0.000000000000000000e+00
8.858000000000004093e+00 1.992404389381408691e+01 2.200000000000000000e+01 0.000000000000000000e+00
9.377000000000005997e+00 1.992404389381408691e+01 2.300000000000000000e+01 0.000000000000000000e+00
9.623000000000006438e+00 1.992404389381408691e+01 2.400000000000000000e+01 0.000000000000000000e+00
9.738000000000006651e+00 1.992404389381408691e+01 2.500000000000000000e+01 0.000000000000000000e+00
9.845000000000005969e+00 1.992404389381408691e+01 2.600000000000000000e+01 0.000000000000000000e+00
1.003700000000000436e+01 1.992404389381408691e+01 2.700000000000000000e+01 0.000000000000000000e+00
1.040100000000000513e+01 1.992404389381408691e+01 2.800000000000000000e+01 0.000000000000000000e+00
1.052100000000000435e+01 1.992404389381408691e+01 2.900000000000000000e+01 0.000000000000000000e+00
1.064700000000000379e+01 1.992404389381408691e+01 3.000000000000000000e+01 0.000000000000000000e+00
1.052600000000000335e+01 1.992404389381408691e+01 3.100000000000000000e+01 0.000000000000000000e+00
1.095000000000000284e+01 1.992404389381408691e+01 3.200000000000000000e+01 0.000000000000000000e+00
1.111600000000000144e+01 1.992404389381408691e+01 3.300000000000000000e+01 0.000000000000000000e+00
7.498000000000000220e+00 1.992404389381408691e+01 3.400000000000000000e+01 0.000000000000000000e+00
1.165600000000000236e+01 1.992404389381408691e+01 3.500000000000000000e+01 0.000000000000000000e+00
1.172500000000000320e+01 1.992404389381408691e+01 3.600000000000000000e+01 0.000000000000000000e+00
1.208000000000000185e+01 1.992404389381408691e+01 3.700000000000000000e+01 0.000000000000000000e+00
1.216900000000000226e+01 1.992404389381408691e+01 3.800000000000000000e+01 0.000000000000000000e+00
1.244100000000000072e+01 1.992404389381408691e+01 3.900000000000000000e+01 0.000000000000000000e+00
1.262700000000000244e+01 1.992404389381408691e+01 4.000000000000000000e+01 0.000000000000000000e+00
1.259900000000000198e+01 1.992404389381408691e+01 4.100000000000000000e+01 0.000000000000000000e+00
1.275800000000000445e+01 1.992404389381408691e+01 4.200000000000000000e+01 0.000000000000000000e+00
1.306800000000000495e+01 1.992404389381408691e+01 4.300000000000000000e+01 0.000000000000000000e+00
1.291400000000000503e+01 1.992404389381408691e+01 4.400000000000000000e+01 0.000000000000000000e+00
1.354600000000000293e+01 1.992404389381408691e+01 4.500000000000000000e+01 0.000000000000000000e+00
1.358500000000000263e+01 1.992404389381408691e+01 4.600000000000000000e+01 0.000000000000000000e+00
1.361400000000000077e+01 1.992404389381408691e+01 4.700000000000000000e+01 0.000000000000000000e+00
1.392600000000000016e+01 1.992404389381408691e+01 4.800000000000000000e+01 0.000000000000000000e+00
1.380699999999999861e+01 1.992404389381408691e+01 4.900000000000000000e+01 0.000000000000000000e+00
1.433100000000000129e+01 1.992404389381408691e+01 5.000000000000000000e+01 0.000000000000000000e+00
1.458899999999999864e+01 1.992404389381408691e+01 5.100000000000000000e+01 0.000000000000000000e+00
1.442299999999999471e+01 1.992404389381408691e+01 5.200000000000000000e+01 0.000000000000000000e+00
1.507399999999999451e+01 1.992404389381408691e+01 5.300000000000000000e+01 0.000000000000000000e+00
1.515999999999999304e+01 1.992404389381408691e+01 5.400000000000000000e+01 0.000000000000000000e+00
1.546499999999999098e+01 1.992404389381408691e+01 5.500000000000000000e+01 0.000000000000000000e+00
1.516599999999999149e+01 1.992404389381408691e+01 5.600000000000000000e+01 0.000000000000000000e+00
1.569599999999999262e+01 1.992404389381408691e+01 5.700000000000000000e+01 0.000000000000000000e+00
1.607799999999998875e+01 1.992404389381408691e+01 5.800000000000000000e+01 0.000000000000000000e+00
1.593899999999999118e+01 1.992404389381408691e+01 5.900000000000000000e+01 0.000000000000000000e+00
1.631499999999999062e+01 1.992404389381408691e+01 6.000000000000000000e+01 0.000000000000000000e+00
1.661399999999999011e+01 1.992404389381408691e+01 6.100000000000000000e+01 0.000000000000000000e+00
1.051600000000001245e+01 1.992404389381408691e+01 6.200000000000000000e+01 0.000000000000000000e+00
1.702899999999999636e+01 1.992404389381408691e+01 6.300000000000000000e+01 0.000000000000000000e+00
1.769399999999999906e+01 1.992404389381408691e+01 6.400000000000000000e+01 0.000000000000000000e+00
1.089000000000003254e+01 1.992404389381408691e+01 6.500000000000000000e+01 0.000000000000000000e+00
1.772300000000000253e+01 1.992404389381408691e+01 6.600000000000000000e+01 0.000000000000000000e+00
1.818900000000001427e+01 1.992404389381408691e+01 6.700000000000000000e+01 0.000000000000000000e+00
1.828400000000002024e+01 1.992404389381408691e+01 6.800000000000000000e+01 0.000000000000000000e+00
1.900100000000004385e+01 1.992404389381408691e+01 6.900000000000000000e+01 0.000000000000000000e+00
1.165100000000006375e+01 1.992404389381408691e+01 7.000000000000000000e+01 0.000000000000000000e+00
1.951800000000008595e+01 1.992404389381408691e+01 7.100000000000000000e+01 0.000000000000000000e+00
0.000000000000000000e+00 1.992404389381408691e+01 0.000000000000000000e+00 0.000000000000000000e+00
1.992404389381408691e+01 1.992404389381408691e+01 0.000000000000000000e+00 0.000000000000000000e+00
1.992404389381408691e+01 1.992404389381408691e+01 0.000000000000000000e+00 0.000000000000000000e+00
2.408999999999999808e+00 1.975775504112243652e+01 0.000000000000000000e+00 0.000000000000000000e+00
3.305999999999999606e+00 1.975775504112243652e+01 1.000000000000000000e+00 0.000000000000000000e+00
4.233999999999999986e+00 1.975775504112243652e+01 2.000000000000000000e+00 0.000000000000000000e+00
4.448999999999999844e+00 1.975775504112243652e+01 3.000000000000000000e+00 0.000000000000000000e+00
4.641999999999999460e+00 1.975775504112243652e+01 4.000000000000000000e+00 0.000000000000000000e+00
5.024999999999999467e+00 1.975775504112243652e+01 5.000000000000000000e+00 0.000000000000000000e+00
5.516999999999999460e+00 1.975775504112243652e+01 6.000000000000000000e+00 0.000000000000000000e+00
5.874999999999999112e+00 1.975775504112243652e+01 7.000000000000000000e+00 0.000000000000000000e+00
5.874999999999999112e+00 1.975775504112243652e+01 8.000000000000000000e+00 0.000000000000000000e+00
0.000000000000000000e+00 1.975775504112243652e+01 9.000000000000000000e+00 0.000000000000000000e+00
6.251999999999999780e+00 1.975775504112243652e+01 1.000000000000000000e+01 0.000000000000000000e+00
6.413999999999999702e+00 1.975775504112243652e+01 1.100000000000000000e+01 0.000000000000000000e+00
4.564000000000000057e+00 1.975775504112243652e+01 1.200000000000000000e+01 0.000000000000000000e+00
6.735999999999999766e+00 1.975775504112243652e+01 1.300000000000000000e+01 0.000000000000000000e+00
6.904999999999999361e+00 1.975775504112243652e+01 1.400000000000000000e+01 0.000000000000000000e+00
7.048999999999999488e+00 1.975775504112243652e+01 1.500000000000000000e+01 0.000000000000000000e+00
7.355999999999999872e+00 1.975775504112243652e+01 1.600000000000000000e+01 0.000000000000000000e+00
7.509999999999999787e+00 1.975775504112243652e+01 1.700000000000000000e+01 0.000000000000000000e+00
7.788999999999999702e+00 1.975775504112243652e+01 1.800000000000000000e+01 0.000000000000000000e+00
7.590999999999999304e+00 1.975775504112243652e+01 1.900000000000000000e+01 0.000000000000000000e+00
8.179999999999999716e+00 1.975775504112243652e+01 2.000000000000000000e+01 0.000000000000000000e+00
8.307000000000000384e+00 1.975775504112243652e+01 2.100000000000000000e+01 0.000000000000000000e+00
8.289999999999999147e+00 1.975775504112243652e+01 2.200000000000000000e+01 0.000000000000000000e+00
8.400999999999999801e+00 1.975775504112243652e+01 2.300000000000000000e+01 0.000000000000000000e+00
8.564999999999999503e+00 1.975775504112243652e+01 2.400000000000000000e+01 0.000000000000000000e+00
8.888999999999999346e+00 1.975775504112243652e+01 2.500000000000000000e+01 0.000000000000000000e+00
8.978999999999999204e+00 1.975775504112243652e+01 2.600000000000000000e+01 0.000000000000000000e+00
8.978999999999999204e+00 1.975775504112243652e+01 2.700000000000000000e+01 0.000000000000000000e+00
9.300000000000000711e+00 1.975775504112243652e+01 2.800000000000000000e+01 0.000000000000000000e+00
9.499000000000000554e+00 1.975775504112243652e+01 2.900000000000000000e+01 0.000000000000000000e+00
9.679000000000000270e+00 1.975775504112243652e+01 3.000000000000000000e+01 0.000000000000000000e+00
9.679000000000000270e+00 1.975775504112243652e+01 3.100000000000000000e+01 0.000000000000000000e+00
1.003999999999999915e+01 1.975775504112243652e+01 3.200000000000000000e+01 0.000000000000000000e+00
9.877999999999998337e+00 1.975775504112243652e+01 3.300000000000000000e+01 0.000000000000000000e+00
1.025100000000000122e+01 1.975775504112243652e+01 3.400000000000000000e+01 0.000000000000000000e+00
1.042100000000000115e+01 1.975775504112243652e+01 3.500000000000000000e+01 0.000000000000000000e+00
1.038000000000000078e+01 1.975775504112243652e+01 3.600000000000000000e+01 0.000000000000000000e+00
1.076700000000000124e+01 1.975775504112243652e+01 3.700000000000000000e+01 0.000000000000000000e+00
1.094800000000000217e+01 1.975775504112243652e+01 3.800000000000000000e+01 0.000000000000000000e+00
1.096900000000000297e+01 1.975775504112243652e+01 3.900000000000000000e+01 0.000000000000000000e+00
1.130600000000000271e+01 1.975775504112243652e+01 4.000000000000000000e+01 0.000000000000000000e+00
1.147200000000000308e+01 1.975775504112243652e+01 4.100000000000000000e+01 0.000000000000000000e+00
1.134100000000000108e+01 1.975775504112243652e+01 4.200000000000000000e+01 0.000000000000000000e+00
1.185100000000000442e+01 1.975775504112243652e+01 4.300000000000000000e+01 0.000000000000000000e+00
1.210600000000000342e+01 1.975775504112243652e+01 4.400000000000000000e+01 0.000000000000000000e+00
7.644999999999999574e+00 1.975775504112243652e+01 4.500000000000000000e+01 0.000000000000000000e+00
1.261000000000000476e+01 1.975775504112243652e+01 4.600000000000000000e+01 0.000000000000000000e+00
7.641999999999999460e+00 1.975775504112243652e+01 4.700000000000000000e+01 0.000000000000000000e+00
1.266200000000000436e+01 1.975775504112243652e+01 4.800000000000000000e+01 0.000000000000000000e+00
7.875999999999999446e+00 1.975775504112243652e+01 4.900000000000000000e+01 0.000000000000000000e+00
1.351100000000000279e+01 1.975775504112243652e+01 5.000000000000000000e+01 0.000000000000000000e+00
1.347200000000000308e+01 1.975775504112243652e+01 5.100000000000000000e+01 0.000000000000000000e+00
1.382299999999999862e+01 1.975775504112243652e+01 5.200000000000000000e+01 0.000000000000000000e+00
1.395199999999999996e+01 1.975775504112243652e+01 5.300000000000000000e+01 0.000000000000000000e+00
1.436300000000000132e+01 1.975775504112243652e+01 5.400000000000000000e+01 0.000000000000000000e+00
1.452699999999999925e+01 1.975775504112243652e+01 5.500000000000000000e+01 0.000000000000000000e+00
1.490800000000000125e+01 1.975775504112243652e+01 5.600000000000000000e+01 0.000000000000000000e+00
1.489700000000000024e+01 1.975775504112243652e+01 5.700000000000000000e+01 0.000000000000000000e+00
1.532000000000000028e+01 1.975775504112243652e+01 5.800000000000000000e+01 0.000000000000000000e+00
9.597999999999997200e+00 1.975775504112243652e+01 5.900000000000000000e+01 0.000000000000000000e+00
1.555100000000000371e+01 1.975775504112243652e+01 6.000000000000000000e+01 0.000000000000000000e+00
1.576600000000000534e+01 1.975775504112243652e+01 6.100000000000000000e+01 0.000000000000000000e+00
1.596300000000001162e+01 1.975775504112243652e+01 6.200000000000000000e+01 0.000000000000000000e+00
1.646000000000002217e+01 1.975775504112243652e+01 6.300000000000000000e+01 0.000000000000000000e+00
1.667100000000001714e+01 1.975775504112243652e+01 6.400000000000000000e+01 0.000000000000000000e+00
1.679700000000002902e+01 1.975775504112243652e+01 6.500000000000000000e+01 0.000000000000000000e+00
1.727700000000004366e+01 1.975775504112243652e+01 6.600000000000000000e+01 0.000000000000000000e+00
1.752700000000005431e+01 1.975775504112243652e+01 6.700000000000000000e+01 0.000000000000000000e+00
1.836600000000007071e+01 1.975775504112243652e+01 6.800000000000000000e+01 0.000000000000000000e+00
1.830500000000007788e+01 1.975775504112243652e+01 6.900000000000000000e+01 0.000000000000000000e+00
1.876300000000009405e+01 1.975775504112243652e+01 7.000000000000000000e+01 0.000000000000000000e+00
1.954400000000011417e+01 1.975775504112243652e+01 7.100000000000000000e+01 0.000000000000000000e+00
0.000000000000000000e+00 1.975775504112243652e+01 0.000000000000000000e+00 0.000000000000000000e+00
1.975775504112243652e+01 1.975775504112243652e+01 0.000000000000000000e+00 0.000000000000000000e+00
1.975775504112243652e+01 1.975775504112243652e+01 0.000000000000000000e+00 0.000000000000000000e+00
2.002000000000000224e+00 1.929690647125244141e+01 0.000000000000000000e+00 0.000000000000000000e+00
2.890000000000000124e+00 1.929690647125244141e+01 1.000000000000000000e+00 0.000000000000000000e+00
3.353000000000000203e+00 1.929690647125244141e+01 2.000000000000000000e+00 0.000000000000000000e+00
3.978000000000000647e+00 1.929690647125244141e+01 3.000000000000000000e+00 0.000000000000000000e+00
4.174000000000000377e+00 1.929690647125244141e+01 4.000000000000000000e+00 0.000000000000000000e+00
4.828999999999999737e+00 1.929690647125244141e+01 5.000000000000000000e+00 0.000000000000000000e+00
5.032999999999999474e+00 1.929690647125244141e+01 6.000000000000000000e+00 0.000000000000000000e+00
5.023999999999999133e+00 1.929690647125244141e+01 7.000000000000000000e+00 0.000000000000000000e+00
5.616999999999999105e+00 1.929690647125244141e+01 8.000000000000000000e+00 0.000000000000000000e+00
5.982999999999998764e+00 1.929690647125244141e+01 9.000000000000000000e+00 0.000000000000000000e+00
5.982999999999998764e+00 1.929690647125244141e+01 1.000000000000000000e+01 0.000000000000000000e+00
6.521999999999999353e+00 1.929690647125244141e+01 1.100000000000000000e+01 0.000000000000000000e+00
6.685999999999999055e+00 1.929690647125244141e+01 1.200000000000000000e+01 0.000000000000000000e+00
6.886999999999998678e+00 1.929690647125244141e+01 1.300000000000000000e+01 0.000000000000000000e+00
6.816999999999999282e+00 1.929690647125244141e+01 1.400000000000000000e+01 0.000000000000000000e+00
7.206999999999998963e+00 1.929690647125244141e+01 1.500000000000000000e+01 0.000000000000000000e+00
7.518999999999999240e+00 1.929690647125244141e+01 1.600000000000000000e+01 0.000000000000000000e+00
7.518999999999999240e+00 1.929690647125244141e+01 1.700000000000000000e+01 0.000000000000000000e+00
7.793999999999999595e+00 1.929690647125244141e+01 1.800000000000000000e+01 0.000000000000000000e+00
7.981999999999999318e+00 1.929690647125244141e+01 1.900000000000000000e+01 0.000000000000000000e+00
8.138999999999999346e+00 1.929690647125244141e+01 2.000000000000000000e+01 0.000000000000000000e+00
8.250999999999999446e+00 1.929690647125244141e+01 2.100000000000000000e+01 0.000000000000000000e+00
8.614999999999998437e+00 1.929690647125244141e+01 2.200000000000000000e+01 0.000000000000000000e+00
8.614999999999998437e+00 1.929690647125244141e+01 2.300000000000000000e+01 0.000000000000000000e+00
8.547999999999998266e+00 1.929690647125244141e+01 2.400000000000000000e+01 0.000000000000000000e+00
8.730999999999996319e+00 1.929690647125244141e+01 2.500000000000000000e+01 0.000000000000000000e+00
9.032999999999997698e+00 1.929690647125244141e+01 2.600000000000000000e+01 0.000000000000000000e+00
9.236999999999996547e+00 1.929690647125244141e+01 2.700000000000000000e+01 0.000000000000000000e+00
9.395999999999995467e+00 1.929690647125244141e+01 2.800000000000000000e+01 0.000000000000000000e+00
9.511999999999996902e+00 1.929690647125244141e+01 2.900000000000000000e+01 0.000000000000000000e+00
9.607999999999995211e+00 1.929690647125244141e+01 3.000000000000000000e+01 0.000000000000000000e+00
1.011699999999999555e+01 1.929690647125244141e+01 3.100000000000000000e+01 0.000000000000000000e+00
1.012799999999999478e+01 1.929690647125244141e+01 3.200000000000000000e+01 0.000000000000000000e+00
6.679999999999997051e+00 1.929690647125244141e+01 3.300000000000000000e+01 0.000000000000000000e+00
1.065399999999999281e+01 1.929690647125244141e+01 3.400000000000000000e+01 0.000000000000000000e+00
1.069099999999999362e+01 1.929690647125244141e+01 3.500000000000000000e+01 0.000000000000000000e+00
1.080399999999999494e+01 1.929690647125244141e+01 3.600000000000000000e+01 0.000000000000000000e+00
1.113099999999999490e+01 1.929690647125244141e+01 3.700000000000000000e+01 0.000000000000000000e+00
1.125199999999999534e+01 1.929690647125244141e+01 3.800000000000000000e+01 0.000000000000000000e+00
1.125299999999999478e+01 1.929690647125244141e+01 3.900000000000000000e+01 0.000000000000000000e+00
1.172199999999999420e+01 1.929690647125244141e+01 4.000000000000000000e+01 0.000000000000000000e+00
1.202299999999999258e+01 1.929690647125244141e+01 4.100000000000000000e+01 0.000000000000000000e+00
1.207699999999999285e+01 1.929690647125244141e+01 4.200000000000000000e+01 0.000000000000000000e+00
1.239799999999999258e+01 1.929690647125244141e+01 4.300000000000000000e+01 0.000000000000000000e+00
7.574999999999996625e+00 1.929690647125244141e+01 4.400000000000000000e+01 0.000000000000000000e+00
1.285999999999999233e+01 1.929690647125244141e+01 4.500000000000000000e+01 0.000000000000000000e+00
1.267199999999999349e+01 1.929690647125244141e+01 4.600000000000000000e+01 0.000000000000000000e+00
1.306199999999999228e+01 1.929690647125244141e+01 4.700000000000000000e+01 0.000000000000000000e+00
1.335199999999999143e+01 1.929690647125244141e+01 4.800000000000000000e+01 0.000000000000000000e+00
1.346899999999999231e+01 1.929690647125244141e+01 4.900000000000000000e+01 0.000000000000000000e+00
1.337899999999999068e+01 1.929690647125244141e+01 5.000000000000000000e+01 0.000000000000000000e+00
1.357999999999998941e+01 1.929690647125244141e+01 5.100000000000000000e+01 0.000000000000000000e+00
1.394399999999999018e+01 1.929690647125244141e+01 5.200000000000000000e+01 0.000000000000000000e+00
1.427799999999998626e+01 1.929690647125244141e+01 5.300000000000000000e+01 0.000000000000000000e+00
9.017999999999995353e+00 1.929690647125244141e+01 5.400000000000000000e+01 0.000000000000000000e+00
1.470099999999998630e+01 1.929690647125244141e+01 5.500000000000000000e+01 0.000000000000000000e+00
1.450999999999998558e+01 1.929690647125244141e+01 5.600000000000000000e+01 0.000000000000000000e+00
1.538699999999998624e+01 1.929690647125244141e+01 5.700000000000000000e+01 0.000000000000000000e+00
1.550499999999998479e+01 1.929690647125244141e+01 5.800000000000000000e+01 0.000000000000000000e+00
1.561399999999998300e+01 1.929690647125244141e+01 5.900000000000000000e+01 0.000000000000000000e+00
1.585299999999998377e+01 1.929690647125244141e+01 6.000000000000000000e+01 0.000000000000000000e+00
1.614199999999998525e+01 1.929690647125244141e+01 6.100000000000000000e+01 0.000000000000000000e+00
1.642699999999998539e+01 1.929690647125244141e+01 6.200000000000000000e+01 0.000000000000000000e+00
1.620999999999999019e+01 1.929690647125244141e+01 6.300000000000000000e+01 0.000000000000000000e+00
1.672499999999999432e+01 1.929690647125244141e+01 6.400000000000000000e+01 0.000000000000000000e+00
1.709400000000000830e+01 1.929690647125244141e+01 6.500000000000000000e+01 0.000000000000000000e+00
1.725100000000000833e+01 1.929690647125244141e+01 6.600000000000000000e+01 0.000000000000000000e+00
1.747500000000002629e+01 1.929690647125244141e+01 6.700000000000000000e+01 0.000000000000000000e+00
1.816200000000003101e+01 1.929690647125244141e+01 6.800000000000000000e+01 0.000000000000000000e+00
1.866400000000004766e+01 1.929690647125244141e+01 6.900000000000000000e+01 0.000000000000000000e+00
1.848400000000005505e+01 1.929690647125244141e+01 7.000000000000000000e+01 0.000000000000000000e+00
1.929600000000006332e+01 1.929690647125244141e+01 7.100000000000000000e+01 0.000000000000000000e+00
0.000000000000000000e+00 1.929690647125244141e+01 0.000000000000000000e+00 0.000000000000000000e+00
1.929690647125244141e+01 1.929690647125244141e+01 0.000000000000000000e+00 0.000000000000000000e+00
1.929690647125244141e+01 1.929690647125244141e+01 0.000000000000000000e+00 0.000000000000000000e+00
1.919999999999999929e+00 2.088700342178344727e+01 0.000000000000000000e+00 0.000000000000000000e+00
1.919999999999999929e+00 2.088700342178344727e+01 1.000000000000000000e+00 0.000000000000000000e+00
3.026999999999999691e+00 2.088700342178344727e+01 2.000000000000000000e+00 0.000000000000000000e+00
3.547999999999999599e+00 2.088700342178344727e+01 3.000000000000000000e+00 0.000000000000000000e+00
3.761999999999999567e+00 2.088700342178344727e+01 4.000000000000000000e+00 0.000000000000000000e+00
3.955999999999999517e+00 2.088700342178344727e+01 5.000000000000000000e+00 0.000000000000000000e+00
4.527000000000000135e+00 2.088700342178344727e+01 6.000000000000000000e+00 0.000000000000000000e+00
4.527000000000000135e+00 2.088700342178344727e+01 7.000000000000000000e+00 0.000000000000000000e+00
4.493999999999999773e+00 2.088700342178344727e+01 8.000000000000000000e+00 0.000000000000000000e+00
5.095000000000000639e+00 2.088700342178344727e+01 9.000000000000000000e+00 0.000000000000000000e+00
5.772000000000001130e+00 2.088700342178344727e+01 1.000000000000000000e+01 0.000000000000000000e+00
4.118000000000000327e+00 2.088700342178344727e+01 1.100000000000000000e+01 0.000000000000000000e+00
5.971000000000000973e+00 2.088700342178344727e+01 1.200000000000000000e+01 0.000000000000000000e+00
6.359000000000000874e+00 2.088700342178344727e+01 1.300000000000000000e+01 0.000000000000000000e+00
6.359000000000000874e+00 2.088700342178344727e+01 1.400000000000000000e+01 0.000000000000000000e+00
6.693000000000001393e+00 2.088700342178344727e+01 1.500000000000000000e+01 0.000000000000000000e+00
7.097000000000001307e+00 2.088700342178344727e+01 1.600000000000000000e+01 0.000000000000000000e+00
7.347000000000001307e+00 2.088700342178344727e+01 1.700000000000000000e+01 0.000000000000000000e+00
7.516000000000000902e+00 2.088700342178344727e+01 1.800000000000000000e+01 0.000000000000000000e+00
7.516000000000000902e+00 2.088700342178344727e+01 1.900000000000000000e+01 0.000000000000000000e+00
7.813000000000000611e+00 2.088700342178344727e+01 2.000000000000000000e+01 0.000000000000000000e+00
8.112000000000000099e+00 2.088700342178344727e+01 2.100000000000000000e+01 0.000000000000000000e+00
8.142000000000001236e+00 2.088700342178344727e+01 2.200000000000000000e+01 0.000000000000000000e+00
5.769000000000000128e+00 2.088700342178344727e+01 2.300000000000000000e+01 0.000000000000000000e+00
8.580000000000001847e+00 2.088700342178344727e+01 2.400000000000000000e+01 0.000000000000000000e+00
9.026000000000001577e+00 2.088700342178344727e+01 2.500000000000000000e+01 0.000000000000000000e+00
9.026000000000001577e+00 2.088700342178344727e+01 2.600000000000000000e+01 0.000000000000000000e+00
9.554000000000000270e+00 2.088700342178344727e+01 2.700000000000000000e+01 0.000000000000000000e+00
9.641000000000000014e+00 2.088700342178344727e+01 2.800000000000000000e+01 0.000000000000000000e+00
9.892000000000001236e+00 2.088700342178344727e+01 2.900000000000000000e+01 0.000000000000000000e+00
1.038500000000000156e+01 2.088700342178344727e+01 3.000000000000000000e+01 0.000000000000000000e+00
1.059600000000000186e+01 2.088700342178344727e+01 3.100000000000000000e+01 0.000000000000000000e+00
1.056900000000000261e+01 2.088700342178344727e+01 3.200000000000000000e+01 0.000000000000000000e+00
1.066499999999999915e+01 2.088700342178344727e+01 3.300000000000000000e+01 0.000000000000000000e+00
1.118299999999999983e+01 2.088700342178344727e+01 3.400000000000000000e+01 0.000000000000000000e+00
1.144500000000000206e+01 2.088700342178344727e+01 3.500000000000000000e+01 0.000000000000000000e+00
1.136000000000000476e+01 2.088700342178344727e+01 3.600000000000000000e+01 0.000000000000000000e+00
1.207900000000000240e+01 2.088700342178344727e+01 3.700000000000000000e+01 0.000000000000000000e+00
1.222700000000000387e+01 2.088700342178344727e+01 3.800000000000000000e+01 0.000000000000000000e+00
1.251300000000000345e+01 2.088700342178344727e+01 3.900000000000000000e+01 0.000000000000000000e+00
1.288200000000000500e+01 2.088700342178344727e+01 4.000000000000000000e+01 0.000000000000000000e+00
8.366999999999997328e+00 2.088700342178344727e+01 4.100000000000000000e+01 0.000000000000000000e+00
1.319500000000000561e+01 2.088700342178344727e+01 4.200000000000000000e+01 0.000000000000000000e+00
1.348500000000000654e+01 2.088700342178344727e+01 4.300000000000000000e+01 0.000000000000000000e+00
1.371200000000000507e+01 2.088700342178344727e+01 4.400000000000000000e+01 0.000000000000000000e+00
1.396600000000000463e+01 2.088700342178344727e+01 4.500000000000000000e+01 0.000000000000000000e+00
1.412800000000000544e+01 2.088700342178344727e+01 4.600000000000000000e+01 0.000000000000000000e+00
1.408700000000000507e+01 2.088700342178344727e+01 4.700000000000000000e+01 0.000000000000000000e+00
1.470200000000000529e+01 2.088700342178344727e+01 4.800000000000000000e+01 0.000000000000000000e+00
9.518000000000000682e+00 2.088700342178344727e+01 4.900000000000000000e+01 0.000000000000000000e+00
1.492100000000000470e+01 2.088700342178344727e+01 5.000000000000000000e+01 0.000000000000000000e+00
1.500200000000000422e+01 2.088700342178344727e+01 5.100000000000000000e+01 0.000000000000000000e+00
1.513100000000000378e+01 2.088700342178344727e+01 5.200000000000000000e+01 0.000000000000000000e+00
1.543100000000000271e+01 2.088700342178344727e+01 5.300000000000000000e+01 0.000000000000000000e+00
1.541800000000000281e+01 2.088700342178344727e+01 5.400000000000000000e+01 0.000000000000000000e+00
1.556500000000000306e+01 2.088700342178344727e+01 5.500000000000000000e+01 0.000000000000000000e+00
1.582800000000000473e+01 2.088700342178344727e+01 5.600000000000000000e+01 0.000000000000000000e+00
1.600400000000000134e+01 2.088700342178344727e+01 5.700000000000000000e+01 0.000000000000000000e+00
1.619000000000000128e+01 2.088700342178344727e+01 5.800000000000000000e+01 0.000000000000000000e+00
1.654699999999999704e+01 2.088700342178344727e+01 5.900000000000000000e+01 0.000000000000000000e+00
1.682399999999999451e+01 2.088700342178344727e+01 6.000000000000000000e+01 0.000000000000000000e+00
1.708999999999999275e+01 2.088700342178344727e+01 6.100000000000000000e+01 0.000000000000000000e+00
1.698699999999999832e+01 2.088700342178344727e+01 6.200000000000000000e+01 0.000000000000000000e+00
1.754100000000000037e+01 2.088700342178344727e+01 6.300000000000000000e+01 0.000000000000000000e+00
1.778400000000001313e+01 2.088700342178344727e+01 6.400000000000000000e+01 0.000000000000000000e+00
1.103200000000001246e+01 2.088700342178344727e+01 6.500000000000000000e+01 0.000000000000000000e+00
1.839900000000001512e+01 2.088700342178344727e+01 6.600000000000000000e+01 0.000000000000000000e+00
1.902900000000003189e+01 2.088700342178344727e+01 6.700000000000000000e+01 0.000000000000000000e+00
1.883400000000003871e+01 2.088700342178344727e+01 6.800000000000000000e+01 0.000000000000000000e+00
1.952500000000005542e+01 2.088700342178344727e+01 6.900000000000000000e+01 0.000000000000000000e+00
2.006500000000007233e+01 2.088700342178344727e+01 7.000000000000000000e+01 0.000000000000000000e+00
2.084900000000008902e+01 2.088700342178344727e+01 7.100000000000000000e+01 0.000000000000000000e+00
0.000000000000000000e+00 2.088700342178344727e+01 0.000000000000000000e+00 0.000000000000000000e+00
2.088700342178344727e+01 2.088700342178344727e+01 0.000000000000000000e+00 0.000000000000000000e+00
2.088700342178344727e+01 2.088700342178344727e+01 0.000000000000000000e+00 0.000000000000000000e+00
2.685000000000000053e+00 2.016403555870056152e+01 0.000000000000000000e+00 0.000000000000000000e+00
2.879999999999999893e+00 2.016403555870056152e+01 1.000000000000000000e+00 0.000000000000000000e+00
3.348999999999999755e+00 2.016403555870056152e+01 2.000000000000000000e+00 0.000000000000000000e+00
3.793000000000000149e+00 2.016403555870056152e+01 3.000000000000000000e+00 0.000000000000000000e+00
4.853000000000000647e+00 2.016403555870056152e+01 4.000000000000000000e+00 0.000000000000000000e+00
5.248000000000000220e+00 2.016403555870056152e+01 5.000000000000000000e+00 0.000000000000000000e+00
5.491999999999999993e+00 2.016403555870056152e+01 6.000000000000000000e+00 0.000000000000000000e+00
5.709999999999999964e+00 2.016403555870056152e+01 7.000000000000000000e+00 0.000000000000000000e+00
6.059000000000000163e+00 2.016403555870056152e+01 8.000000000000000000e+00 0.000000000000000000e+00
6.059000000000000163e+00 2.016403555870056152e+01 9.000000000000000000e+00 0.000000000000000000e+00
6.389999999999999680e+00 2.016403555870056152e+01 1.000000000000000000e+01 0.000000000000000000e+00
6.711999999999999744e+00 2.016403555870056152e+01 1.100000000000000000e+01 0.000000000000000000e+00
7.027999999999999581e+00 2.016403555870056152e+01 1.200000000000000000e+01 0.000000000000000000e+00
7.006999999999999673e+00 2.016403555870056152e+01 1.300000000000000000e+01 0.000000000000000000e+00
7.325999999999999623e+00 2.016403555870056152e+01 1.400000000000000000e+01 0.000000000000000000e+00
7.794000000000000483e+00 2.016403555870056152e+01 1.500000000000000000e+01 0.000000000000000000e+00
7.794000000000000483e+00 2.016403555870056152e+01 1.600000000000000000e+01 0.000000000000000000e+00
7.783000000000000362e+00 2.016403555870056152e+01 1.700000000000000000e+01 0.000000000000000000e+00
8.342000000000000526e+00 2.016403555870056152e+01 1.800000000000000000e+01 0.000000000000000000e+00
8.342000000000000526e+00 2.016403555870056152e+01 1.900000000000000000e+01 0.000000000000000000e+00
8.475000000000001421e+00 2.016403555870056152e+01 2.000000000000000000e+01 0.000000000000000000e+00
8.561000000000001720e+00 2.016403555870056152e+01 2.100000000000000000e+01 0.000000000000000000e+00
8.971000000000001862e+00 2.016403555870056152e+01 2.200000000000000000e+01 0.000000000000000000e+00
9.081000000000001293e+00 2.016403555870056152e+01 2.300000000000000000e+01 0.000000000000000000e+00
9.192999999999999616e+00 2.016403555870056152e+01 2.400000000000000000e+01 0.000000000000000000e+00
6.482999999999998764e+00 2.016403555870056152e+01 2.500000000000000000e+01 0.000000000000000000e+00
9.592999999999998195e+00 2.016403555870056152e+01 2.600000000000000000e+01 0.000000000000000000e+00
9.910000000000000142e+00 2.016403555870056152e+01 2.700000000000000000e+01 0.000000000000000000e+00
1.029800000000000004e+01 2.016403555870056152e+01 2.800000000000000000e+01 0.000000000000000000e+00
1.041900000000000048e+01 2.016403555870056152e+01 2.900000000000000000e+01 0.000000000000000000e+00
1.067800000000000082e+01 2.016403555870056152e+01 3.000000000000000000e+01 0.000000000000000000e+00
1.095800000000000018e+01 2.016403555870056152e+01 3.100000000000000000e+01 0.000000000000000000e+00
1.125300000000000011e+01 2.016403555870056152e+01 3.200000000000000000e+01 0.000000000000000000e+00
1.136800000000000033e+01 2.016403555870056152e+01 3.300000000000000000e+01 0.000000000000000000e+00
1.154800000000000004e+01 2.016403555870056152e+01 3.400000000000000000e+01 0.000000000000000000e+00
1.187599999999999945e+01 2.016403555870056152e+01 3.500000000000000000e+01 0.000000000000000000e+00
1.184699999999999775e+01 2.016403555870056152e+01 3.600000000000000000e+01 0.000000000000000000e+00
1.194799999999999862e+01 2.016403555870056152e+01 3.700000000000000000e+01 0.000000000000000000e+00
1.213899999999999935e+01 2.016403555870056152e+01 3.800000000000000000e+01 0.000000000000000000e+00
1.240099999999999980e+01 2.016403555870056152e+01 3.900000000000000000e+01 0.000000000000000000e+00
1.270400000000000063e+01 2.016403555870056152e+01 4.000000000000000000e+01 0.000000000000000000e+00
1.292900000000000027e+01 2.016403555870056152e+01 4.100000000000000000e+01 0.000000000000000000e+00
1.307000000000000028e+01 2.016403555870056152e+01 4.200000000000000000e+01 0.000000000000000000e+00
1.327300000000000146e+01 2.016403555870056152e+01 4.300000000000000000e+01 0.000000000000000000e+00
1.349200000000000088e+01 2.016403555870056152e+01 4.400000000000000000e+01 0.000000000000000000e+00
1.397500000000000320e+01 2.016403555870056152e+01 4.500000000000000000e+01 0.000000000000000000e+00
1.384700000000000308e+01 2.016403555870056152e+01 4.600000000000000000e+01 0.000000000000000000e+00
1.428800000000000381e+01 2.016403555870056152e+01 4.700000000000000000e+01 0.000000000000000000e+00
1.429300000000000459e+01 2.016403555870056152e+01 4.800000000000000000e+01 0.000000000000000000e+00
1.443700000000000649e+01 2.016403555870056152e+01 4.900000000000000000e+01 0.000000000000000000e+00
1.496100000000000918e+01 2.016403555870056152e+01 5.000000000000000000e+01 0.000000000000000000e+00
9.052999999999997272e+00 2.016403555870056152e+01 5.100000000000000000e+01 0.000000000000000000e+00
1.531400000000000894e+01 2.016403555870056152e+01 5.200000000000000000e+01 0.000000000000000000e+00
1.530500000000000860e+01 2.016403555870056152e+01 5.300000000000000000e+01 0.000000000000000000e+00
1.533600000000000918e+01 2.016403555870056152e+01 5.400000000000000000e+01 0.000000000000000000e+00
1.594500000000001272e+01 2.016403555870056152e+01 5.500000000000000000e+01 0.000000000000000000e+00
1.602000000000001378e+01 2.016403555870056152e+01 5.600000000000000000e+01 0.000000000000000000e+00
1.611200000000000898e+01 2.016403555870056152e+01 5.700000000000000000e+01 0.000000000000000000e+00
1.651200000000000401e+01 2.016403555870056152e+01 5.800000000000000000e+01 0.000000000000000000e+00
1.671199999999999619e+01 2.016403555870056152e+01 5.900000000000000000e+01 0.000000000000000000e+00
1.642400000000000304e+01 2.016403555870056152e+01 6.000000000000000000e+01 0.000000000000000000e+00
1.699300000000000210e+01 2.016403555870056152e+01 6.100000000000000000e+01 0.000000000000000000e+00
1.733800000000000807e+01 2.016403555870056152e+01 6.200000000000000000e+01 0.000000000000000000e+00
1.095100000000001828e+01 2.016403555870056152e+01 6.300000000000000000e+01 0.000000000000000000e+00
1.764500000000001378e+01 2.016403555870056152e+01 6.400000000000000000e+01 0.000000000000000000e+00
1.801700000000001367e+01 2.016403555870056152e+01 6.500000000000000000e+01 0.000000000000000000e+00
1.820600000000002083e+01 2.016403555870056152e+01 6.600000000000000000e+01 0.000000000000000000e+00
1.822600000000003817e+01 2.016403555870056152e+01 6.700000000000000000e+01 0.000000000000000000e+00
1.911400000000003985e+01 2.016403555870056152e+01 6.800000000000000000e+01 0.000000000000000000e+00
1.906500000000004391e+01 2.016403555870056152e+01 6.900000000000000000e+01 0.000000000000000000e+00
1.951800000000005042e+01 2.016403555870056152e+01 7.000000000000000000e+01 0.000000000000000000e+00
2.017900000000006244e+01 2.016403555870056152e+01 7.100000000000000000e+01 0.000000000000000000e+00
0.000000000000000000e+00 2.016403555870056152e+01 0.000000000000000000e+00 0.000000000000000000e+00
2.016403555870056152e+01 2.016403555870056152e+01 0.000000000000000000e+00 0.000000000000000000e+00
2.016403555870056152e+01 2.016403555870056152e+01 0.000000000000000000e+00 0.000000000000000000e+00
3.209999999999999964e+00 2.168574190139770508e+01 0.000000000000000000e+00 0.000000000000000000e+00
4.179999999999999716e+00 2.168574190139770508e+01 1.000000000000000000e+00 0.000000000000000000e+00
4.380999999999999339e+00 2.168574190139770508e+01 2.000000000000000000e+00 0.000000000000000000e+00
5.051999999999999602e+00 2.168574190139770508e+01 3.000000000000000000e+00 0.000000000000000000e+00
5.487000000000000099e+00 2.168574190139770508e+01 4.000000000000000000e+00 0.000000000000000000e+00
5.714999999999999858e+00 2.168574190139770508e+01 5.000000000000000000e+00 0.000000000000000000e+00
5.891999999999999460e+00 2.168574190139770508e+01 6.000000000000000000e+00 0.000000000000000000e+00
6.325999999999999623e+00 2.168574190139770508e+01 7.000000000000000000e+00 0.000000000000000000e+00
6.502999999999999226e+00 2.168574190139770508e+01 8.000000000000000000e+00 0.000000000000000000e+00
6.701999999999999069e+00 2.168574190139770508e+01 9.000000000000000000e+00 0.000000000000000000e+00
6.907999999999999474e+00 2.168574190139770508e+01 1.000000000000000000e+01 0.000000000000000000e+00
7.264999999999998792e+00 2.168574190139770508e+01 1.100000000000000000e+01 0.000000000000000000e+00
7.594999999999998863e+00 2.168574190139770508e+01 1.200000000000000000e+01 0.000000000000000000e+00
7.505999999999998451e+00 2.168574190139770508e+01 1.300000000000000000e+01 0.000000000000000000e+00
8.065999999999998948e+00 2.168574190139770508e+01 1.400000000000000000e+01 0.000000000000000000e+00
8.357999999999998764e+00 2.168574190139770508e+01 1.500000000000000000e+01 0.000000000000000000e+00
8.125999999999997669e+00 2.168574190139770508e+01 1.600000000000000000e+01 0.000000000000000000e+00
8.518999999999998352e+00 2.168574190139770508e+01 1.700000000000000000e+01 0.000000000000000000e+00
8.518999999999998352e+00 2.168574190139770508e+01 1.800000000000000000e+01 0.000000000000000000e+00
8.527999999999996916e+00 2.168574190139770508e+01 1.900000000000000000e+01 0.000000000000000000e+00
9.076999999999998181e+00 2.168574190139770508e+01 2.000000000000000000e+01 0.000000000000000000e+00
6.420999999999998487e+00 2.168574190139770508e+01 2.100000000000000000e+01 0.000000000000000000e+00
9.325999999999996959e+00 2.168574190139770508e+01 2.200000000000000000e+01 0.000000000000000000e+00
9.266999999999997684e+00 2.168574190139770508e+01 2.300000000000000000e+01 0.000000000000000000e+00
9.380999999999998451e+00 2.168574190139770508e+01 2.400000000000000000e+01 0.000000000000000000e+00
9.682999999999999829e+00 2.168574190139770508e+01 2.500000000000000000e+01 0.000000000000000000e+00
6.724999999999997868e+00 2.168574190139770508e+01 2.600000000000000000e+01 0.000000000000000000e+00
9.932999999999996277e+00 2.168574190139770508e+01 2.700000000000000000e+01 0.000000000000000000e+00
1.072199999999999953e+01 2.168574190139770508e+01 2.800000000000000000e+01 0.000000000000000000e+00
1.072199999999999953e+01 2.168574190139770508e+01 2.900000000000000000e+01 0.000000000000000000e+00
1.066099999999999959e+01 2.168574190139770508e+01 3.000000000000000000e+01 0.000000000000000000e+00
1.136099999999999888e+01 2.168574190139770508e+01 3.100000000000000000e+01 0.000000000000000000e+00
7.140999999999997350e+00 2.168574190139770508e+01 3.200000000000000000e+01 0.000000000000000000e+00
1.188199999999999967e+01 2.168574190139770508e+01 3.300000000000000000e+01 0.000000000000000000e+00
1.204599999999999937e+01 2.168574190139770508e+01 3.400000000000000000e+01 0.000000000000000000e+00
1.235599999999999987e+01 2.168574190139770508e+01 3.500000000000000000e+01 0.000000000000000000e+00
1.263600000000000101e+01 2.168574190139770508e+01 3.600000000000000000e+01 0.000000000000000000e+00
1.292700000000000138e+01 2.168574190139770508e+01 3.700000000000000000e+01 0.000000000000000000e+00
1.314700000000000202e+01 2.168574190139770508e+01 3.800000000000000000e+01 0.000000000000000000e+00
1.353700000000000259e+01 2.168574190139770508e+01 3.900000000000000000e+01 0.000000000000000000e+00
1.363300000000000090e+01 2.168574190139770508e+01 4.000000000000000000e+01 0.000000000000000000e+00
1.387800000000000189e+01 2.168574190139770508e+01 4.100000000000000000e+01 0.000000000000000000e+00
1.423500000000000298e+01 2.168574190139770508e+01 4.200000000000000000e+01 0.000000000000000000e+00
1.415200000000000280e+01 2.168574190139770508e+01 4.300000000000000000e+01 0.000000000000000000e+00
1.428800000000000026e+01 2.168574190139770508e+01 4.400000000000000000e+01 0.000000000000000000e+00
1.474100000000000144e+01 2.168574190139770508e+01 4.500000000000000000e+01 0.000000000000000000e+00
1.492600000000000371e+01 2.168574190139770508e+01 4.600000000000000000e+01 0.000000000000000000e+00
1.531500000000000128e+01 2.168574190139770508e+01 4.700000000000000000e+01 0.000000000000000000e+00
1.512400000000000055e+01 2.168574190139770508e+01 4.800000000000000000e+01 0.000000000000000000e+00
1.566000000000000192e+01 2.168574190139770508e+01 4.900000000000000000e+01 0.000000000000000000e+00
1.581600000000000072e+01 2.168574190139770508e+01 5.000000000000000000e+01 0.000000000000000000e+00
1.579999999999999893e+01 2.168574190139770508e+01 5.100000000000000000e+01 0.000000000000000000e+00
1.636299999999999599e+01 2.168574190139770508e+01 5.200000000000000000e+01 0.000000000000000000e+00
1.055899999999999572e+01 2.168574190139770508e+01 5.300000000000000000e+01 0.000000000000000000e+00
1.652299999999998903e+01 2.168574190139770508e+01 5.400000000000000000e+01 0.000000000000000000e+00
1.697899999999998499e+01 2.168574190139770508e+01 5.500000000000000000e+01 0.000000000000000000e+00
1.710899999999998400e+01 2.168574190139770508e+01 5.600000000000000000e+01 0.000000000000000000e+00
1.736699999999998312e+01 2.168574190139770508e+01 5.700000000000000000e+01 0.000000000000000000e+00
1.723499999999998167e+01 2.168574190139770508e+01 5.800000000000000000e+01 0.000000000000000000e+00
1.752799999999997738e+01 2.168574190139770508e+01 5.900000000000000000e+01 0.000000000000000000e+00
1.788599999999997436e+01 2.168574190139770508e+01 6.000000000000000000e+01 0.000000000000000000e+00
1.820799999999997709e+01 2.168574190139770508e+01 6.100000000000000000e+01 0.000000000000000000e+00
1.845199999999998397e+01 2.168574190139770508e+01 6.200000000000000000e+01 0.000000000000000000e+00
1.876499999999998991e+01 2.168574190139770508e+01 6.300000000000000000e+01 0.000000000000000000e+00
1.890999999999999659e+01 2.168574190139770508e+01 6.400000000000000000e+01 0.000000000000000000e+00
1.945500000000000185e+01 2.168574190139770508e+01 6.500000000000000000e+01 0.000000000000000000e+00
1.967700000000000671e+01 2.168574190139770508e+01 6.600000000000000000e+01 0.000000000000000000e+00
1.976600000000001245e+01 2.168574190139770508e+01 6.700000000000000000e+01 0.000000000000000000e+00
2.047000000000002018e+01 2.168574190139770508e+01 6.800000000000000000e+01 0.000000000000000000e+00
2.103300000000004033e+01 2.168574190139770508e+01 6.900000000000000000e+01 0.000000000000000000e+00
1.252000000000003332e+01 2.168574190139770508e+01 7.000000000000000000e+01 0.000000000000000000e+00
2.145700000000006469e+01 2.168574190139770508e+01 7.100000000000000000e+01 0.000000000000000000e+00
0.000000000000000000e+00 2.168574190139770508e+01 0.000000000000000000e+00 0.000000000000000000e+00
2.168574190139770508e+01 2.168574190139770508e+01 0.000000000000000000e+00 0.000000000000000000e+00
2.168574190139770508e+01 2.168574190139770508e+01 0.000000000000000000e+00 0.000000000000000000e+00
2.903000000000000469e+00 1.972896075248718262e+01 0.000000000000000000e+00 0.000000000000000000e+00
3.857000000000000650e+00 1.972896075248718262e+01 1.000000000000000000e+00 0.000000000000000000e+00
4.359000000000000874e+00 1.972896075248718262e+01 2.000000000000000000e+00 0.000000000000000000e+00
4.772000000000000242e+00 1.972896075248718262e+01 3.000000000000000000e+00 0.000000000000000000e+00
5.185000000000000497e+00 1.972896075248718262e+01 4.000000000000000000e+00 0.000000000000000000e+00
5.185000000000000497e+00 1.972896075248718262e+01 5.000000000000000000e+00 0.000000000000000000e+00
5.643000000000000682e+00 1.972896075248718262e+01 6.000000000000000000e+00 0.000000000000000000e+00
5.829000000000000625e+00 1.972896075248718262e+01 7.000000000000000000e+00 0.000000000000000000e+00
5.829000000000000625e+00 1.972896075248718262e+01 8.000000000000000000e+00 0.000000000000000000e+00
5.783000000000000362e+00 1.972896075248718262e+01 9.000000000000000000e+00 0.000000000000000000e+00
6.224000000000000199e+00 1.972896075248718262e+01 1.000000000000000000e+01 0.000000000000000000e+00
6.599000000000000199e+00 1.972896075248718262e+01 1.100000000000000000e+01 0.000000000000000000e+00
6.416000000000000369e+00 1.972896075248718262e+01 1.200000000000000000e+01 0.000000000000000000e+00
6.775000000000000355e+00 1.972896075248718262e+01 1.300000000000000000e+01 0.000000000000000000e+00
6.919999999999999929e+00 1.972896075248718262e+01 1.400000000000000000e+01 0.000000000000000000e+00
7.251000000000000334e+00 1.972896075248718262e+01 1.500000000000000000e+01 0.000000000000000000e+00
7.251000000000000334e+00 1.972896075248718262e+01 1.600000000000000000e+01 0.000000000000000000e+00
7.538000000000000256e+00 1.972896075248718262e+01 1.700000000000000000e+01 0.000000000000000000e+00
7.823000000000000398e+00 1.972896075248718262e+01 1.800000000000000000e+01 0.000000000000000000e+00
8.076000000000000512e+00 1.972896075248718262e+01 1.900000000000000000e+01 0.000000000000000000e+00
5.452999999999999403e+00 1.972896075248718262e+01 2.000000000000000000e+01 0.000000000000000000e+00
8.367000000000000881e+00 1.972896075248718262e+01 2.100000000000000000e+01 0.000000000000000000e+00
8.603000000000001535e+00 1.972896075248718262e+01 2.200000000000000000e+01 0.000000000000000000e+00
8.733000000000000540e+00 1.972896075248718262e+01 2.300000000000000000e+01 0.000000000000000000e+00
8.821000000000001506e+00 1.972896075248718262e+01 2.400000000000000000e+01 0.000000000000000000e+00
5.967999999999999972e+00 1.972896075248718262e+01 2.500000000000000000e+01 0.000000000000000000e+00
9.336999999999999744e+00 1.972896075248718262e+01 2.600000000000000000e+01 0.000000000000000000e+00
9.336999999999999744e+00 1.972896075248718262e+01 2.700000000000000000e+01 0.000000000000000000e+00
9.681999999999998607e+00 1.972896075248718262e+01 2.800000000000000000e+01 0.000000000000000000e+00
6.331999999999999851e+00 1.972896075248718262e+01 2.900000000000000000e+01 0.000000000000000000e+00
9.552999999999999048e+00 1.972896075248718262e+01 3.000000000000000000e+01 0.000000000000000000e+00
1.015599999999999881e+01 1.972896075248718262e+01 3.100000000000000000e+01 0.000000000000000000e+00
0.000000000000000000e+00 1.972896075248718262e+01 3.200000000000000000e+01 0.000000000000000000e+00
1.039100000000000001e+01 1.972896075248718262e+01 3.300000000000000000e+01 0.000000000000000000e+00
1.065299999999999869e+01 1.972896075248718262e+01 3.400000000000000000e+01 0.000000000000000000e+00
1.092800000000000082e+01 1.972896075248718262e+01 3.500000000000000000e+01 0.000000000000000000e+00
7.132000000000000561e+00 1.972896075248718262e+01 3.600000000000000000e+01 0.000000000000000000e+00
1.126800000000000068e+01 1.972896075248718262e+01 3.700000000000000000e+01 0.000000000000000000e+00
1.101200000000000045e+01 1.972896075248718262e+01 3.800000000000000000e+01 0.000000000000000000e+00
1.144700000000000095e+01 1.972896075248718262e+01 3.900000000000000000e+01 0.000000000000000000e+00
1.174400000000000333e+01 1.972896075248718262e+01 4.000000000000000000e+01 0.000000000000000000e+00
1.198300000000000409e+01 1.972896075248718262e+01 4.100000000000000000e+01 0.000000000000000000e+00
1.202800000000000402e+01 1.972896075248718262e+01 4.200000000000000000e+01 0.000000000000000000e+00
1.247600000000000442e+01 1.972896075248718262e+01 4.300000000000000000e+01 0.000000000000000000e+00
1.282300000000000395e+01 1.972896075248718262e+01 4.400000000000000000e+01 0.000000000000000000e+00
1.284800000000000253e+01 1.972896075248718262e+01 4.500000000000000000e+01 0.000000000000000000e+00
1.323600000000000421e+01 1.972896075248718262e+01 4.600000000000000000e+01 0.000000000000000000e+00
1.349700000000000344e+01 1.972896075248718262e+01 4.700000000000000000e+01 0.000000000000000000e+00
1.368500000000000405e+01 1.972896075248718262e+01 4.800000000000000000e+01 0.000000000000000000e+00
1.369600000000000506e+01 1.972896075248718262e+01 4.900000000000000000e+01 0.000000000000000000e+00
1.384300000000000352e+01 1.972896075248718262e+01 5.000000000000000000e+01 0.000000000000000000e+00
1.435800000000000232e+01 1.972896075248718262e+01 5.100000000000000000e+01 0.000000000000000000e+00
1.435300000000000153e+01 1.972896075248718262e+01 5.200000000000000000e+01 0.000000000000000000e+00
1.461400000000000077e+01 1.972896075248718262e+01 5.300000000000000000e+01 0.000000000000000000e+00
1.483400000000000141e+01 1.972896075248718262e+01 5.400000000000000000e+01 0.000000000000000000e+00
1.498199999999999932e+01 1.972896075248718262e+01 5.500000000000000000e+01 0.000000000000000000e+00
1.519799999999999685e+01 1.972896075248718262e+01 5.600000000000000000e+01 0.000000000000000000e+00
1.546599999999999753e+01 1.972896075248718262e+01 5.700000000000000000e+01 0.000000000000000000e+00
1.557299999999999507e+01 1.972896075248718262e+01 5.800000000000000000e+01 0.000000000000000000e+00
1.587299999999999578e+01 1.972896075248718262e+01 5.900000000000000000e+01 0.000000000000000000e+00
1.603000000000000114e+01 1.972896075248718262e+01 6.000000000000000000e+01 0.000000000000000000e+00
1.645299999999998875e+01 1.972896075248718262e+01 6.100000000000000000e+01 0.000000000000000000e+00
0.000000000000000000e+00 1.972896075248718262e+01 6.200000000000000000e+01 0.000000000000000000e+00
1.675800000000000267e+01 1.972896075248718262e+01 6.300000000000000000e+01 0.000000000000000000e+00
1.701800000000000068e+01 1.972896075248718262e+01 6.400000000000000000e+01 0.000000000000000000e+00
1.728100000000000946e+01 1.972896075248718262e+01 6.500000000000000000e+01 0.000000000000000000e+00
1.780100000000000193e+01 1.972896075248718262e+01 6.600000000000000000e+01 0.000000000000000000e+00
1.838600000000002055e+01 1.972896075248718262e+01 6.700000000000000000e+01 0.000000000000000000e+00
1.833700000000002461e+01 1.972896075248718262e+01 6.800000000000000000e+01 0.000000000000000000e+00
1.854700000000002902e+01 1.972896075248718262e+01 6.900000000000000000e+01 0.000000000000000000e+00
1.858800000000005781e+01 1.972896075248718262e+01 7.000000000000000000e+01 0.000000000000000000e+00
1.948400000000007282e+01 1.972896075248718262e+01 7.100000000000000000e+01 0.000000000000000000e+00
0.000000000000000000e+00 1.972896075248718262e+01 0.000000000000000000e+00 0.000000000000000000e+00
1.972896075248718262e+01 1.972896075248718262e+01 0.000000000000000000e+00 0.000000000000000000e+00
1.972896075248718262e+01 1.972896075248718262e+01 0.000000000000000000e+00 0.000000000000000000e+00
3.021000000000000352e+00 1.991797208786010742e+01 0.000000000000000000e+00 0.000000000000000000e+00
3.689000000000000057e+00 1.991797208786010742e+01 1.000000000000000000e+00 0.000000000000000000e+00
3.946000000000000174e+00 1.991797208786010742e+01 2.000000000000000000e+00 0.000000000000000000e+00
4.425000000000000711e+00 1.991797208786010742e+01 3.000000000000000000e+00 0.000000000000000000e+00
5.096000000000000085e+00 1.991797208786010742e+01 4.000000000000000000e+00 0.000000000000000000e+00
5.339999999999999858e+00 1.991797208786010742e+01 5.000000000000000000e+00 0.000000000000000000e+00
5.783999999999999808e+00 1.991797208786010742e+01 6.000000000000000000e+00 0.000000000000000000e+00
3.859999999999999876e+00 1.991797208786010742e+01 7.000000000000000000e+00 0.000000000000000000e+00
5.967999999999999972e+00 1.991797208786010742e+01 8.000000000000000000e+00 0.000000000000000000e+00
6.350999999999999979e+00 1.991797208786010742e+01 9.000000000000000000e+00 0.000000000000000000e+00
6.527000000000000135e+00 1.991797208786010742e+01 1.000000000000000000e+01 0.000000000000000000e+00
6.703000000000000291e+00 1.991797208786010742e+01 1.100000000000000000e+01 0.000000000000000000e+00
6.875000000000000000e+00 1.991797208786010742e+01 1.200000000000000000e+01 0.000000000000000000e+00
7.141999999999999460e+00 1.991797208786010742e+01 1.300000000000000000e+01 0.000000000000000000e+00
7.368999999999999773e+00 1.991797208786010742e+01 1.400000000000000000e+01 0.000000000000000000e+00
7.572999999999999510e+00 1.991797208786010742e+01 1.500000000000000000e+01 0.000000000000000000e+00
7.748999999999999666e+00 1.991797208786010742e+01 1.600000000000000000e+01 0.000000000000000000e+00
7.919999999999999929e+00 1.991797208786010742e+01 1.700000000000000000e+01 0.000000000000000000e+00
7.902999999999999581e+00 1.991797208786010742e+01 1.800000000000000000e+01 0.000000000000000000e+00
8.355000000000000426e+00 1.991797208786010742e+01 1.900000000000000000e+01 0.000000000000000000e+00
8.355000000000000426e+00 1.991797208786010742e+01 2.000000000000000000e+01 0.000000000000000000e+00
8.500999999999999446e+00 1.991797208786010742e+01 2.100000000000000000e+01 0.000000000000000000e+00
8.650000000000000355e+00 1.991797208786010742e+01 2.200000000000000000e+01 0.000000000000000000e+00
8.940000000000001279e+00 1.991797208786010742e+01 2.300000000000000000e+01 0.000000000000000000e+00
9.188000000000000611e+00 1.991797208786010742e+01 2.400000000000000000e+01 0.000000000000000000e+00
8.916999999999999815e+00 1.991797208786010742e+01 2.500000000000000000e+01 0.000000000000000000e+00
9.188000000000000611e+00 1.991797208786010742e+01 2.600000000000000000e+01 0.000000000000000000e+00
9.474000000000000199e+00 1.991797208786010742e+01 2.700000000000000000e+01 0.000000000000000000e+00
9.525999999999999801e+00 1.991797208786010742e+01 2.800000000000000000e+01 0.000000000000000000e+00
9.972000000000001307e+00 1.991797208786010742e+01 2.900000000000000000e+01 0.000000000000000000e+00
9.948000000000000398e+00 1.991797208786010742e+01 3.000000000000000000e+01 0.000000000000000000e+00
1.009800000000000253e+01 1.991797208786010742e+01 3.100000000000000000e+01 0.000000000000000000e+00
1.045800000000000196e+01 1.991797208786010742e+01 3.200000000000000000e+01 0.000000000000000000e+00
1.083800000000000274e+01 1.991797208786010742e+01 3.300000000000000000e+01 0.000000000000000000e+00
1.094200000000000195e+01 1.991797208786010742e+01 3.400000000000000000e+01 0.000000000000000000e+00
1.130800000000000338e+01 1.991797208786010742e+01 3.500000000000000000e+01 0.000000000000000000e+00
1.147400000000000375e+01 1.991797208786010742e+01 3.600000000000000000e+01 0.000000000000000000e+00
1.186400000000000432e+01 1.991797208786010742e+01 3.700000000000000000e+01 0.000000000000000000e+00
1.180600000000000449e+01 1.991797208786010742e+01 3.800000000000000000e+01 0.000000000000000000e+00
1.235400000000000631e+01 1.991797208786010742e+01 3.900000000000000000e+01 0.000000000000000000e+00
1.203000000000000469e+01 1.991797208786010742e+01 4.000000000000000000e+01 0.000000000000000000e+00
0.000000000000000000e+00 1.991797208786010742e+01 4.100000000000000000e+01 0.000000000000000000e+00
1.293500000000000583e+01 1.991797208786010742e+01 4.200000000000000000e+01 0.000000000000000000e+00
1.305000000000000604e+01 1.991797208786010742e+01 4.300000000000000000e+01 0.000000000000000000e+00
1.349600000000000577e+01 1.991797208786010742e+01 4.400000000000000000e+01 0.000000000000000000e+00
1.388600000000000456e+01 1.991797208786010742e+01 4.500000000000000000e+01 0.000000000000000000e+00
1.367500000000000426e+01 1.991797208786010742e+01 4.600000000000000000e+01 0.000000000000000000e+00
1.433400000000000674e+01 1.991797208786010742e+01 4.700000000000000000e+01 0.000000000000000000e+00
8.518000000000004235e+00 1.991797208786010742e+01 4.800000000000000000e+01 0.000000000000000000e+00
1.460900000000000531e+01 1.991797208786010742e+01 4.900000000000000000e+01 0.000000000000000000e+00
1.471700000000000585e+01 1.991797208786010742e+01 5.000000000000000000e+01 0.000000000000000000e+00
1.489100000000000534e+01 1.991797208786010742e+01 5.100000000000000000e+01 0.000000000000000000e+00
1.505800000000000516e+01 1.991797208786010742e+01 5.200000000000000000e+01 0.000000000000000000e+00
1.523100000000000520e+01 1.991797208786010742e+01 5.300000000000000000e+01 0.000000000000000000e+00
1.546800000000000530e+01 1.991797208786010742e+01 5.400000000000000000e+01 0.000000000000000000e+00
1.555900000000000283e+01 1.991797208786010742e+01 5.500000000000000000e+01 0.000000000000000000e+00
1.020100000000000584e+01 1.991797208786010742e+01 5.600000000000000000e+01 0.000000000000000000e+00
1.605400000000000560e+01 1.991797208786010742e+01 5.700000000000000000e+01 0.000000000000000000e+00
1.625799999999999912e+01 1.991797208786010742e+01 5.800000000000000000e+01 0.000000000000000000e+00
1.643299999999999272e+01 1.991797208786010742e+01 5.900000000000000000e+01 0.000000000000000000e+00
1.670699999999998653e+01 1.991797208786010742e+01 6.000000000000000000e+01 0.000000000000000000e+00
1.671899999999999409e+01 1.991797208786010742e+01 6.100000000000000000e+01 0.000000000000000000e+00
1.690399999999999991e+01 1.991797208786010742e+01 6.200000000000000000e+01 0.000000000000000000e+00
1.741699999999998738e+01 1.991797208786010742e+01 6.300000000000000000e+01 0.000000000000000000e+00
1.745499999999998764e+01 1.991797208786010742e+01 6.400000000000000000e+01 0.000000000000000000e+00
1.796699999999999164e+01 1.991797208786010742e+01 6.500000000000000000e+01 0.000000000000000000e+00
1.796899999999999409e+01 1.991797208786010742e+01 6.600000000000000000e+01 0.000000000000000000e+00
1.845800000000000907e+01 1.991797208786010742e+01 6.700000000000000000e+01 0.000000000000000000e+00
1.854400000000001825e+01 1.991797208786010742e+01 6.800000000000000000e+01 0.000000000000000000e+00
1.882000000000002160e+01 1.991797208786010742e+01 6.900000000000000000e+01 0.000000000000000000e+00
1.941800000000003834e+01 1.991797208786010742e+01 7.000000000000000000e+01 0.000000000000000000e+00
1.984600000000005338e+01 1.991797208786010742e+01 7.100000000000000000e+01 0.000000000000000000e+00
0.000000000000000000e+00 1.991797208786010742e+01 0.000000000000000000e+00 0.000000000000000000e+00
1.991797208786010742e+01 1.991797208786010742e+01 0.000000000000000000e+00 0.000000000000000000e+00
1.991797208786010742e+01 1.991797208786010742e+01 0.000000000000000000e+00 0.000000000000000000e+00
