2.261000000000000121e+00 4.429217982292175293e+01 0.000000000000000000e+00 1.100000000000000000e+01
2.646000000000000352e+00 4.429217982292175293e+01 1.000000000000000000e+00 6.000000000000000000e+00
2.646000000000000352e+00 4.429217982292175293e+01 2.000000000000000000e+00 1.500000000000000000e+01
2.646000000000000352e+00 4.429217982292175293e+01 3.000000000000000000e+00 1.700000000000000000e+01
2.635000000000000231e+00 4.429217982292175293e+01 4.000000000000000000e+00 3.000000000000000000e+00
3.526000000000000245e+00 4.429217982292175293e+01 5.000000000000000000e+00 1.300000000000000000e+01
3.278999999999999915e+00 4.429217982292175293e+01 6.000000000000000000e+00 2.100000000000000000e+01
3.701000000000000068e+00 4.429217982292175293e+01 7.000000000000000000e+00 6.000000000000000000e+00
3.701000000000000068e+00 4.429217982292175293e+01 8.000000000000000000e+00 3.500000000000000000e+01
3.895000000000000018e+00 4.429217982292175293e+01 9.000000000000000000e+00 1.300000000000000000e+01
4.049999999999999822e+00 4.429217982292175293e+01 1.000000000000000000e+01 1.900000000000000000e+01
4.049999999999999822e+00 4.429217982292175293e+01 1.100000000000000000e+01 1.000000000000000000e+00
4.202999999999999403e+00 4.429217982292175293e+01 1.200000000000000000e+01 2.700000000000000000e+01
4.202999999999999403e+00 4.429217982292175293e+01 1.300000000000000000e+01 3.000000000000000000e+01
4.746999999999998998e+00 4.429217982292175293e+01 1.400000000000000000e+01 3.700000000000000000e+01
4.571999999999999176e+00 4.429217982292175293e+01 1.500000000000000000e+01 3.100000000000000000e+01
4.878999999999998671e+00 4.429217982292175293e+01 1.600000000000000000e+01 4.500000000000000000e+01
4.698999999999998956e+00 4.429217982292175293e+01 1.700000000000000000e+01 5.200000000000000000e+01
5.124999999999999112e+00 4.429217982292175293e+01 1.800000000000000000e+01 4.900000000000000000e+01
4.939999999999999503e+00 4.429217982292175293e+01 1.900000000000000000e+01 3.200000000000000000e+01
5.470999999999998309e+00 4.429217982292175293e+01 2.000000000000000000e+01 3.800000000000000000e+01
5.607999999999998764e+00 4.429217982292175293e+01 2.100000000000000000e+01 3.800000000000000000e+01
5.842999999999999083e+00 4.429217982292175293e+01 2.200000000000000000e+01 6.700000000000000000e+01
5.949999999999999289e+00 4.429217982292175293e+01 2.300000000000000000e+01 1.800000000000000000e+01
5.814000000000000057e+00 4.429217982292175293e+01 2.400000000000000000e+01 3.100000000000000000e+01
6.049999999999998934e+00 4.429217982292175293e+01 2.500000000000000000e+01 5.800000000000000000e+01
6.033999999999999808e+00 4.429217982292175293e+01 2.600000000000000000e+01 7.200000000000000000e+01
6.488999999999998103e+00 4.429217982292175293e+01 2.700000000000000000e+01 6.500000000000000000e+01
6.788999999999998813e+00 4.429217982292175293e+01 2.800000000000000000e+01 1.020000000000000000e+02
6.788999999999998813e+00 4.429217982292175293e+01 2.900000000000000000e+01 8.000000000000000000e+01
6.967999999999999083e+00 4.429217982292175293e+01 3.000000000000000000e+01 8.600000000000000000e+01
7.050999999999999268e+00 4.429217982292175293e+01 3.100000000000000000e+01 9.700000000000000000e+01
7.285999999999999588e+00 4.429217982292175293e+01 3.200000000000000000e+01 1.110000000000000000e+02
7.503999999999999559e+00 4.429217982292175293e+01 3.300000000000000000e+01 1.160000000000000000e+02
7.774999999999999467e+00 4.429217982292175293e+01 3.400000000000000000e+01 9.900000000000000000e+01
7.774999999999999467e+00 4.429217982292175293e+01 3.500000000000000000e+01 1.290000000000000000e+02
7.889999999999999680e+00 4.429217982292175293e+01 3.600000000000000000e+01 1.010000000000000000e+02
7.998000000000000220e+00 4.429217982292175293e+01 3.700000000000000000e+01 2.020000000000000000e+02
8.409999999999998366e+00 4.429217982292175293e+01 3.800000000000000000e+01 1.180000000000000000e+02
8.452000000000001734e+00 4.429217982292175293e+01 3.900000000000000000e+01 2.080000000000000000e+02
8.797000000000002373e+00 4.429217982292175293e+01 4.000000000000000000e+01 2.350000000000000000e+02
9.164000000000001478e+00 4.429217982292175293e+01 4.100000000000000000e+01 1.950000000000000000e+02
9.531000000000000583e+00 4.429217982292175293e+01 4.200000000000000000e+01 2.890000000000000000e+02
9.737000000000005429e+00 4.429217982292175293e+01 4.300000000000000000e+01 2.590000000000000000e+02
1.003600000000000314e+01 4.429217982292175293e+01 4.400000000000000000e+01 2.790000000000000000e+02
1.018700000000000294e+01 4.429217982292175293e+01 4.500000000000000000e+01 2.630000000000000000e+02
1.038400000000000034e+01 4.429217982292175293e+01 4.600000000000000000e+01 3.210000000000000000e+02
1.109500000000000064e+01 4.429217982292175293e+01 4.700000000000000000e+01 4.270000000000000000e+02
1.148500000000000476e+01 4.429217982292175293e+01 4.800000000000000000e+01 3.870000000000000000e+02
1.176500000000000590e+01 4.429217982292175293e+01 4.900000000000000000e+01 4.380000000000000000e+02
1.233000000000000540e+01 4.429217982292175293e+01 5.000000000000000000e+01 5.090000000000000000e+02
1.321400000000000041e+01 4.429217982292175293e+01 5.100000000000000000e+01 6.610000000000000000e+02
1.423499999999998700e+01 4.429217982292175293e+01 5.200000000000000000e+01 8.990000000000000000e+02
1.473799999999998356e+01 4.429217982292175293e+01 5.300000000000000000e+01 8.730000000000000000e+02
1.553799999999999315e+01 4.429217982292175293e+01 5.400000000000000000e+01 1.047000000000000000e+03
1.624099999999998900e+01 4.429217982292175293e+01 5.500000000000000000e+01 1.320000000000000000e+03
1.694099999999997763e+01 4.429217982292175293e+01 5.600000000000000000e+01 1.167000000000000000e+03
1.773099999999995191e+01 4.429217982292175293e+01 5.700000000000000000e+01 1.630000000000000000e+03
1.840799999999992664e+01 4.429217982292175293e+01 5.800000000000000000e+01 1.584000000000000000e+03
1.896699999999991704e+01 4.429217982292175293e+01 5.900000000000000000e+01 1.842000000000000000e+03
1.966399999999991621e+01 4.429217982292175293e+01 6.000000000000000000e+01 1.153000000000000000e+03
2.076099999999995305e+01 4.429217982292175293e+01 6.100000000000000000e+01 2.327000000000000000e+03
2.198699999999998766e+01 4.429217982292175293e+01 6.200000000000000000e+01 1.844000000000000000e+03
2.293100000000001515e+01 4.429217982292175293e+01 6.300000000000000000e+01 2.154000000000000000e+03
2.341600000000005721e+01 4.429217982292175293e+01 6.400000000000000000e+01 2.972000000000000000e+03
2.412300000000007927e+01 4.429217982292175293e+01 6.500000000000000000e+01 3.046000000000000000e+03
2.567100000000010596e+01 4.429217982292175293e+01 6.600000000000000000e+01 3.478000000000000000e+03
2.665900000000015169e+01 4.429217982292175293e+01 6.700000000000000000e+01 2.349000000000000000e+03
2.752300000000018088e+01 4.429217982292175293e+01 6.800000000000000000e+01 3.879000000000000000e+03
3.825300000000057565e+01 4.429217982292175293e+01 6.900000000000000000e+01 4.037000000000000000e+03
4.142500000000071481e+01 4.429217982292175293e+01 7.000000000000000000e+01 4.774000000000000000e+03
4.420900000000080610e+01 4.429217982292175293e+01 7.100000000000000000e+01 4.512000000000000000e+03
6.514500000000121815e+01 4.429217982292175293e+01 7.200000000000000000e+01 2.806000000000000000e+03
4.429217982292175293e+01 4.429217982292175293e+01 0.000000000000000000e+00 0.000000000000000000e+00
4.429217982292175293e+01 4.429217982292175293e+01 0.000000000000000000e+00 0.000000000000000000e+00
1.463999999999999746e+00 3.718110704421997070e+01 0.000000000000000000e+00 0.000000000000000000e+00
2.027999999999999581e+00 3.718110704421997070e+01 1.000000000000000000e+00 9.000000000000000000e+00
2.761999999999999567e+00 3.718110704421997070e+01 2.000000000000000000e+00 1.500000000000000000e+01
2.948999999999999400e+00 3.718110704421997070e+01 3.000000000000000000e+00 1.400000000000000000e+01
2.948999999999999400e+00 3.718110704421997070e+01 4.000000000000000000e+00 1.000000000000000000e+01
3.294999999999999485e+00 3.718110704421997070e+01 5.000000000000000000e+00 1.100000000000000000e+01
3.305999999999999606e+00 3.718110704421997070e+01 6.000000000000000000e+00 3.000000000000000000e+01
3.666999999999999371e+00 3.718110704421997070e+01 7.000000000000000000e+00 2.700000000000000000e+01
3.837999999999999190e+00 3.718110704421997070e+01 8.000000000000000000e+00 2.600000000000000000e+01
4.006999999999998785e+00 3.718110704421997070e+01 9.000000000000000000e+00 2.300000000000000000e+01
4.006999999999998785e+00 3.718110704421997070e+01 1.000000000000000000e+01 1.500000000000000000e+01
4.006999999999998785e+00 3.718110704421997070e+01 1.100000000000000000e+01 1.500000000000000000e+01
4.178999999999998494e+00 3.718110704421997070e+01 1.200000000000000000e+01 2.800000000000000000e+01
4.323999999999998067e+00 3.718110704421997070e+01 1.300000000000000000e+01 3.600000000000000000e+01
4.468999999999997641e+00 3.718110704421997070e+01 1.400000000000000000e+01 3.900000000000000000e+01
4.599999999999997868e+00 3.718110704421997070e+01 1.500000000000000000e+01 8.000000000000000000e+00
5.097999999999998089e+00 3.718110704421997070e+01 1.600000000000000000e+01 2.300000000000000000e+01
5.097999999999998089e+00 3.718110704421997070e+01 1.700000000000000000e+01 2.400000000000000000e+01
5.234999999999997655e+00 3.718110704421997070e+01 1.800000000000000000e+01 7.000000000000000000e+00
5.408999999999997144e+00 3.718110704421997070e+01 1.900000000000000000e+01 3.000000000000000000e+00
5.580999999999997740e+00 3.718110704421997070e+01 2.000000000000000000e+01 1.500000000000000000e+01
6.059999999999998721e+00 3.718110704421997070e+01 2.100000000000000000e+01 6.100000000000000000e+01
6.186999999999998501e+00 3.718110704421997070e+01 2.200000000000000000e+01 2.000000000000000000e+01
6.186999999999998501e+00 3.718110704421997070e+01 2.300000000000000000e+01 3.800000000000000000e+01
6.291999999999998927e+00 3.718110704421997070e+01 2.400000000000000000e+01 1.700000000000000000e+01
6.479999999999998650e+00 3.718110704421997070e+01 2.500000000000000000e+01 1.000000000000000000e+00
6.292999999999999261e+00 3.718110704421997070e+01 2.600000000000000000e+01 7.100000000000000000e+01
6.552999999999999048e+00 3.718110704421997070e+01 2.700000000000000000e+01 4.800000000000000000e+01
7.009999999999998899e+00 3.718110704421997070e+01 2.800000000000000000e+01 8.600000000000000000e+01
7.169999999999999041e+00 3.718110704421997070e+01 2.900000000000000000e+01 1.050000000000000000e+02
7.154999999999999361e+00 3.718110704421997070e+01 3.000000000000000000e+01 8.600000000000000000e+01
7.616999999999999105e+00 3.718110704421997070e+01 3.100000000000000000e+01 9.200000000000000000e+01
7.839999999999998970e+00 3.718110704421997070e+01 3.200000000000000000e+01 8.000000000000000000e+01
7.737999999999998657e+00 3.718110704421997070e+01 3.300000000000000000e+01 1.370000000000000000e+02
8.211000000000000298e+00 3.718110704421997070e+01 3.400000000000000000e+01 1.360000000000000000e+02
8.857000000000002871e+00 3.718110704421997070e+01 3.500000000000000000e+01 1.730000000000000000e+02
9.571000000000001506e+00 3.718110704421997070e+01 3.600000000000000000e+01 2.610000000000000000e+02
1.026499999999999879e+01 3.718110704421997070e+01 3.700000000000000000e+01 2.940000000000000000e+02
1.053800000000000026e+01 3.718110704421997070e+01 3.800000000000000000e+01 2.060000000000000000e+02
1.079600000000000115e+01 3.718110704421997070e+01 3.900000000000000000e+01 2.870000000000000000e+02
1.105500000000000327e+01 3.718110704421997070e+01 4.000000000000000000e+01 2.100000000000000000e+01
1.137900000000000666e+01 3.718110704421997070e+01 4.100000000000000000e+01 3.660000000000000000e+02
1.167500000000000426e+01 3.718110704421997070e+01 4.200000000000000000e+01 3.990000000000000000e+02
1.143000000000000327e+01 3.718110704421997070e+01 4.300000000000000000e+01 2.400000000000000000e+01
1.195100000000000051e+01 3.718110704421997070e+01 4.400000000000000000e+01 3.060000000000000000e+02
1.246200000000000507e+01 3.718110704421997070e+01 4.500000000000000000e+01 4.830000000000000000e+02
1.279700000000000593e+01 3.718110704421997070e+01 4.600000000000000000e+01 4.330000000000000000e+02
1.294900000000000517e+01 3.718110704421997070e+01 4.700000000000000000e+01 4.790000000000000000e+02
1.347800000000000686e+01 3.718110704421997070e+01 4.800000000000000000e+01 5.120000000000000000e+02
1.391400000000000503e+01 3.718110704421997070e+01 4.900000000000000000e+01 6.860000000000000000e+02
1.370100000000000584e+01 3.718110704421997070e+01 5.000000000000000000e+01 5.080000000000000000e+02
1.439000000000000412e+01 3.718110704421997070e+01 5.100000000000000000e+01 8.110000000000000000e+02
1.524499999999999211e+01 3.718110704421997070e+01 5.200000000000000000e+01 8.510000000000000000e+02
1.592799999999998661e+01 3.718110704421997070e+01 5.300000000000000000e+01 9.350000000000000000e+02
1.660899999999998045e+01 3.718110704421997070e+01 5.400000000000000000e+01 9.600000000000000000e+02
1.741099999999996939e+01 3.718110704421997070e+01 5.500000000000000000e+01 6.200000000000000000e+02
1.787299999999995492e+01 3.718110704421997070e+01 5.600000000000000000e+01 1.563000000000000000e+03
1.966799999999991400e+01 3.718110704421997070e+01 5.700000000000000000e+01 1.496000000000000000e+03
2.041799999999988202e+01 3.718110704421997070e+01 5.800000000000000000e+01 2.140000000000000000e+03
2.115099999999986835e+01 3.718110704421997070e+01 5.900000000000000000e+01 2.143000000000000000e+03
2.237099999999987432e+01 3.718110704421997070e+01 6.000000000000000000e+01 2.071000000000000000e+03
2.302899999999988623e+01 3.718110704421997070e+01 6.100000000000000000e+01 2.086000000000000000e+03
2.372299999999991016e+01 3.718110704421997070e+01 6.200000000000000000e+01 2.794000000000000000e+03
2.455199999999993565e+01 3.718110704421997070e+01 6.300000000000000000e+01 3.389000000000000000e+03
2.528299999999996217e+01 3.718110704421997070e+01 6.400000000000000000e+01 1.782000000000000000e+03
2.588499999999998025e+01 3.718110704421997070e+01 6.500000000000000000e+01 2.225000000000000000e+03
2.674000000000001265e+01 3.718110704421997070e+01 6.600000000000000000e+01 2.417000000000000000e+03
2.738500000000003709e+01 3.718110704421997070e+01 6.700000000000000000e+01 4.461000000000000000e+03
2.789900000000008617e+01 3.718110704421997070e+01 6.800000000000000000e+01 2.553000000000000000e+03
2.927500000000010871e+01 3.718110704421997070e+01 6.900000000000000000e+01 2.304000000000000000e+03
3.334100000000027819e+01 3.718110704421997070e+01 7.000000000000000000e+01 2.789000000000000000e+03
3.712300000000038835e+01 3.718110704421997070e+01 7.100000000000000000e+01 3.440000000000000000e+03
6.388400000000125800e+01 3.718110704421997070e+01 7.200000000000000000e+01 8.980000000000000000e+02
3.718110704421997070e+01 3.718110704421997070e+01 0.000000000000000000e+00 0.000000000000000000e+00
3.718110704421997070e+01 3.718110704421997070e+01 0.000000000000000000e+00 0.000000000000000000e+00
1.655000000000000249e+00 5.048486757278442383e+01 0.000000000000000000e+00 4.000000000000000000e+00
2.432000000000000384e+00 5.048486757278442383e+01 1.000000000000000000e+00 1.000000000000000000e+01
3.013000000000000345e+00 5.048486757278442383e+01 2.000000000000000000e+00 1.300000000000000000e+01
3.188000000000000167e+00 5.048486757278442383e+01 3.000000000000000000e+00 8.000000000000000000e+00
3.188000000000000167e+00 5.048486757278442383e+01 4.000000000000000000e+00 2.200000000000000000e+01
3.370000000000000107e+00 5.048486757278442383e+01 5.000000000000000000e+00 1.900000000000000000e+01
9.196999999999999176e+00 5.048486757278442383e+01 6.000000000000000000e+00 1.000000000000000000e+00
3.740000000000000213e+00 5.048486757278442383e+01 7.000000000000000000e+00 2.400000000000000000e+01
3.912000000000000366e+00 5.048486757278442383e+01 8.000000000000000000e+00 2.700000000000000000e+01
3.912000000000000366e+00 5.048486757278442383e+01 9.000000000000000000e+00 2.100000000000000000e+01
3.901000000000000245e+00 5.048486757278442383e+01 1.000000000000000000e+01 2.300000000000000000e+01
4.073000000000000398e+00 5.048486757278442383e+01 1.100000000000000000e+01 1.900000000000000000e+01
4.217999999999999972e+00 5.048486757278442383e+01 1.200000000000000000e+01 2.600000000000000000e+01
4.490000000000000213e+00 5.048486757278442383e+01 1.300000000000000000e+01 9.000000000000000000e+00
4.759999999999999787e+00 5.048486757278442383e+01 1.400000000000000000e+01 4.200000000000000000e+01
4.684000000000000163e+00 5.048486757278442383e+01 1.500000000000000000e+01 3.900000000000000000e+01
5.030999999999999694e+00 5.048486757278442383e+01 1.600000000000000000e+01 3.200000000000000000e+01
5.030999999999999694e+00 5.048486757278442383e+01 1.700000000000000000e+01 2.400000000000000000e+01
5.207999999999999297e+00 5.048486757278442383e+01 1.800000000000000000e+01 4.300000000000000000e+01
5.163999999999998813e+00 5.048486757278442383e+01 1.900000000000000000e+01 4.700000000000000000e+01
5.332999999999999297e+00 5.048486757278442383e+01 2.000000000000000000e+01 4.300000000000000000e+01
5.565999999999998948e+00 5.048486757278442383e+01 2.100000000000000000e+01 3.700000000000000000e+01
5.273999999999998245e+00 5.048486757278442383e+01 2.200000000000000000e+01 4.300000000000000000e+01
5.558999999999999275e+00 5.048486757278442383e+01 2.300000000000000000e+01 3.000000000000000000e+01
1.910500000000001464e+01 5.048486757278442383e+01 2.400000000000000000e+01 1.000000000000000000e+00
5.864999999999999325e+00 5.048486757278442383e+01 2.500000000000000000e+01 4.300000000000000000e+01
5.999999999999999112e+00 5.048486757278442383e+01 2.600000000000000000e+01 5.400000000000000000e+01
6.564000000000000057e+00 5.048486757278442383e+01 2.700000000000000000e+01 5.600000000000000000e+01
6.959999999999999964e+00 5.048486757278442383e+01 2.800000000000000000e+01 6.400000000000000000e+01
7.180999999999999162e+00 5.048486757278442383e+01 2.900000000000000000e+01 9.600000000000000000e+01
7.574999999999999289e+00 5.048486757278442383e+01 3.000000000000000000e+01 1.310000000000000000e+02
8.054000000000000270e+00 5.048486757278442383e+01 3.100000000000000000e+01 1.460000000000000000e+02
8.370000000000000995e+00 5.048486757278442383e+01 3.200000000000000000e+01 9.000000000000000000e+01
8.493000000000000327e+00 5.048486757278442383e+01 3.300000000000000000e+01 1.100000000000000000e+02
8.900999999999999801e+00 5.048486757278442383e+01 3.400000000000000000e+01 1.550000000000000000e+02
9.041000000000000369e+00 5.048486757278442383e+01 3.500000000000000000e+01 1.830000000000000000e+02
9.277000000000001023e+00 5.048486757278442383e+01 3.600000000000000000e+01 1.990000000000000000e+02
9.331000000000001293e+00 5.048486757278442383e+01 3.700000000000000000e+01 5.000000000000000000e+00
9.786999999999999034e+00 5.048486757278442383e+01 3.800000000000000000e+01 1.720000000000000000e+02
9.947999999999998622e+00 5.048486757278442383e+01 3.900000000000000000e+01 1.720000000000000000e+02
1.021799999999999820e+01 5.048486757278442383e+01 4.000000000000000000e+01 2.010000000000000000e+02
1.021799999999999997e+01 5.048486757278442383e+01 4.100000000000000000e+01 1.680000000000000000e+02
2.701300000000002655e+01 5.048486757278442383e+01 4.200000000000000000e+01 2.500000000000000000e+01
1.068099999999999916e+01 5.048486757278442383e+01 4.300000000000000000e+01 2.330000000000000000e+02
1.154199999999999804e+01 5.048486757278442383e+01 4.400000000000000000e+01 3.140000000000000000e+02
1.203599999999999604e+01 5.048486757278442383e+01 4.500000000000000000e+01 3.000000000000000000e+02
1.236299999999999599e+01 5.048486757278442383e+01 4.600000000000000000e+01 3.770000000000000000e+02
1.253399999999999359e+01 5.048486757278442383e+01 4.700000000000000000e+01 6.000000000000000000e+00
1.279499999999999460e+01 5.048486757278442383e+01 4.800000000000000000e+01 4.950000000000000000e+02
1.311099999999999177e+01 5.048486757278442383e+01 4.900000000000000000e+01 3.990000000000000000e+02
1.332799999999999230e+01 5.048486757278442383e+01 5.000000000000000000e+01 2.100000000000000000e+01
1.330299999999999372e+01 5.048486757278442383e+01 5.100000000000000000e+01 6.030000000000000000e+02
1.381399999999998940e+01 5.048486757278442383e+01 5.200000000000000000e+01 5.600000000000000000e+02
1.420999999999998309e+01 5.048486757278442383e+01 5.300000000000000000e+01 5.330000000000000000e+02
1.444399999999998130e+01 5.048486757278442383e+01 5.400000000000000000e+01 6.730000000000000000e+02
1.513999999999998636e+01 5.048486757278442383e+01 5.500000000000000000e+01 9.180000000000000000e+02
1.547499999999999076e+01 5.048486757278442383e+01 5.600000000000000000e+01 9.290000000000000000e+02
1.582899999999998997e+01 5.048486757278442383e+01 5.700000000000000000e+01 7.570000000000000000e+02
1.633399999999997476e+01 5.048486757278442383e+01 5.800000000000000000e+01 8.790000000000000000e+02
1.699299999999995237e+01 5.048486757278442383e+01 5.900000000000000000e+01 1.075000000000000000e+03
1.750599999999995759e+01 5.048486757278442383e+01 6.000000000000000000e+01 1.231000000000000000e+03
1.842799999999995109e+01 5.048486757278442383e+01 6.100000000000000000e+01 1.530000000000000000e+03
1.891199999999996706e+01 5.048486757278442383e+01 6.200000000000000000e+01 1.847000000000000000e+03
1.986799999999999855e+01 5.048486757278442383e+01 6.300000000000000000e+01 1.798000000000000000e+03
2.104900000000004923e+01 5.048486757278442383e+01 6.400000000000000000e+01 1.385000000000000000e+03
2.131500000000008654e+01 5.048486757278442383e+01 6.500000000000000000e+01 1.937000000000000000e+03
2.326200000000011414e+01 5.048486757278442383e+01 6.600000000000000000e+01 2.735000000000000000e+03
2.724600000000028643e+01 5.048486757278442383e+01 6.700000000000000000e+01 3.431000000000000000e+03
3.345400000000049801e+01 5.048486757278442383e+01 6.800000000000000000e+01 3.375000000000000000e+03
3.452900000000052927e+01 5.048486757278442383e+01 6.900000000000000000e+01 4.421000000000000000e+03
4.736100000000099897e+01 5.048486757278442383e+01 7.000000000000000000e+01 5.480000000000000000e+03
5.051000000000112067e+01 5.048486757278442383e+01 7.100000000000000000e+01 6.858000000000000000e+03
8.937900000000244916e+01 5.048486757278442383e+01 7.200000000000000000e+01 5.582000000000000000e+03
5.048486757278442383e+01 5.048486757278442383e+01 0.000000000000000000e+00 0.000000000000000000e+00
5.048486757278442383e+01 5.048486757278442383e+01 0.000000000000000000e+00 0.000000000000000000e+00
1.364999999999999991e+00 3.923051309585571289e+01 0.000000000000000000e+00 0.000000000000000000e+00
1.946999999999999842e+00 3.923051309585571289e+01 1.000000000000000000e+00 3.000000000000000000e+00
2.560000000000000053e+00 3.923051309585571289e+01 2.000000000000000000e+00 6.000000000000000000e+00
2.746999999999999886e+00 3.923051309585571289e+01 3.000000000000000000e+00 1.000000000000000000e+01
3.090999999999999748e+00 3.923051309585571289e+01 4.000000000000000000e+00 1.200000000000000000e+01
3.263999999999999790e+00 3.923051309585571289e+01 5.000000000000000000e+00 2.100000000000000000e+01
3.430999999999999606e+00 3.923051309585571289e+01 6.000000000000000000e+00 2.500000000000000000e+01
3.588999999999999524e+00 3.923051309585571289e+01 7.000000000000000000e+00 2.600000000000000000e+01
3.747999999999999332e+00 3.923051309585571289e+01 8.000000000000000000e+00 2.600000000000000000e+01
3.895999999999999464e+00 3.923051309585571289e+01 9.000000000000000000e+00 2.600000000000000000e+01
4.047999999999999154e+00 3.923051309585571289e+01 1.000000000000000000e+01 2.200000000000000000e+01
3.849999999999999201e+00 3.923051309585571289e+01 1.100000000000000000e+01 3.000000000000000000e+00
4.265999999999999126e+00 3.923051309585571289e+01 1.200000000000000000e+01 2.500000000000000000e+01
4.757999999999998231e+00 3.923051309585571289e+01 1.300000000000000000e+01 4.300000000000000000e+01
4.757999999999998231e+00 3.923051309585571289e+01 1.400000000000000000e+01 3.500000000000000000e+01
4.898999999999998245e+00 3.923051309585571289e+01 1.500000000000000000e+01 2.900000000000000000e+01
4.750999999999998558e+00 3.923051309585571289e+01 1.600000000000000000e+01 2.000000000000000000e+01
5.149999999999998579e+00 3.923051309585571289e+01 1.700000000000000000e+01 4.000000000000000000e+01
5.358999999999999098e+00 3.923051309585571289e+01 1.800000000000000000e+01 4.600000000000000000e+01
5.506999999999998785e+00 3.923051309585571289e+01 1.900000000000000000e+01 4.600000000000000000e+01
5.506999999999998785e+00 3.923051309585571289e+01 2.000000000000000000e+01 2.500000000000000000e+01
5.734999999999998543e+00 3.923051309585571289e+01 2.100000000000000000e+01 2.400000000000000000e+01
5.843999999999998529e+00 3.923051309585571289e+01 2.200000000000000000e+01 4.100000000000000000e+01
6.339999999999998082e+00 3.923051309585571289e+01 2.300000000000000000e+01 6.700000000000000000e+01
1.816800000000000637e+01 3.923051309585571289e+01 2.400000000000000000e+01 3.100000000000000000e+01
1.924400000000000688e+01 3.923051309585571289e+01 2.500000000000000000e+01 4.900000000000000000e+01
6.708999999999997854e+00 3.923051309585571289e+01 2.600000000000000000e+01 6.900000000000000000e+01
6.782999999999998586e+00 3.923051309585571289e+01 2.700000000000000000e+01 9.800000000000000000e+01
6.723999999999999311e+00 3.923051309585571289e+01 2.800000000000000000e+01 7.800000000000000000e+01
6.965999999999998415e+00 3.923051309585571289e+01 2.900000000000000000e+01 7.100000000000000000e+01
7.302999999999998160e+00 3.923051309585571289e+01 3.000000000000000000e+01 8.700000000000000000e+01
7.407999999999999474e+00 3.923051309585571289e+01 3.100000000000000000e+01 1.010000000000000000e+02
7.818999999999999950e+00 3.923051309585571289e+01 3.200000000000000000e+01 1.100000000000000000e+02
8.200000000000001066e+00 3.923051309585571289e+01 3.300000000000000000e+01 1.280000000000000000e+02
8.547000000000002373e+00 3.923051309585571289e+01 3.400000000000000000e+01 1.420000000000000000e+02
8.665000000000000924e+00 3.923051309585571289e+01 3.500000000000000000e+01 1.020000000000000000e+02
9.103000000000005087e+00 3.923051309585571289e+01 3.600000000000000000e+01 1.610000000000000000e+02
9.227000000000002089e+00 3.923051309585571289e+01 3.700000000000000000e+01 2.230000000000000000e+02
9.571000000000005059e+00 3.923051309585571289e+01 3.800000000000000000e+01 2.690000000000000000e+02
1.004800000000000715e+01 3.923051309585571289e+01 3.900000000000000000e+01 2.430000000000000000e+02
1.013100000000000733e+01 3.923051309585571289e+01 4.000000000000000000e+01 2.100000000000000000e+02
1.077800000000000580e+01 3.923051309585571289e+01 4.100000000000000000e+01 2.490000000000000000e+02
1.108400000000000496e+01 3.923051309585571289e+01 4.200000000000000000e+01 3.600000000000000000e+02
1.156700000000000550e+01 3.923051309585571289e+01 4.300000000000000000e+01 3.250000000000000000e+02
1.204400000000000404e+01 3.923051309585571289e+01 4.400000000000000000e+01 3.740000000000000000e+02
1.250000000000000355e+01 3.923051309585571289e+01 4.500000000000000000e+01 3.120000000000000000e+02
1.327400000000000624e+01 3.923051309585571289e+01 4.600000000000000000e+01 7.070000000000000000e+02
1.399900000000000944e+01 3.923051309585571289e+01 4.700000000000000000e+01 5.630000000000000000e+02
1.407000000000000917e+01 3.923051309585571289e+01 4.800000000000000000e+01 6.820000000000000000e+02
1.449800000000000644e+01 3.923051309585571289e+01 4.900000000000000000e+01 7.870000000000000000e+02
1.512300000000000644e+01 3.923051309585571289e+01 5.000000000000000000e+01 9.180000000000000000e+02
1.530100000000000726e+01 3.923051309585571289e+01 5.100000000000000000e+01 5.440000000000000000e+02
1.597199999999999953e+01 3.923051309585571289e+01 5.200000000000000000e+01 1.002000000000000000e+03
1.619399999999999196e+01 3.923051309585571289e+01 5.300000000000000000e+01 3.000000000000000000e+00
1.648699999999998766e+01 3.923051309585571289e+01 5.400000000000000000e+01 6.790000000000000000e+02
1.701099999999998147e+01 3.923051309585571289e+01 5.500000000000000000e+01 1.129000000000000000e+03
1.753699999999997416e+01 3.923051309585571289e+01 5.600000000000000000e+01 8.850000000000000000e+02
1.775299999999997169e+01 3.923051309585571289e+01 5.700000000000000000e+01 1.263000000000000000e+03
1.815299999999993830e+01 3.923051309585571289e+01 5.800000000000000000e+01 1.650000000000000000e+03
1.882799999999991769e+01 3.923051309585571289e+01 5.900000000000000000e+01 1.278000000000000000e+03
1.934099999999992647e+01 3.923051309585571289e+01 6.000000000000000000e+01 5.670000000000000000e+02
2.159099999999997976e+01 3.923051309585571289e+01 6.100000000000000000e+01 2.413000000000000000e+03
2.275000000000001421e+01 3.923051309585571289e+01 6.200000000000000000e+01 2.748000000000000000e+03
2.330400000000003402e+01 3.923051309585571289e+01 6.300000000000000000e+01 1.584000000000000000e+03
2.513600000000009871e+01 3.923051309585571289e+01 6.400000000000000000e+01 2.348000000000000000e+03
2.732800000000019480e+01 3.923051309585571289e+01 6.500000000000000000e+01 3.536000000000000000e+03
2.984500000000027242e+01 3.923051309585571289e+01 6.600000000000000000e+01 5.066000000000000000e+03
3.034000000000029829e+01 3.923051309585571289e+01 6.700000000000000000e+01 2.800000000000000000e+03
3.290400000000038716e+01 3.923051309585571289e+01 6.800000000000000000e+01 2.389000000000000000e+03
3.502000000000047208e+01 3.923051309585571289e+01 6.900000000000000000e+01 4.485000000000000000e+03
3.665300000000053160e+01 3.923051309585571289e+01 7.000000000000000000e+01 3.806000000000000000e+03
3.922500000000062670e+01 3.923051309585571289e+01 7.100000000000000000e+01 4.045000000000000000e+03
6.541300000000137516e+01 3.923051309585571289e+01 7.200000000000000000e+01 2.908000000000000000e+03
3.923051309585571289e+01 3.923051309585571289e+01 0.000000000000000000e+00 0.000000000000000000e+00
3.923051309585571289e+01 3.923051309585571289e+01 0.000000000000000000e+00 0.000000000000000000e+00
1.671000000000000263e+00 4.316074442863464355e+01 0.000000000000000000e+00 3.000000000000000000e+00
2.044000000000000039e+00 4.316074442863464355e+01 1.000000000000000000e+00 0.000000000000000000e+00
2.403999999999999915e+00 4.316074442863464355e+01 2.000000000000000000e+00 3.000000000000000000e+00
2.592999999999999972e+00 4.316074442863464355e+01 3.000000000000000000e+00 7.000000000000000000e+00
2.766999999999999904e+00 4.316074442863464355e+01 4.000000000000000000e+00 1.100000000000000000e+01
2.766999999999999904e+00 4.316074442863464355e+01 5.000000000000000000e+00 1.400000000000000000e+01
3.286999999999999478e+00 4.316074442863464355e+01 6.000000000000000000e+00 2.700000000000000000e+01
3.459999999999999520e+00 4.316074442863464355e+01 7.000000000000000000e+00 2.400000000000000000e+01
3.459999999999999520e+00 4.316074442863464355e+01 8.000000000000000000e+00 2.700000000000000000e+01
3.459999999999999520e+00 4.316074442863464355e+01 9.000000000000000000e+00 1.900000000000000000e+01
3.814999999999999503e+00 4.316074442863464355e+01 1.000000000000000000e+01 1.000000000000000000e+00
3.814999999999999503e+00 4.316074442863464355e+01 1.100000000000000000e+01 1.900000000000000000e+01
3.972999999999999421e+00 4.316074442863464355e+01 1.200000000000000000e+01 2.700000000000000000e+01
4.117999999999999439e+00 4.316074442863464355e+01 1.300000000000000000e+01 1.400000000000000000e+01
4.252999999999999226e+00 4.316074442863464355e+01 1.400000000000000000e+01 8.000000000000000000e+00
4.384999999999998899e+00 4.316074442863464355e+01 1.500000000000000000e+01 2.500000000000000000e+01
4.384999999999998899e+00 4.316074442863464355e+01 1.600000000000000000e+01 3.200000000000000000e+01
4.607000000000000206e+00 4.316074442863464355e+01 1.700000000000000000e+01 2.800000000000000000e+01
4.891000000000000014e+00 4.316074442863464355e+01 1.800000000000000000e+01 2.600000000000000000e+01
4.969000000000000306e+00 4.316074442863464355e+01 1.900000000000000000e+01 6.200000000000000000e+01
5.501999999999998892e+00 4.316074442863464355e+01 2.000000000000000000e+01 5.200000000000000000e+01
5.615999999999998771e+00 4.316074442863464355e+01 2.100000000000000000e+01 5.900000000000000000e+01
5.651999999999999247e+00 4.316074442863464355e+01 2.200000000000000000e+01 5.800000000000000000e+01
5.748999999999999666e+00 4.316074442863464355e+01 2.300000000000000000e+01 6.400000000000000000e+01
6.027999999999999581e+00 4.316074442863464355e+01 2.400000000000000000e+01 7.200000000000000000e+01
6.358999999999999098e+00 4.316074442863464355e+01 2.500000000000000000e+01 6.300000000000000000e+01
6.358999999999999098e+00 4.316074442863464355e+01 2.600000000000000000e+01 7.600000000000000000e+01
6.470999999999999197e+00 4.316074442863464355e+01 2.700000000000000000e+01 5.900000000000000000e+01
6.657999999999999474e+00 4.316074442863464355e+01 2.800000000000000000e+01 6.900000000000000000e+01
6.925999999999999268e+00 4.316074442863464355e+01 2.900000000000000000e+01 5.000000000000000000e+01
7.029999999999999361e+00 4.316074442863464355e+01 3.000000000000000000e+01 6.400000000000000000e+01
7.433999999999999275e+00 4.316074442863464355e+01 3.100000000000000000e+01 4.800000000000000000e+01
7.347999999999998977e+00 4.316074442863464355e+01 3.200000000000000000e+01 9.200000000000000000e+01
7.992999999999998550e+00 4.316074442863464355e+01 3.300000000000000000e+01 1.240000000000000000e+02
7.956999999999998963e+00 4.316074442863464355e+01 3.400000000000000000e+01 1.320000000000000000e+02
8.154999999999999361e+00 4.316074442863464355e+01 3.500000000000000000e+01 1.480000000000000000e+02
8.623999999999998778e+00 4.316074442863464355e+01 3.600000000000000000e+01 1.700000000000000000e+02
8.420999999999997598e+00 4.316074442863464355e+01 3.700000000000000000e+01 1.990000000000000000e+02
8.954999999999996518e+00 4.316074442863464355e+01 3.800000000000000000e+01 2.030000000000000000e+02
9.062999999999997058e+00 4.316074442863464355e+01 3.900000000000000000e+01 2.260000000000000000e+02
9.176999999999997826e+00 4.316074442863464355e+01 4.000000000000000000e+01 1.890000000000000000e+02
9.423999999999997712e+00 4.316074442863464355e+01 4.100000000000000000e+01 1.890000000000000000e+02
9.638999999999995794e+00 4.316074442863464355e+01 4.200000000000000000e+01 2.570000000000000000e+02
1.001599999999999824e+01 4.316074442863464355e+01 4.300000000000000000e+01 2.400000000000000000e+02
1.034899999999999842e+01 4.316074442863464355e+01 4.400000000000000000e+01 3.500000000000000000e+02
1.067100000000000293e+01 4.316074442863464355e+01 4.500000000000000000e+01 3.730000000000000000e+02
1.110300000000000331e+01 4.316074442863464355e+01 4.600000000000000000e+01 3.270000000000000000e+02
1.111800000000000210e+01 4.316074442863464355e+01 4.700000000000000000e+01 4.650000000000000000e+02
1.163200000000000500e+01 4.316074442863464355e+01 4.800000000000000000e+01 4.240000000000000000e+02
1.213000000000000433e+01 4.316074442863464355e+01 4.900000000000000000e+01 4.060000000000000000e+02
1.245900000000000318e+01 4.316074442863464355e+01 5.000000000000000000e+01 6.260000000000000000e+02
1.316500000000000270e+01 4.316074442863464355e+01 5.100000000000000000e+01 6.930000000000000000e+02
1.361599999999999966e+01 4.316074442863464355e+01 5.200000000000000000e+01 4.840000000000000000e+02
1.570499999999997698e+01 4.316074442863464355e+01 5.300000000000000000e+01 1.000000000000000000e+01
1.767799999999997240e+01 4.316074442863464355e+01 5.400000000000000000e+01 1.262000000000000000e+03
1.866299999999995407e+01 4.316074442863464355e+01 5.500000000000000000e+01 2.027000000000000000e+03
1.957999999999993435e+01 4.316074442863464355e+01 5.600000000000000000e+01 1.947000000000000000e+03
1.977899999999992886e+01 4.316074442863464355e+01 5.700000000000000000e+01 2.066000000000000000e+03
2.021899999999990882e+01 4.316074442863464355e+01 5.800000000000000000e+01 1.808000000000000000e+03
2.034999999999990905e+01 4.316074442863464355e+01 5.900000000000000000e+01 1.938000000000000000e+03
2.093199999999990979e+01 4.316074442863464355e+01 6.000000000000000000e+01 1.627000000000000000e+03
2.239699999999994873e+01 4.316074442863464355e+01 6.100000000000000000e+01 2.904000000000000000e+03
2.767700000000013105e+01 4.316074442863464355e+01 6.200000000000000000e+01 3.424000000000000000e+03
2.857900000000015694e+01 4.316074442863464355e+01 6.300000000000000000e+01 5.040000000000000000e+03
3.001400000000021251e+01 4.316074442863464355e+01 6.400000000000000000e+01 4.502000000000000000e+03
3.125100000000026057e+01 4.316074442863464355e+01 6.500000000000000000e+01 3.967000000000000000e+03
3.224800000000029598e+01 4.316074442863464355e+01 6.600000000000000000e+01 4.255000000000000000e+03
3.286300000000032639e+01 4.316074442863464355e+01 6.700000000000000000e+01 5.184000000000000000e+03
3.857600000000052631e+01 4.316074442863464355e+01 6.800000000000000000e+01 5.070000000000000000e+03
3.893600000000055417e+01 4.316074442863464355e+01 6.900000000000000000e+01 3.384000000000000000e+03
3.978000000000056247e+01 4.316074442863464355e+01 7.000000000000000000e+01 4.451000000000000000e+03
4.318300000000069616e+01 4.316074442863464355e+01 7.100000000000000000e+01 3.754000000000000000e+03
6.630700000000139482e+01 4.316074442863464355e+01 7.200000000000000000e+01 1.933000000000000000e+03
4.316074442863464355e+01 4.316074442863464355e+01 0.000000000000000000e+00 0.000000000000000000e+00
4.316074442863464355e+01 4.316074442863464355e+01 0.000000000000000000e+00 0.000000000000000000e+00
1.840999999999999970e+00 3.168424654006958008e+01 0.000000000000000000e+00 3.000000000000000000e+00
2.415999999999999925e+00 3.168424654006958008e+01 1.000000000000000000e+00 5.000000000000000000e+00
2.415999999999999925e+00 3.168424654006958008e+01 2.000000000000000000e+00 9.000000000000000000e+00
2.789999999999999591e+00 3.168424654006958008e+01 3.000000000000000000e+00 2.000000000000000000e+01
3.002999999999999670e+00 3.168424654006958008e+01 4.000000000000000000e+00 1.500000000000000000e+01
3.242999999999999439e+00 3.168424654006958008e+01 5.000000000000000000e+00 9.000000000000000000e+00
3.242999999999999439e+00 3.168424654006958008e+01 6.000000000000000000e+00 1.400000000000000000e+01
3.242999999999999439e+00 3.168424654006958008e+01 7.000000000000000000e+00 2.600000000000000000e+01
3.242999999999999439e+00 3.168424654006958008e+01 8.000000000000000000e+00 1.100000000000000000e+01
3.903999999999999027e+00 3.168424654006958008e+01 9.000000000000000000e+00 1.800000000000000000e+01
4.061999999999999389e+00 3.168424654006958008e+01 1.000000000000000000e+01 3.600000000000000000e+01
4.216999999999999638e+00 3.168424654006958008e+01 1.100000000000000000e+01 2.100000000000000000e+01
4.363999999999999879e+00 3.168424654006958008e+01 1.200000000000000000e+01 2.200000000000000000e+01
4.343999999999999417e+00 3.168424654006958008e+01 1.300000000000000000e+01 3.300000000000000000e+01
4.436999999999998501e+00 3.168424654006958008e+01 1.400000000000000000e+01 3.000000000000000000e+00
4.820999999999999730e+00 3.168424654006958008e+01 1.500000000000000000e+01 4.200000000000000000e+01
4.820999999999999730e+00 3.168424654006958008e+01 1.600000000000000000e+01 5.500000000000000000e+01
5.197999999999999510e+00 3.168424654006958008e+01 1.700000000000000000e+01 4.900000000000000000e+01
5.326999999999999957e+00 3.168424654006958008e+01 1.800000000000000000e+01 2.300000000000000000e+01
5.447000000000000064e+00 3.168424654006958008e+01 1.900000000000000000e+01 3.900000000000000000e+01
5.666000000000000369e+00 3.168424654006958008e+01 2.000000000000000000e+01 4.800000000000000000e+01
5.842000000000001414e+00 3.168424654006958008e+01 2.100000000000000000e+01 5.000000000000000000e+01
6.096000000000001862e+00 3.168424654006958008e+01 2.200000000000000000e+01 7.900000000000000000e+01
6.305000000000001492e+00 3.168424654006958008e+01 2.300000000000000000e+01 5.900000000000000000e+01
6.485000000000001208e+00 3.168424654006958008e+01 2.400000000000000000e+01 1.030000000000000000e+02
6.814000000000001833e+00 3.168424654006958008e+01 2.500000000000000000e+01 1.000000000000000000e+02
6.930000000000001492e+00 3.168424654006958008e+01 2.600000000000000000e+01 6.100000000000000000e+01
7.116000000000001435e+00 3.168424654006958008e+01 2.700000000000000000e+01 9.100000000000000000e+01
7.208000000000001073e+00 3.168424654006958008e+01 2.800000000000000000e+01 6.800000000000000000e+01
7.527000000000000135e+00 3.168424654006958008e+01 2.900000000000000000e+01 1.270000000000000000e+02
7.372999999999999332e+00 3.168424654006958008e+01 3.000000000000000000e+01 7.700000000000000000e+01
7.830000000000000959e+00 3.168424654006958008e+01 3.100000000000000000e+01 7.400000000000000000e+01
7.976000000000000867e+00 3.168424654006958008e+01 3.200000000000000000e+01 1.330000000000000000e+02
7.898000000000000576e+00 3.168424654006958008e+01 3.300000000000000000e+01 8.000000000000000000e+01
8.186000000000001720e+00 3.168424654006958008e+01 3.400000000000000000e+01 1.000000000000000000e+02
8.209000000000001407e+00 3.168424654006958008e+01 3.500000000000000000e+01 1.570000000000000000e+02
8.390000000000000568e+00 3.168424654006958008e+01 3.600000000000000000e+01 1.500000000000000000e+02
8.815000000000003055e+00 3.168424654006958008e+01 3.700000000000000000e+01 1.850000000000000000e+02
9.182000000000003936e+00 3.168424654006958008e+01 3.800000000000000000e+01 1.880000000000000000e+02
9.253000000000005443e+00 3.168424654006958008e+01 3.900000000000000000e+01 2.070000000000000000e+02
9.645000000000006679e+00 3.168424654006958008e+01 4.000000000000000000e+01 2.180000000000000000e+02
9.908000000000004803e+00 3.168424654006958008e+01 4.100000000000000000e+01 2.850000000000000000e+02
1.021100000000000563e+01 3.168424654006958008e+01 4.200000000000000000e+01 2.390000000000000000e+02
1.064100000000000534e+01 3.168424654006958008e+01 4.300000000000000000e+01 3.280000000000000000e+02
1.060000000000000497e+01 3.168424654006958008e+01 4.400000000000000000e+01 4.200000000000000000e+01
1.115200000000000635e+01 3.168424654006958008e+01 4.500000000000000000e+01 3.370000000000000000e+02
1.156000000000000938e+01 3.168424654006958008e+01 4.600000000000000000e+01 3.540000000000000000e+02
1.206500000000000483e+01 3.168424654006958008e+01 4.700000000000000000e+01 5.390000000000000000e+02
1.237900000000000666e+01 3.168424654006958008e+01 4.800000000000000000e+01 4.670000000000000000e+02
1.316100000000000314e+01 3.168424654006958008e+01 4.900000000000000000e+01 6.740000000000000000e+02
1.292400000000000304e+01 3.168424654006958008e+01 5.000000000000000000e+01 4.890000000000000000e+02
1.354299999999999926e+01 3.168424654006958008e+01 5.100000000000000000e+01 6.570000000000000000e+02
1.425299999999999478e+01 3.168424654006958008e+01 5.200000000000000000e+01 5.790000000000000000e+02
1.405699999999999150e+01 3.168424654006958008e+01 5.300000000000000000e+01 7.650000000000000000e+02
1.439899999999999558e+01 3.168424654006958008e+01 5.400000000000000000e+01 8.440000000000000000e+02
1.522299999999999542e+01 3.168424654006958008e+01 5.500000000000000000e+01 1.191000000000000000e+03
1.540100000000000158e+01 3.168424654006958008e+01 5.600000000000000000e+01 7.600000000000000000e+02
1.616599999999999682e+01 3.168424654006958008e+01 5.700000000000000000e+01 8.360000000000000000e+02
1.729699999999994020e+01 3.168424654006958008e+01 5.800000000000000000e+01 1.649000000000000000e+03
1.799899999999993128e+01 3.168424654006958008e+01 5.900000000000000000e+01 1.290000000000000000e+03
1.888699999999994716e+01 3.168424654006958008e+01 6.000000000000000000e+01 1.418000000000000000e+03
2.009299999999997866e+01 3.168424654006958008e+01 6.100000000000000000e+01 2.460000000000000000e+03
2.085599999999999454e+01 3.168424654006958008e+01 6.200000000000000000e+01 1.578000000000000000e+03
2.168000000000003880e+01 3.168424654006958008e+01 6.300000000000000000e+01 2.296000000000000000e+03
2.328900000000008674e+01 3.168424654006958008e+01 6.400000000000000000e+01 2.505000000000000000e+03
2.413900000000012369e+01 3.168424654006958008e+01 6.500000000000000000e+01 3.743000000000000000e+03
2.500500000000014822e+01 3.168424654006958008e+01 6.600000000000000000e+01 1.556000000000000000e+03
2.539200000000016999e+01 3.168424654006958008e+01 6.700000000000000000e+01 4.222000000000000000e+03
2.669000000000021799e+01 3.168424654006958008e+01 6.800000000000000000e+01 2.256000000000000000e+03
2.731000000000023675e+01 3.168424654006958008e+01 6.900000000000000000e+01 2.200000000000000000e+03
2.862400000000028299e+01 3.168424654006958008e+01 7.000000000000000000e+01 2.100000000000000000e+03
3.164800000000039759e+01 3.168424654006958008e+01 7.100000000000000000e+01 2.251000000000000000e+03
6.346900000000118069e+01 3.168424654006958008e+01 7.200000000000000000e+01 9.400000000000000000e+02
3.168424654006958008e+01 3.168424654006958008e+01 0.000000000000000000e+00 0.000000000000000000e+00
3.168424654006958008e+01 3.168424654006958008e+01 0.000000000000000000e+00 0.000000000000000000e+00
1.889000000000000234e+00 3.367901158332824707e+01 0.000000000000000000e+00 9.000000000000000000e+00
2.680000000000000160e+00 3.367901158332824707e+01 1.000000000000000000e+00 1.400000000000000000e+01
2.870999999999999996e+00 3.367901158332824707e+01 2.000000000000000000e+00 1.400000000000000000e+01
2.872000000000000330e+00 3.367901158332824707e+01 3.000000000000000000e+00 2.000000000000000000e+01
3.241999999999999993e+00 3.367901158332824707e+01 4.000000000000000000e+00 1.700000000000000000e+01
3.463999999999999968e+00 3.367901158332824707e+01 5.000000000000000000e+00 2.500000000000000000e+01
3.463999999999999968e+00 3.367901158332824707e+01 6.000000000000000000e+00 2.000000000000000000e+01
3.657999999999999918e+00 3.367901158332824707e+01 7.000000000000000000e+00 1.900000000000000000e+01
3.818999999999999950e+00 3.367901158332824707e+01 8.000000000000000000e+00 2.000000000000000000e+01
1.127499999999999858e+01 3.367901158332824707e+01 9.000000000000000000e+00 1.000000000000000000e+00
4.126999999999999780e+00 3.367901158332824707e+01 1.000000000000000000e+01 2.400000000000000000e+01
4.274999999999999467e+00 3.367901158332824707e+01 1.100000000000000000e+01 2.100000000000000000e+01
4.435999999999999055e+00 3.367901158332824707e+01 1.200000000000000000e+01 2.400000000000000000e+01
4.621999999999998998e+00 3.367901158332824707e+01 1.300000000000000000e+01 7.000000000000000000e+00
4.621999999999998998e+00 3.367901158332824707e+01 1.400000000000000000e+01 5.000000000000000000e+00
4.621999999999998998e+00 3.367901158332824707e+01 1.500000000000000000e+01 2.100000000000000000e+01
1.507899999999999885e+01 3.367901158332824707e+01 1.600000000000000000e+01 1.300000000000000000e+01
4.891999999999999460e+00 3.367901158332824707e+01 1.700000000000000000e+01 1.000000000000000000e+00
5.123000000000001108e+00 3.367901158332824707e+01 1.800000000000000000e+01 2.200000000000000000e+01
5.201000000000000512e+00 3.367901158332824707e+01 1.900000000000000000e+01 3.000000000000000000e+00
5.512000000000000455e+00 3.367901158332824707e+01 2.000000000000000000e+01 2.200000000000000000e+01
5.628000000000000114e+00 3.367901158332824707e+01 2.100000000000000000e+01 1.200000000000000000e+01
5.628000000000000114e+00 3.367901158332824707e+01 2.200000000000000000e+01 4.000000000000000000e+01
5.616000000000000547e+00 3.367901158332824707e+01 2.300000000000000000e+01 2.900000000000000000e+01
5.546000000000000263e+00 3.367901158332824707e+01 2.400000000000000000e+01 6.000000000000000000e+00
5.738000000000000433e+00 3.367901158332824707e+01 2.500000000000000000e+01 1.900000000000000000e+01
6.159000000000000696e+00 3.367901158332824707e+01 2.600000000000000000e+01 5.800000000000000000e+01
6.294000000000001371e+00 3.367901158332824707e+01 2.700000000000000000e+01 5.300000000000000000e+01
6.449000000000001620e+00 3.367901158332824707e+01 2.800000000000000000e+01 4.000000000000000000e+01
7.205000000000001847e+00 3.367901158332824707e+01 2.900000000000000000e+01 5.400000000000000000e+01
7.308000000000002494e+00 3.367901158332824707e+01 3.000000000000000000e+01 8.600000000000000000e+01
7.828000000000002068e+00 3.367901158332824707e+01 3.100000000000000000e+01 1.540000000000000000e+02
8.180000000000001492e+00 3.367901158332824707e+01 3.200000000000000000e+01 1.190000000000000000e+02
8.147000000000002018e+00 3.367901158332824707e+01 3.300000000000000000e+01 1.260000000000000000e+02
8.693000000000003169e+00 3.367901158332824707e+01 3.400000000000000000e+01 1.880000000000000000e+02
8.882000000000001450e+00 3.367901158332824707e+01 3.500000000000000000e+01 1.410000000000000000e+02
9.211000000000003851e+00 3.367901158332824707e+01 3.600000000000000000e+01 1.890000000000000000e+02
9.612000000000003652e+00 3.367901158332824707e+01 3.700000000000000000e+01 1.960000000000000000e+02
9.480000000000002203e+00 3.367901158332824707e+01 3.800000000000000000e+01 2.240000000000000000e+02
9.769000000000003681e+00 3.367901158332824707e+01 3.900000000000000000e+01 1.640000000000000000e+02
1.000600000000000378e+01 3.367901158332824707e+01 4.000000000000000000e+01 2.200000000000000000e+02
1.022800000000000686e+01 3.367901158332824707e+01 4.100000000000000000e+01 2.540000000000000000e+02
1.008200000000000784e+01 3.367901158332824707e+01 4.200000000000000000e+01 2.680000000000000000e+02
1.112100000000000399e+01 3.367901158332824707e+01 4.300000000000000000e+01 3.390000000000000000e+02
1.112300000000000288e+01 3.367901158332824707e+01 4.400000000000000000e+01 2.870000000000000000e+02
1.183100000000000662e+01 3.367901158332824707e+01 4.500000000000000000e+01 4.040000000000000000e+02
1.238900000000000823e+01 3.367901158332824707e+01 4.600000000000000000e+01 4.490000000000000000e+02
1.297800000000000686e+01 3.367901158332824707e+01 4.700000000000000000e+01 5.220000000000000000e+02
1.337700000000000777e+01 3.367901158332824707e+01 4.800000000000000000e+01 4.780000000000000000e+02
1.405200000000000493e+01 3.367901158332824707e+01 4.900000000000000000e+01 6.990000000000000000e+02
1.447600000000000264e+01 3.367901158332824707e+01 5.000000000000000000e+01 5.650000000000000000e+02
1.499399999999999977e+01 3.367901158332824707e+01 5.100000000000000000e+01 8.480000000000000000e+02
1.549999999999999289e+01 3.367901158332824707e+01 5.200000000000000000e+01 6.700000000000000000e+02
1.614399999999998769e+01 3.367901158332824707e+01 5.300000000000000000e+01 8.850000000000000000e+02
1.616999999999998394e+01 3.367901158332824707e+01 5.400000000000000000e+01 7.600000000000000000e+02
1.682399999999996609e+01 3.367901158332824707e+01 5.500000000000000000e+01 1.102000000000000000e+03
1.756399999999995742e+01 3.367901158332824707e+01 5.600000000000000000e+01 1.423000000000000000e+03
1.897699999999993992e+01 3.367901158332824707e+01 5.700000000000000000e+01 1.364000000000000000e+03
1.932399999999992701e+01 3.367901158332824707e+01 5.800000000000000000e+01 1.226000000000000000e+03
1.979499999999991999e+01 3.367901158332824707e+01 5.900000000000000000e+01 1.839000000000000000e+03
2.089199999999993196e+01 3.367901158332824707e+01 6.000000000000000000e+01 2.262000000000000000e+03
2.153799999999994341e+01 3.367901158332824707e+01 6.100000000000000000e+01 1.945000000000000000e+03
2.233099999999997465e+01 3.367901158332824707e+01 6.200000000000000000e+01 2.015000000000000000e+03
2.315800000000000125e+01 3.367901158332824707e+01 6.300000000000000000e+01 2.168000000000000000e+03
2.393200000000003769e+01 3.367901158332824707e+01 6.400000000000000000e+01 1.510000000000000000e+03
2.529700000000007876e+01 3.367901158332824707e+01 6.500000000000000000e+01 1.868000000000000000e+03
2.618100000000011107e+01 3.367901158332824707e+01 6.600000000000000000e+01 3.639000000000000000e+03
2.753800000000016013e+01 3.367901158332824707e+01 6.700000000000000000e+01 3.367000000000000000e+03
2.835700000000019116e+01 3.367901158332824707e+01 6.800000000000000000e+01 2.876000000000000000e+03
2.924100000000022348e+01 3.367901158332824707e+01 6.900000000000000000e+01 1.766000000000000000e+03
3.003600000000025361e+01 3.367901158332824707e+01 7.000000000000000000e+01 2.947000000000000000e+03
3.356200000000038841e+01 3.367901158332824707e+01 7.100000000000000000e+01 2.569000000000000000e+03
6.486100000000153898e+01 3.367901158332824707e+01 7.200000000000000000e+01 1.907000000000000000e+03
3.367901158332824707e+01 3.367901158332824707e+01 0.000000000000000000e+00 0.000000000000000000e+00
3.367901158332824707e+01 3.367901158332824707e+01 0.000000000000000000e+00 0.000000000000000000e+00
1.660000000000000142e+00 4.008808135986328125e+01 0.000000000000000000e+00 0.000000000000000000e+00
2.435000000000000497e+00 4.008808135986328125e+01 1.000000000000000000e+00 3.000000000000000000e+00
2.618000000000000327e+00 4.008808135986328125e+01 2.000000000000000000e+00 9.000000000000000000e+00
3.015000000000000568e+00 4.008808135986328125e+01 3.000000000000000000e+00 2.500000000000000000e+01
3.204000000000000625e+00 4.008808135986328125e+01 4.000000000000000000e+00 2.200000000000000000e+01
3.567000000000000615e+00 4.008808135986328125e+01 5.000000000000000000e+00 2.500000000000000000e+01
3.567000000000000615e+00 4.008808135986328125e+01 6.000000000000000000e+00 1.600000000000000000e+01
3.714000000000000856e+00 4.008808135986328125e+01 7.000000000000000000e+00 2.000000000000000000e+01
4.055000000000000604e+00 4.008808135986328125e+01 8.000000000000000000e+00 2.100000000000000000e+01
4.055000000000000604e+00 4.008808135986328125e+01 9.000000000000000000e+00 2.400000000000000000e+01
4.208000000000000185e+00 4.008808135986328125e+01 1.000000000000000000e+01 4.000000000000000000e+00
4.411000000000000476e+00 4.008808135986328125e+01 1.100000000000000000e+01 1.600000000000000000e+01
4.411000000000000476e+00 4.008808135986328125e+01 1.200000000000000000e+01 2.300000000000000000e+01
4.582000000000000739e+00 4.008808135986328125e+01 1.300000000000000000e+01 3.200000000000000000e+01
4.867000000000000881e+00 4.008808135986328125e+01 1.400000000000000000e+01 2.800000000000000000e+01
5.003000000000001002e+00 4.008808135986328125e+01 1.500000000000000000e+01 4.600000000000000000e+01
5.133000000000000895e+00 4.008808135986328125e+01 1.600000000000000000e+01 3.200000000000000000e+01
5.217000000000001414e+00 4.008808135986328125e+01 1.700000000000000000e+01 4.800000000000000000e+01
5.506000000000001116e+00 4.008808135986328125e+01 1.800000000000000000e+01 4.400000000000000000e+01
5.619000000000001549e+00 4.008808135986328125e+01 1.900000000000000000e+01 3.600000000000000000e+01
5.619000000000001549e+00 4.008808135986328125e+01 2.000000000000000000e+01 3.300000000000000000e+01
5.834000000000001407e+00 4.008808135986328125e+01 2.100000000000000000e+01 3.400000000000000000e+01
5.834000000000001407e+00 4.008808135986328125e+01 2.200000000000000000e+01 4.700000000000000000e+01
6.045000000000001705e+00 4.008808135986328125e+01 2.300000000000000000e+01 4.200000000000000000e+01
6.148000000000001464e+00 4.008808135986328125e+01 2.400000000000000000e+01 3.500000000000000000e+01
6.155000000000001137e+00 4.008808135986328125e+01 2.500000000000000000e+01 5.000000000000000000e+01
6.514000000000002011e+00 4.008808135986328125e+01 2.600000000000000000e+01 8.700000000000000000e+01
7.192000000000001947e+00 4.008808135986328125e+01 2.700000000000000000e+01 8.900000000000000000e+01
7.281000000000002359e+00 4.008808135986328125e+01 2.800000000000000000e+01 8.800000000000000000e+01
7.092000000000002302e+00 4.008808135986328125e+01 2.900000000000000000e+01 1.020000000000000000e+02
7.291000000000003034e+00 4.008808135986328125e+01 3.000000000000000000e+01 9.600000000000000000e+01
7.671000000000002927e+00 4.008808135986328125e+01 3.100000000000000000e+01 9.100000000000000000e+01
7.714000000000003077e+00 4.008808135986328125e+01 3.200000000000000000e+01 1.210000000000000000e+02
8.226000000000002643e+00 4.008808135986328125e+01 3.300000000000000000e+01 1.620000000000000000e+02
8.294000000000002260e+00 4.008808135986328125e+01 3.400000000000000000e+01 1.240000000000000000e+02
8.415000000000000924e+00 4.008808135986328125e+01 3.500000000000000000e+01 1.210000000000000000e+02
8.653999999999999915e+00 4.008808135986328125e+01 3.600000000000000000e+01 1.560000000000000000e+02
8.714999999999999858e+00 4.008808135986328125e+01 3.700000000000000000e+01 1.580000000000000000e+02
9.051999999999999602e+00 4.008808135986328125e+01 3.800000000000000000e+01 1.900000000000000000e+02
8.903000000000000469e+00 4.008808135986328125e+01 3.900000000000000000e+01 1.850000000000000000e+02
9.413000000000000256e+00 4.008808135986328125e+01 4.000000000000000000e+01 2.270000000000000000e+02
9.607000000000001094e+00 4.008808135986328125e+01 4.100000000000000000e+01 1.600000000000000000e+01
9.697000000000000952e+00 4.008808135986328125e+01 4.200000000000000000e+01 2.480000000000000000e+02
1.008399999999999785e+01 4.008808135986328125e+01 4.300000000000000000e+01 2.930000000000000000e+02
1.039199999999999768e+01 4.008808135986328125e+01 4.400000000000000000e+01 2.650000000000000000e+02
1.072700000000000387e+01 4.008808135986328125e+01 4.500000000000000000e+01 3.600000000000000000e+02
1.134700000000000131e+01 4.008808135986328125e+01 4.600000000000000000e+01 4.650000000000000000e+02
1.186299999999999955e+01 4.008808135986328125e+01 4.700000000000000000e+01 4.100000000000000000e+02
1.220700000000000074e+01 4.008808135986328125e+01 4.800000000000000000e+01 4.240000000000000000e+02
1.242199999999999882e+01 4.008808135986328125e+01 4.900000000000000000e+01 4.270000000000000000e+02
1.276400000000000290e+01 4.008808135986328125e+01 5.000000000000000000e+01 5.530000000000000000e+02
1.334300000000000175e+01 4.008808135986328125e+01 5.100000000000000000e+01 5.230000000000000000e+02
1.364099999999999824e+01 4.008808135986328125e+01 5.200000000000000000e+01 5.520000000000000000e+02
1.432799999999998875e+01 4.008808135986328125e+01 5.300000000000000000e+01 7.630000000000000000e+02
1.526799999999999535e+01 4.008808135986328125e+01 5.400000000000000000e+01 9.080000000000000000e+02
1.594399999999999729e+01 4.008808135986328125e+01 5.500000000000000000e+01 6.220000000000000000e+02
1.646099999999999852e+01 4.008808135986328125e+01 5.600000000000000000e+01 8.830000000000000000e+02
1.704699999999998639e+01 4.008808135986328125e+01 5.700000000000000000e+01 1.476000000000000000e+03
1.765199999999996194e+01 4.008808135986328125e+01 5.800000000000000000e+01 1.388000000000000000e+03
1.795799999999995578e+01 4.008808135986328125e+01 5.900000000000000000e+01 2.077000000000000000e+03
1.881699999999995043e+01 4.008808135986328125e+01 6.000000000000000000e+01 1.393000000000000000e+03
1.906399999999996453e+01 4.008808135986328125e+01 6.100000000000000000e+01 2.011000000000000000e+03
2.000499999999998835e+01 4.008808135986328125e+01 6.200000000000000000e+01 1.600000000000000000e+03
2.029000000000000270e+01 4.008808135986328125e+01 6.300000000000000000e+01 2.434000000000000000e+03
2.121300000000003294e+01 4.008808135986328125e+01 6.400000000000000000e+01 2.753000000000000000e+03
2.205300000000005411e+01 4.008808135986328125e+01 6.500000000000000000e+01 1.193000000000000000e+03
2.310900000000010124e+01 4.008808135986328125e+01 6.600000000000000000e+01 2.126000000000000000e+03
2.586100000000020316e+01 4.008808135986328125e+01 6.700000000000000000e+01 3.808000000000000000e+03
2.679400000000023851e+01 4.008808135986328125e+01 6.800000000000000000e+01 3.400000000000000000e+03
3.052700000000037761e+01 4.008808135986328125e+01 6.900000000000000000e+01 3.270000000000000000e+03
3.207600000000044105e+01 4.008808135986328125e+01 7.000000000000000000e+01 3.544000000000000000e+03
3.988000000000072021e+01 4.008808135986328125e+01 7.100000000000000000e+01 3.844000000000000000e+03
6.405000000000117666e+01 4.008808135986328125e+01 7.200000000000000000e+01 1.178000000000000000e+03
4.008808135986328125e+01 4.008808135986328125e+01 0.000000000000000000e+00 0.000000000000000000e+00
4.008808135986328125e+01 4.008808135986328125e+01 0.000000000000000000e+00 0.000000000000000000e+00
1.675999999999999934e+00 3.682027053833007812e+01 0.000000000000000000e+00 0.000000000000000000e+00
2.480999999999999872e+00 3.682027053833007812e+01 1.000000000000000000e+00 6.000000000000000000e+00
7.323000000000000398e+00 3.682027053833007812e+01 2.000000000000000000e+00 1.500000000000000000e+01
2.683999999999999719e+00 3.682027053833007812e+01 3.000000000000000000e+00 5.000000000000000000e+00
3.215999999999999748e+00 3.682027053833007812e+01 4.000000000000000000e+00 1.600000000000000000e+01
3.560999999999999499e+00 3.682027053833007812e+01 5.000000000000000000e+00 2.000000000000000000e+00
3.560999999999999499e+00 3.682027053833007812e+01 6.000000000000000000e+00 1.500000000000000000e+01
3.905999999999999250e+00 3.682027053833007812e+01 7.000000000000000000e+00 2.300000000000000000e+01
3.905999999999999250e+00 3.682027053833007812e+01 8.000000000000000000e+00 2.900000000000000000e+01
4.094999999999998863e+00 3.682027053833007812e+01 9.000000000000000000e+00 2.300000000000000000e+01
4.261999999999998678e+00 3.682027053833007812e+01 1.000000000000000000e+01 2.400000000000000000e+01
4.577999999999998515e+00 3.682027053833007812e+01 1.100000000000000000e+01 3.200000000000000000e+01
4.701999999999999069e+00 3.682027053833007812e+01 1.200000000000000000e+01 3.900000000000000000e+01
4.875999999999998558e+00 3.682027053833007812e+01 1.300000000000000000e+01 2.600000000000000000e+01
4.875999999999998558e+00 3.682027053833007812e+01 1.400000000000000000e+01 4.000000000000000000e+01
4.686999999999999389e+00 3.682027053833007812e+01 1.500000000000000000e+01 3.700000000000000000e+01
4.861999999999999211e+00 3.682027053833007812e+01 1.600000000000000000e+01 3.900000000000000000e+01
5.133999999999998565e+00 3.682027053833007812e+01 1.700000000000000000e+01 3.700000000000000000e+01
5.394999999999998685e+00 3.682027053833007812e+01 1.800000000000000000e+01 2.900000000000000000e+01
5.513999999999998458e+00 3.682027053833007812e+01 1.900000000000000000e+01 4.100000000000000000e+01
5.513999999999998458e+00 3.682027053833007812e+01 2.000000000000000000e+01 4.600000000000000000e+01
5.461999999999998856e+00 3.682027053833007812e+01 2.100000000000000000e+01 2.200000000000000000e+01
5.837999999999998302e+00 3.682027053833007812e+01 2.200000000000000000e+01 3.700000000000000000e+01
6.135999999999998344e+00 3.682027053833007812e+01 2.300000000000000000e+01 3.200000000000000000e+01
6.135999999999998344e+00 3.682027053833007812e+01 2.400000000000000000e+01 2.900000000000000000e+01
6.332999999999998408e+00 3.682027053833007812e+01 2.500000000000000000e+01 5.300000000000000000e+01
6.512999999999998124e+00 3.682027053833007812e+01 2.600000000000000000e+01 4.900000000000000000e+01
6.877999999999999226e+00 3.682027053833007812e+01 2.700000000000000000e+01 5.600000000000000000e+01
2.133899999999999153e+01 3.682027053833007812e+01 2.800000000000000000e+01 1.150000000000000000e+02
7.429999999999997939e+00 3.682027053833007812e+01 2.900000000000000000e+01 1.080000000000000000e+02
7.142999999999998906e+00 3.682027053833007812e+01 3.000000000000000000e+01 9.300000000000000000e+01
7.817999999999997840e+00 3.682027053833007812e+01 3.100000000000000000e+01 1.030000000000000000e+02
8.179999999999997939e+00 3.682027053833007812e+01 3.200000000000000000e+01 1.150000000000000000e+02
8.528000000000000469e+00 3.682027053833007812e+01 3.300000000000000000e+01 1.140000000000000000e+02
9.183000000000001606e+00 3.682027053833007812e+01 3.400000000000000000e+01 2.080000000000000000e+02
9.171000000000001151e+00 3.682027053833007812e+01 3.500000000000000000e+01 2.120000000000000000e+02
9.504000000000001336e+00 3.682027053833007812e+01 3.600000000000000000e+01 1.860000000000000000e+02
9.372000000000001663e+00 3.682027053833007812e+01 3.700000000000000000e+01 1.810000000000000000e+02
9.619000000000001549e+00 3.682027053833007812e+01 3.800000000000000000e+01 1.900000000000000000e+02
9.765000000000000568e+00 3.682027053833007812e+01 3.900000000000000000e+01 2.050000000000000000e+02
1.024200000000000088e+01 3.682027053833007812e+01 4.000000000000000000e+01 2.430000000000000000e+02
1.048399999999999999e+01 3.682027053833007812e+01 4.100000000000000000e+01 2.780000000000000000e+02
1.092499999999999716e+01 3.682027053833007812e+01 4.200000000000000000e+01 3.760000000000000000e+02
1.139699999999999669e+01 3.682027053833007812e+01 4.300000000000000000e+01 3.220000000000000000e+02
1.218199999999999150e+01 3.682027053833007812e+01 4.400000000000000000e+01 4.480000000000000000e+02
1.262899999999999245e+01 3.682027053833007812e+01 4.500000000000000000e+01 4.260000000000000000e+02
1.305799999999999272e+01 3.682027053833007812e+01 4.600000000000000000e+01 5.400000000000000000e+02
1.326699999999999235e+01 3.682027053833007812e+01 4.700000000000000000e+01 7.050000000000000000e+02
1.390299999999999336e+01 3.682027053833007812e+01 4.800000000000000000e+01 6.780000000000000000e+02
1.424599999999999334e+01 3.682027053833007812e+01 4.900000000000000000e+01 7.830000000000000000e+02
1.444799999999999152e+01 3.682027053833007812e+01 5.000000000000000000e+01 6.430000000000000000e+02
1.498999999999999133e+01 3.682027053833007812e+01 5.100000000000000000e+01 6.100000000000000000e+02
1.509899999999998776e+01 3.682027053833007812e+01 5.200000000000000000e+01 7.190000000000000000e+02
1.588799999999998391e+01 3.682027053833007812e+01 5.300000000000000000e+01 1.045000000000000000e+03
1.637899999999997647e+01 3.682027053833007812e+01 5.400000000000000000e+01 9.280000000000000000e+02
1.655499999999997129e+01 3.682027053833007812e+01 5.500000000000000000e+01 1.022000000000000000e+03
1.700999999999995538e+01 3.682027053833007812e+01 5.600000000000000000e+01 9.510000000000000000e+02
1.757099999999995177e+01 3.682027053833007812e+01 5.700000000000000000e+01 8.100000000000000000e+02
1.780299999999994043e+01 3.682027053833007812e+01 5.800000000000000000e+01 1.493000000000000000e+03
1.840899999999992787e+01 3.682027053833007812e+01 5.900000000000000000e+01 1.268000000000000000e+03
1.916699999999992698e+01 3.682027053833007812e+01 6.000000000000000000e+01 1.754000000000000000e+03
1.979199999999994120e+01 3.682027053833007812e+01 6.100000000000000000e+01 1.329000000000000000e+03
2.026099999999995660e+01 3.682027053833007812e+01 6.200000000000000000e+01 1.823000000000000000e+03
2.122599999999998843e+01 3.682027053833007812e+01 6.300000000000000000e+01 1.766000000000000000e+03
2.219100000000003092e+01 3.682027053833007812e+01 6.400000000000000000e+01 1.886000000000000000e+03
2.430200000000009908e+01 3.682027053833007812e+01 6.500000000000000000e+01 2.603000000000000000e+03
2.890100000000027691e+01 3.682027053833007812e+01 6.600000000000000000e+01 3.418000000000000000e+03
2.997000000000030084e+01 3.682027053833007812e+01 6.700000000000000000e+01 3.299000000000000000e+03
3.100300000000035539e+01 3.682027053833007812e+01 6.800000000000000000e+01 4.129000000000000000e+03
3.477500000000049596e+01 3.682027053833007812e+01 6.900000000000000000e+01 2.483000000000000000e+03
3.595500000000052410e+01 3.682027053833007812e+01 7.000000000000000000e+01 2.820000000000000000e+03
3.649900000000057076e+01 3.682027053833007812e+01 7.100000000000000000e+01 3.476000000000000000e+03
5.839300000000093860e+01 3.682027053833007812e+01 7.200000000000000000e+01 1.203000000000000000e+03
3.682027053833007812e+01 3.682027053833007812e+01 0.000000000000000000e+00 0.000000000000000000e+00
3.682027053833007812e+01 3.682027053833007812e+01 0.000000000000000000e+00 0.000000000000000000e+00
2.068999999999999950e+00 6.226601767539978027e+01 0.000000000000000000e+00 7.000000000000000000e+00
2.266000000000000014e+00 6.226601767539978027e+01 1.000000000000000000e+00 1.300000000000000000e+01
2.458000000000000185e+00 6.226601767539978027e+01 2.000000000000000000e+00 1.300000000000000000e+01
2.656000000000000139e+00 6.226601767539978027e+01 3.000000000000000000e+00 2.000000000000000000e+00
3.024000000000000021e+00 6.226601767539978027e+01 4.000000000000000000e+00 2.200000000000000000e+01
3.540000000000000036e+00 6.226601767539978027e+01 5.000000000000000000e+00 1.600000000000000000e+01
3.540000000000000036e+00 6.226601767539978027e+01 6.000000000000000000e+00 2.800000000000000000e+01
3.540000000000000036e+00 6.226601767539978027e+01 7.000000000000000000e+00 1.900000000000000000e+01
3.721999999999999975e+00 6.226601767539978027e+01 8.000000000000000000e+00 2.300000000000000000e+01
3.900999999999999801e+00 6.226601767539978027e+01 9.000000000000000000e+00 2.300000000000000000e+01
4.251999999999999780e+00 6.226601767539978027e+01 1.000000000000000000e+01 2.800000000000000000e+01
4.434999999999999609e+00 6.226601767539978027e+01 1.100000000000000000e+01 2.100000000000000000e+01
4.220999999999999197e+00 6.226601767539978027e+01 1.200000000000000000e+01 8.000000000000000000e+00
4.410999999999999588e+00 6.226601767539978027e+01 1.300000000000000000e+01 3.500000000000000000e+01
4.595999999999999197e+00 6.226601767539978027e+01 1.400000000000000000e+01 2.700000000000000000e+01
4.583999999999999631e+00 6.226601767539978027e+01 1.500000000000000000e+01 2.300000000000000000e+01
5.006999999999998785e+00 6.226601767539978027e+01 1.600000000000000000e+01 8.000000000000000000e+00
1.569599999999999085e+01 6.226601767539978027e+01 1.700000000000000000e+01 4.400000000000000000e+01
5.154999999999998472e+00 6.226601767539978027e+01 1.800000000000000000e+01 3.300000000000000000e+01
5.088999999999998636e+00 6.226601767539978027e+01 1.900000000000000000e+01 2.600000000000000000e+01
5.271999999999998465e+00 6.226601767539978027e+01 2.000000000000000000e+01 1.600000000000000000e+01
5.495999999999998664e+00 6.226601767539978027e+01 2.100000000000000000e+01 3.200000000000000000e+01
5.298999999999998600e+00 6.226601767539978027e+01 2.200000000000000000e+01 4.000000000000000000e+00
5.707999999999998408e+00 6.226601767539978027e+01 2.300000000000000000e+01 4.700000000000000000e+01
6.186999999999999389e+00 6.226601767539978027e+01 2.400000000000000000e+01 3.500000000000000000e+01
6.282999999999999474e+00 6.226601767539978027e+01 2.500000000000000000e+01 3.200000000000000000e+01
7.262999999999999012e+00 6.226601767539978027e+01 2.600000000000000000e+01 7.100000000000000000e+01
2.044899999999999807e+01 6.226601767539978027e+01 2.700000000000000000e+01 3.000000000000000000e+01
7.405999999999998806e+00 6.226601767539978027e+01 2.800000000000000000e+01 7.700000000000000000e+01
8.424000000000001265e+00 6.226601767539978027e+01 2.900000000000000000e+01 1.400000000000000000e+02
8.732000000000001094e+00 6.226601767539978027e+01 3.000000000000000000e+01 1.020000000000000000e+02
9.250999999999999446e+00 6.226601767539978027e+01 3.100000000000000000e+01 1.350000000000000000e+02
9.466999999999998749e+00 6.226601767539978027e+01 3.200000000000000000e+01 1.690000000000000000e+02
9.466999999999998749e+00 6.226601767539978027e+01 3.300000000000000000e+01 1.720000000000000000e+02
9.674999999999998934e+00 6.226601767539978027e+01 3.400000000000000000e+01 1.390000000000000000e+02
9.930999999999999162e+00 6.226601767539978027e+01 3.500000000000000000e+01 2.310000000000000000e+02
9.940999999999997172e+00 6.226601767539978027e+01 3.600000000000000000e+01 1.710000000000000000e+02
1.035199999999999676e+01 6.226601767539978027e+01 3.700000000000000000e+01 2.370000000000000000e+02
1.057099999999999795e+01 6.226601767539978027e+01 3.800000000000000000e+01 1.820000000000000000e+02
1.055799999999999805e+01 6.226601767539978027e+01 3.900000000000000000e+01 2.260000000000000000e+02
1.072599999999999909e+01 6.226601767539978027e+01 4.000000000000000000e+01 2.000000000000000000e+01
1.081099999999999994e+01 6.226601767539978027e+01 4.100000000000000000e+01 1.840000000000000000e+02
1.110000000000000320e+01 6.226601767539978027e+01 4.200000000000000000e+01 2.180000000000000000e+02
1.166800000000000281e+01 6.226601767539978027e+01 4.300000000000000000e+01 3.360000000000000000e+02
1.187000000000000277e+01 6.226601767539978027e+01 4.400000000000000000e+01 3.840000000000000000e+02
1.235500000000000398e+01 6.226601767539978027e+01 4.500000000000000000e+01 3.490000000000000000e+02
1.254300000000000281e+01 6.226601767539978027e+01 4.600000000000000000e+01 4.840000000000000000e+02
1.286600000000000499e+01 6.226601767539978027e+01 4.700000000000000000e+01 4.350000000000000000e+02
1.311900000000000510e+01 6.226601767539978027e+01 4.800000000000000000e+01 5.830000000000000000e+02
1.345200000000000351e+01 6.226601767539978027e+01 4.900000000000000000e+01 4.760000000000000000e+02
1.393600000000000527e+01 6.226601767539978027e+01 5.000000000000000000e+01 4.380000000000000000e+02
1.405700000000000571e+01 6.226601767539978027e+01 5.100000000000000000e+01 4.910000000000000000e+02
1.475200000000000067e+01 6.226601767539978027e+01 5.200000000000000000e+01 7.300000000000000000e+02
1.561299999999999066e+01 6.226601767539978027e+01 5.300000000000000000e+01 8.870000000000000000e+02
1.641599999999998261e+01 6.226601767539978027e+01 5.400000000000000000e+01 1.115000000000000000e+03
1.698099999999996612e+01 6.226601767539978027e+01 5.500000000000000000e+01 9.340000000000000000e+02
1.791899999999995075e+01 6.226601767539978027e+01 5.600000000000000000e+01 9.200000000000000000e+02
1.769199999999995043e+01 6.226601767539978027e+01 5.700000000000000000e+01 1.082000000000000000e+03
1.852699999999991931e+01 6.226601767539978027e+01 5.800000000000000000e+01 1.600000000000000000e+03
1.912499999999990763e+01 6.226601767539978027e+01 5.900000000000000000e+01 1.615000000000000000e+03
1.919399999999992801e+01 6.226601767539978027e+01 6.000000000000000000e+01 1.803000000000000000e+03
2.049399999999993227e+01 6.226601767539978027e+01 6.100000000000000000e+01 1.864000000000000000e+03
2.144399999999995288e+01 6.226601767539978027e+01 6.200000000000000000e+01 1.663000000000000000e+03
2.362600000000004030e+01 6.226601767539978027e+01 6.300000000000000000e+01 2.157000000000000000e+03
2.430900000000006145e+01 6.226601767539978027e+01 6.400000000000000000e+01 2.282000000000000000e+03
2.536000000000009535e+01 6.226601767539978027e+01 6.500000000000000000e+01 2.244000000000000000e+03
3.385400000000041132e+01 6.226601767539978027e+01 6.600000000000000000e+01 3.523000000000000000e+03
3.540500000000047720e+01 6.226601767539978027e+01 6.700000000000000000e+01 2.587000000000000000e+03
4.197600000000072384e+01 6.226601767539978027e+01 6.800000000000000000e+01 9.187000000000000000e+03
5.704800000000126659e+01 6.226601767539978027e+01 6.900000000000000000e+01 9.811000000000000000e+03
5.943700000000136896e+01 6.226601767539978027e+01 7.000000000000000000e+01 8.894000000000000000e+03
6.225900000000146406e+01 6.226601767539978027e+01 7.100000000000000000e+01 8.160000000000000000e+03
5.925700000000114898e+01 6.226601767539978027e+01 7.200000000000000000e+01 2.154000000000000000e+03
6.226601767539978027e+01 6.226601767539978027e+01 0.000000000000000000e+00 0.000000000000000000e+00
6.226601767539978027e+01 6.226601767539978027e+01 0.000000000000000000e+00 0.000000000000000000e+00
