5.052999999999999936e+00 8.792350149154663086e+01 0.000000000000000000e+00 1.900000000000000000e+01
7.108000000000002316e+00 8.792350149154663086e+01 1.000000000000000000e+00 2.600000000000000000e+01
8.536000000000001364e+00 8.792350149154663086e+01 2.000000000000000000e+00 5.300000000000000000e+01
9.596000000000001862e+00 8.792350149154663086e+01 3.000000000000000000e+00 4.900000000000000000e+01
1.011600000000000144e+01 8.792350149154663086e+01 4.000000000000000000e+00 1.090000000000000000e+02
1.061600000000000144e+01 8.792350149154663086e+01 5.000000000000000000e+00 7.000000000000000000e+01
1.142400000000000126e+01 8.792350149154663086e+01 6.000000000000000000e+00 7.400000000000000000e+01
1.174100000000000144e+01 8.792350149154663086e+01 7.000000000000000000e+00 8.200000000000000000e+01
1.297700000000000209e+01 8.792350149154663086e+01 8.000000000000000000e+00 6.800000000000000000e+01
1.328400000000000247e+01 8.792350149154663086e+01 9.000000000000000000e+00 9.500000000000000000e+01
1.324900000000000411e+01 8.792350149154663086e+01 1.000000000000000000e+01 1.090000000000000000e+02
1.400400000000000311e+01 8.792350149154663086e+01 1.100000000000000000e+01 1.330000000000000000e+02
1.468800000000000416e+01 8.792350149154663086e+01 1.200000000000000000e+01 1.320000000000000000e+02
1.509200000000000408e+01 8.792350149154663086e+01 1.300000000000000000e+01 1.020000000000000000e+02
1.547700000000000387e+01 8.792350149154663086e+01 1.400000000000000000e+01 1.670000000000000000e+02
1.573300000000000409e+01 8.792350149154663086e+01 1.500000000000000000e+01 1.420000000000000000e+02
1.646100000000000207e+01 8.792350149154663086e+01 1.600000000000000000e+01 2.050000000000000000e+02
1.676000000000000156e+01 8.792350149154663086e+01 1.700000000000000000e+01 1.720000000000000000e+02
1.716299999999999670e+01 8.792350149154663086e+01 1.800000000000000000e+01 2.270000000000000000e+02
1.759299999999999642e+01 8.792350149154663086e+01 1.900000000000000000e+01 1.540000000000000000e+02
1.837399999999999523e+01 8.792350149154663086e+01 2.000000000000000000e+01 1.730000000000000000e+02
1.858499999999999730e+01 8.792350149154663086e+01 2.100000000000000000e+01 2.150000000000000000e+02
1.919899999999999807e+01 8.792350149154663086e+01 2.200000000000000000e+01 2.700000000000000000e+02
1.986399999999999721e+01 8.792350149154663086e+01 2.300000000000000000e+01 2.160000000000000000e+02
2.062800000000000011e+01 8.792350149154663086e+01 2.400000000000000000e+01 2.460000000000000000e+02
2.144699999999999918e+01 8.792350149154663086e+01 2.500000000000000000e+01 3.020000000000000000e+02
2.184999999999999787e+01 8.792350149154663086e+01 2.600000000000000000e+01 3.820000000000000000e+02
2.242099999999999937e+01 8.792350149154663086e+01 2.700000000000000000e+01 3.710000000000000000e+02
2.309099999999999397e+01 8.792350149154663086e+01 2.800000000000000000e+01 3.610000000000000000e+02
2.331399999999999650e+01 8.792350149154663086e+01 2.900000000000000000e+01 3.670000000000000000e+02
2.366799999999999571e+01 8.792350149154663086e+01 3.000000000000000000e+01 4.290000000000000000e+02
0.000000000000000000e+00 8.792350149154663086e+01 3.100000000000000000e+01 3.560000000000000000e+02
2.458099999999999241e+01 8.792350149154663086e+01 3.200000000000000000e+01 4.490000000000000000e+02
2.482899999999999352e+01 8.792350149154663086e+01 3.300000000000000000e+01 4.400000000000000000e+02
2.557399999999999096e+01 8.792350149154663086e+01 3.400000000000000000e+01 4.520000000000000000e+02
2.600999999999999446e+01 8.792350149154663086e+01 3.500000000000000000e+01 6.440000000000000000e+02
2.684499999999999531e+01 8.792350149154663086e+01 3.600000000000000000e+01 5.340000000000000000e+02
2.735599999999999454e+01 8.792350149154663086e+01 3.700000000000000000e+01 5.370000000000000000e+02
2.768799999999999883e+01 8.792350149154663086e+01 3.800000000000000000e+01 5.710000000000000000e+02
2.840899999999999537e+01 8.792350149154663086e+01 3.900000000000000000e+01 7.280000000000000000e+02
2.879699999999999704e+01 8.792350149154663086e+01 4.000000000000000000e+01 6.160000000000000000e+02
3.066899999999998983e+01 8.792350149154663086e+01 4.100000000000000000e+01 9.000000000000000000e+02
3.156400000000000361e+01 8.792350149154663086e+01 4.200000000000000000e+01 8.550000000000000000e+02
3.201200000000000756e+01 8.792350149154663086e+01 4.300000000000000000e+01 1.003000000000000000e+03
3.293599999999997863e+01 8.792350149154663086e+01 4.400000000000000000e+01 1.099000000000000000e+03
3.414099999999996982e+01 8.792350149154663086e+01 4.500000000000000000e+01 1.260000000000000000e+03
3.521899999999995856e+01 8.792350149154663086e+01 4.600000000000000000e+01 1.359000000000000000e+03
0.000000000000000000e+00 8.792350149154663086e+01 4.700000000000000000e+01 1.432000000000000000e+03
3.655399999999992389e+01 8.792350149154663086e+01 4.800000000000000000e+01 1.349000000000000000e+03
3.718199999999992400e+01 8.792350149154663086e+01 4.900000000000000000e+01 1.648000000000000000e+03
3.821199999999995356e+01 8.792350149154663086e+01 5.000000000000000000e+01 1.685000000000000000e+03
3.868800000000000239e+01 8.792350149154663086e+01 5.100000000000000000e+01 1.338000000000000000e+03
3.947300000000002029e+01 8.792350149154663086e+01 5.200000000000000000e+01 1.624000000000000000e+03
4.159300000000015274e+01 8.792350149154663086e+01 5.300000000000000000e+01 1.947000000000000000e+03
4.407100000000021112e+01 8.792350149154663086e+01 5.400000000000000000e+01 2.575000000000000000e+03
4.525300000000027012e+01 8.792350149154663086e+01 5.500000000000000000e+01 3.034000000000000000e+03
4.606000000000028649e+01 8.792350149154663086e+01 5.600000000000000000e+01 2.180000000000000000e+03
4.681100000000038364e+01 8.792350149154663086e+01 5.700000000000000000e+01 2.861000000000000000e+03
4.750700000000038870e+01 8.792350149154663086e+01 5.800000000000000000e+01 3.427000000000000000e+03
4.923800000000051824e+01 8.792350149154663086e+01 5.900000000000000000e+01 3.822000000000000000e+03
5.285000000000079012e+01 8.792350149154663086e+01 6.000000000000000000e+01 3.131000000000000000e+03
5.601900000000095758e+01 8.792350149154663086e+01 6.100000000000000000e+01 4.065000000000000000e+03
5.706000000000100414e+01 8.792350149154663086e+01 6.200000000000000000e+01 3.890000000000000000e+03
5.829800000000106053e+01 8.792350149154663086e+01 6.300000000000000000e+01 4.519000000000000000e+03
5.954100000000109816e+01 8.792350149154663086e+01 6.400000000000000000e+01 6.037000000000000000e+03
6.140600000000116410e+01 8.792350149154663086e+01 6.500000000000000000e+01 3.119000000000000000e+03
6.255500000000122185e+01 8.792350149154663086e+01 6.600000000000000000e+01 6.007000000000000000e+03
6.477300000000130353e+01 8.792350149154663086e+01 6.700000000000000000e+01 6.702000000000000000e+03
6.990200000000150737e+01 8.792350149154663086e+01 6.800000000000000000e+01 4.087000000000000000e+03
7.255000000000160298e+01 8.792350149154663086e+01 6.900000000000000000e+01 3.019000000000000000e+03
7.393000000000165528e+01 8.792350149154663086e+01 7.000000000000000000e+01 4.441000000000000000e+03
7.709300000000179409e+01 8.792350149154663086e+01 7.100000000000000000e+01 3.509000000000000000e+03
8.777600000000219893e+01 8.792350149154663086e+01 7.200000000000000000e+01 4.224000000000000000e+03
8.792350149154663086e+01 8.792350149154663086e+01 0.000000000000000000e+00 0.000000000000000000e+00
8.792350149154663086e+01 8.792350149154663086e+01 0.000000000000000000e+00 0.000000000000000000e+00
4.151000000000000689e+00 9.279062676429748535e+01 0.000000000000000000e+00 1.200000000000000000e+01
5.649000000000001798e+00 9.279062676429748535e+01 1.000000000000000000e+00 1.200000000000000000e+01
7.365000000000001990e+00 9.279062676429748535e+01 2.000000000000000000e+00 3.100000000000000000e+01
7.896000000000001684e+00 9.279062676429748535e+01 3.000000000000000000e+00 4.700000000000000000e+01
8.403000000000000469e+00 9.279062676429748535e+01 4.000000000000000000e+00 5.800000000000000000e+01
9.423000000000000043e+00 9.279062676429748535e+01 5.000000000000000000e+00 4.500000000000000000e+01
9.916000000000000369e+00 9.279062676429748535e+01 6.000000000000000000e+00 8.900000000000000000e+01
1.070400000000000063e+01 9.279062676429748535e+01 7.000000000000000000e+00 6.500000000000000000e+01
1.116999999999999993e+01 9.279062676429748535e+01 8.000000000000000000e+00 9.700000000000000000e+01
1.176499999999999879e+01 9.279062676429748535e+01 9.000000000000000000e+00 9.600000000000000000e+01
1.220299999999999940e+01 9.279062676429748535e+01 1.000000000000000000e+01 6.300000000000000000e+01
1.277199999999999847e+01 9.279062676429748535e+01 1.100000000000000000e+01 1.090000000000000000e+02
1.319299999999999784e+01 9.279062676429748535e+01 1.200000000000000000e+01 1.370000000000000000e+02
1.413999999999999879e+01 9.279062676429748535e+01 1.300000000000000000e+01 1.930000000000000000e+02
1.585399999999999920e+01 9.279062676429748535e+01 1.400000000000000000e+01 2.120000000000000000e+02
1.633100000000000307e+01 9.279062676429748535e+01 1.500000000000000000e+01 1.960000000000000000e+02
1.687500000000000355e+01 9.279062676429748535e+01 1.600000000000000000e+01 2.410000000000000000e+02
1.725900000000000389e+01 9.279062676429748535e+01 1.700000000000000000e+01 2.380000000000000000e+02
1.759400000000000475e+01 9.279062676429748535e+01 1.800000000000000000e+01 1.770000000000000000e+02
1.816500000000000270e+01 9.279062676429748535e+01 1.900000000000000000e+01 1.990000000000000000e+02
1.976000000000000867e+01 9.279062676429748535e+01 2.000000000000000000e+01 2.190000000000000000e+02
2.049200000000001154e+01 9.279062676429748535e+01 2.100000000000000000e+01 2.150000000000000000e+02
2.110300000000001219e+01 9.279062676429748535e+01 2.200000000000000000e+01 3.100000000000000000e+02
2.140300000000001290e+01 9.279062676429748535e+01 2.300000000000000000e+01 3.590000000000000000e+02
2.164800000000001035e+01 9.279062676429748535e+01 2.400000000000000000e+01 3.600000000000000000e+02
2.243500000000001648e+01 9.279062676429748535e+01 2.500000000000000000e+01 3.150000000000000000e+02
2.288600000000001344e+01 9.279062676429748535e+01 2.600000000000000000e+01 3.400000000000000000e+02
2.323500000000001009e+01 9.279062676429748535e+01 2.700000000000000000e+01 2.780000000000000000e+02
2.373400000000000887e+01 9.279062676429748535e+01 2.800000000000000000e+01 4.270000000000000000e+02
2.402100000000000790e+01 9.279062676429748535e+01 2.900000000000000000e+01 3.980000000000000000e+02
2.456400000000001427e+01 9.279062676429748535e+01 3.000000000000000000e+01 4.700000000000000000e+02
2.561700000000002220e+01 9.279062676429748535e+01 3.100000000000000000e+01 4.220000000000000000e+02
2.703600000000003689e+01 9.279062676429748535e+01 3.200000000000000000e+01 4.660000000000000000e+02
2.806300000000002726e+01 9.279062676429748535e+01 3.300000000000000000e+01 6.480000000000000000e+02
2.799800000000004374e+01 9.279062676429748535e+01 3.400000000000000000e+01 6.990000000000000000e+02
2.867300000000004445e+01 9.279062676429748535e+01 3.500000000000000000e+01 5.710000000000000000e+02
2.958200000000003627e+01 9.279062676429748535e+01 3.600000000000000000e+01 7.570000000000000000e+02
3.043800000000003791e+01 9.279062676429748535e+01 3.700000000000000000e+01 7.280000000000000000e+02
3.114300000000003621e+01 9.279062676429748535e+01 3.800000000000000000e+01 6.290000000000000000e+02
3.187200000000003541e+01 9.279062676429748535e+01 3.900000000000000000e+01 7.800000000000000000e+02
3.257100000000003348e+01 9.279062676429748535e+01 4.000000000000000000e+01 8.190000000000000000e+02
3.330400000000003757e+01 9.279062676429748535e+01 4.100000000000000000e+01 9.870000000000000000e+02
3.407200000000003115e+01 9.279062676429748535e+01 4.200000000000000000e+01 8.250000000000000000e+02
3.456100000000002836e+01 9.279062676429748535e+01 4.300000000000000000e+01 9.140000000000000000e+02
3.567400000000003502e+01 9.279062676429748535e+01 4.400000000000000000e+01 1.083000000000000000e+03
3.612000000000004007e+01 9.279062676429748535e+01 4.500000000000000000e+01 1.410000000000000000e+03
3.743999999999999062e+01 9.279062676429748535e+01 4.600000000000000000e+01 1.235000000000000000e+03
3.801899999999996282e+01 9.279062676429748535e+01 4.700000000000000000e+01 1.440000000000000000e+03
3.923999999999991672e+01 9.279062676429748535e+01 4.800000000000000000e+01 1.482000000000000000e+03
3.947199999999990183e+01 9.279062676429748535e+01 4.900000000000000000e+01 1.389000000000000000e+03
4.087099999999990985e+01 9.279062676429748535e+01 5.000000000000000000e+01 1.775000000000000000e+03
4.186899999999994293e+01 9.279062676429748535e+01 5.100000000000000000e+01 1.861000000000000000e+03
4.272299999999995634e+01 9.279062676429748535e+01 5.200000000000000000e+01 2.043000000000000000e+03
4.355600000000004712e+01 9.279062676429748535e+01 5.300000000000000000e+01 1.841000000000000000e+03
4.443600000000007810e+01 9.279062676429748535e+01 5.400000000000000000e+01 1.725000000000000000e+03
4.517800000000011096e+01 9.279062676429748535e+01 5.500000000000000000e+01 2.149000000000000000e+03
4.930000000000015348e+01 9.279062676429748535e+01 5.600000000000000000e+01 3.292000000000000000e+03
5.034100000000022135e+01 9.279062676429748535e+01 5.700000000000000000e+01 3.145000000000000000e+03
5.185600000000025744e+01 9.279062676429748535e+01 5.800000000000000000e+01 3.502000000000000000e+03
5.260400000000028342e+01 9.279062676429748535e+01 5.900000000000000000e+01 2.579000000000000000e+03
5.334700000000038500e+01 9.279062676429748535e+01 6.000000000000000000e+01 4.103000000000000000e+03
5.418500000000042149e+01 9.279062676429748535e+01 6.100000000000000000e+01 4.247000000000000000e+03
5.569200000000049755e+01 9.279062676429748535e+01 6.200000000000000000e+01 3.921000000000000000e+03
5.646600000000053399e+01 9.279062676429748535e+01 6.300000000000000000e+01 3.055000000000000000e+03
5.787800000000059697e+01 9.279062676429748535e+01 6.400000000000000000e+01 4.031000000000000000e+03
5.999900000000066314e+01 9.279062676429748535e+01 6.500000000000000000e+01 2.347000000000000000e+03
6.187300000000072941e+01 9.279062676429748535e+01 6.600000000000000000e+01 3.474000000000000000e+03
6.719700000000094064e+01 9.279062676429748535e+01 6.700000000000000000e+01 5.536000000000000000e+03
7.491400000000125203e+01 9.279062676429748535e+01 6.800000000000000000e+01 6.303000000000000000e+03
7.734800000000134901e+01 9.279062676429748535e+01 6.900000000000000000e+01 5.893000000000000000e+03
7.902000000000140290e+01 9.279062676429748535e+01 7.000000000000000000e+01 4.351000000000000000e+03
8.204000000000152681e+01 9.279062676429748535e+01 7.100000000000000000e+01 3.984000000000000000e+03
9.253700000000192460e+01 9.279062676429748535e+01 7.200000000000000000e+01 5.498000000000000000e+03
9.279062676429748535e+01 9.279062676429748535e+01 0.000000000000000000e+00 0.000000000000000000e+00
9.279062676429748535e+01 9.279062676429748535e+01 0.000000000000000000e+00 0.000000000000000000e+00
4.105000000000000426e+00 1.000942206382751465e+02 0.000000000000000000e+00 1.200000000000000000e+01
4.855000000000000426e+00 1.000942206382751465e+02 1.000000000000000000e+00 2.300000000000000000e+01
6.857000000000001094e+00 1.000942206382751465e+02 2.000000000000000000e+00 4.500000000000000000e+01
7.922000000000000597e+00 1.000942206382751465e+02 3.000000000000000000e+00 4.800000000000000000e+01
8.775000000000000355e+00 1.000942206382751465e+02 4.000000000000000000e+00 8.600000000000000000e+01
9.435000000000000497e+00 1.000942206382751465e+02 5.000000000000000000e+00 6.700000000000000000e+01
9.753999999999999559e+00 1.000942206382751465e+02 6.000000000000000000e+00 6.600000000000000000e+01
1.038400000000000034e+01 1.000942206382751465e+02 7.000000000000000000e+00 1.010000000000000000e+02
1.084999999999999964e+01 1.000942206382751465e+02 8.000000000000000000e+00 1.230000000000000000e+02
1.172200000000000131e+01 1.000942206382751465e+02 9.000000000000000000e+00 8.300000000000000000e+01
1.319999999999999929e+01 1.000942206382751465e+02 1.000000000000000000e+01 7.500000000000000000e+01
1.376499999999999879e+01 1.000942206382751465e+02 1.100000000000000000e+01 1.170000000000000000e+02
1.425099999999999945e+01 1.000942206382751465e+02 1.200000000000000000e+01 1.730000000000000000e+02
1.497999999999999687e+01 1.000942206382751465e+02 1.300000000000000000e+01 1.370000000000000000e+02
1.521599999999999753e+01 1.000942206382751465e+02 1.400000000000000000e+01 1.410000000000000000e+02
1.549899999999999878e+01 1.000942206382751465e+02 1.500000000000000000e+01 1.700000000000000000e+02
1.599499999999999744e+01 1.000942206382751465e+02 1.600000000000000000e+01 1.750000000000000000e+02
1.634900000000000020e+01 1.000942206382751465e+02 1.700000000000000000e+01 2.070000000000000000e+02
1.714799999999999613e+01 1.000942206382751465e+02 1.800000000000000000e+01 1.520000000000000000e+02
0.000000000000000000e+00 1.000942206382751465e+02 1.900000000000000000e+01 2.480000000000000000e+02
1.813999999999999702e+01 1.000942206382751465e+02 2.000000000000000000e+01 1.860000000000000000e+02
1.835899999999999466e+01 1.000942206382751465e+02 2.100000000000000000e+01 2.140000000000000000e+02
1.926500000000000057e+01 1.000942206382751465e+02 2.200000000000000000e+01 2.340000000000000000e+02
1.936500000000000199e+01 1.000942206382751465e+02 2.300000000000000000e+01 2.910000000000000000e+02
1.996800000000000352e+01 1.000942206382751465e+02 2.400000000000000000e+01 2.830000000000000000e+02
2.068200000000000216e+01 1.000942206382751465e+02 2.500000000000000000e+01 2.370000000000000000e+02
2.094300000000000139e+01 1.000942206382751465e+02 2.600000000000000000e+01 2.750000000000000000e+02
2.128000000000000114e+01 1.000942206382751465e+02 2.700000000000000000e+01 3.350000000000000000e+02
2.203999999999999915e+01 1.000942206382751465e+02 2.800000000000000000e+01 2.700000000000000000e+02
2.243399999999999750e+01 1.000942206382751465e+02 2.900000000000000000e+01 3.260000000000000000e+02
2.311499999999999844e+01 1.000942206382751465e+02 3.000000000000000000e+01 3.750000000000000000e+02
2.372800000000000153e+01 1.000942206382751465e+02 3.100000000000000000e+01 3.580000000000000000e+02
2.397200000000000486e+01 1.000942206382751465e+02 3.200000000000000000e+01 3.540000000000000000e+02
2.462500000000001066e+01 1.000942206382751465e+02 3.300000000000000000e+01 4.010000000000000000e+02
2.563800000000001589e+01 1.000942206382751465e+02 3.400000000000000000e+01 4.480000000000000000e+02
2.643800000000001660e+01 1.000942206382751465e+02 3.500000000000000000e+01 4.890000000000000000e+02
2.703300000000001191e+01 1.000942206382751465e+02 3.600000000000000000e+01 4.800000000000000000e+02
2.762000000000001165e+01 1.000942206382751465e+02 3.700000000000000000e+01 5.240000000000000000e+02
2.784400000000000475e+01 1.000942206382751465e+02 3.800000000000000000e+01 5.800000000000000000e+02
2.867999999999999972e+01 1.000942206382751465e+02 3.900000000000000000e+01 6.970000000000000000e+02
2.930100000000000193e+01 1.000942206382751465e+02 4.000000000000000000e+01 7.230000000000000000e+02
2.966899999999999693e+01 1.000942206382751465e+02 4.100000000000000000e+01 7.580000000000000000e+02
3.171700000000001651e+01 1.000942206382751465e+02 4.200000000000000000e+01 9.150000000000000000e+02
3.288599999999999568e+01 1.000942206382751465e+02 4.300000000000000000e+01 1.004000000000000000e+03
3.390399999999996794e+01 1.000942206382751465e+02 4.400000000000000000e+01 1.166000000000000000e+03
3.527199999999996294e+01 1.000942206382751465e+02 4.500000000000000000e+01 1.298000000000000000e+03
3.581599999999995987e+01 1.000942206382751465e+02 4.600000000000000000e+01 1.125000000000000000e+03
3.754499999999990933e+01 1.000942206382751465e+02 4.700000000000000000e+01 1.359000000000000000e+03
0.000000000000000000e+00 1.000942206382751465e+02 4.800000000000000000e+01 1.813000000000000000e+03
3.909799999999989240e+01 1.000942206382751465e+02 4.900000000000000000e+01 1.804000000000000000e+03
3.979699999999991178e+01 1.000942206382751465e+02 5.000000000000000000e+01 1.633000000000000000e+03
4.095199999999996976e+01 1.000942206382751465e+02 5.100000000000000000e+01 1.816000000000000000e+03
4.190199999999999392e+01 1.000942206382751465e+02 5.200000000000000000e+01 1.389000000000000000e+03
4.291200000000003456e+01 1.000942206382751465e+02 5.300000000000000000e+01 2.258000000000000000e+03
4.541300000000014592e+01 1.000942206382751465e+02 5.400000000000000000e+01 2.757000000000000000e+03
4.723700000000024346e+01 1.000942206382751465e+02 5.500000000000000000e+01 3.149000000000000000e+03
4.813900000000025869e+01 1.000942206382751465e+02 5.600000000000000000e+01 2.477000000000000000e+03
4.975900000000039824e+01 1.000942206382751465e+02 5.700000000000000000e+01 3.159000000000000000e+03
5.048600000000039500e+01 1.000942206382751465e+02 5.800000000000000000e+01 3.184000000000000000e+03
5.134000000000040842e+01 1.000942206382751465e+02 5.900000000000000000e+01 4.403000000000000000e+03
5.209900000000049403e+01 1.000942206382751465e+02 6.000000000000000000e+01 3.611000000000000000e+03
5.427800000000060265e+01 1.000942206382751465e+02 6.100000000000000000e+01 3.727000000000000000e+03
5.533000000000064489e+01 1.000942206382751465e+02 6.200000000000000000e+01 3.013000000000000000e+03
5.805200000000074567e+01 1.000942206382751465e+02 6.300000000000000000e+01 4.697000000000000000e+03
5.919200000000078887e+01 1.000942206382751465e+02 6.400000000000000000e+01 3.268000000000000000e+03
6.189200000000089119e+01 1.000942206382751465e+02 6.500000000000000000e+01 3.542000000000000000e+03
6.343700000000094974e+01 1.000942206382751465e+02 6.600000000000000000e+01 4.942000000000000000e+03
7.427100000000136504e+01 1.000942206382751465e+02 6.700000000000000000e+01 7.600000000000000000e+03
8.220000000000165130e+01 1.000942206382751465e+02 6.800000000000000000e+01 6.766000000000000000e+03
8.473900000000173804e+01 1.000942206382751465e+02 6.900000000000000000e+01 6.885000000000000000e+03
8.615400000000178693e+01 1.000942206382751465e+02 7.000000000000000000e+01 6.412000000000000000e+03
8.934000000000192188e+01 1.000942206382751465e+02 7.100000000000000000e+01 4.645000000000000000e+03
9.988400000000231671e+01 1.000942206382751465e+02 7.200000000000000000e+01 5.303000000000000000e+03
1.000942206382751465e+02 1.000942206382751465e+02 0.000000000000000000e+00 0.000000000000000000e+00
1.000942206382751465e+02 1.000942206382751465e+02 0.000000000000000000e+00 0.000000000000000000e+00
6.042000000000000703e+00 1.003145120143890381e+02 0.000000000000000000e+00 2.100000000000000000e+01
6.804000000000001158e+00 1.003145120143890381e+02 1.000000000000000000e+00 3.600000000000000000e+01
7.357000000000000206e+00 1.003145120143890381e+02 2.000000000000000000e+00 3.900000000000000000e+01
8.057000000000000384e+00 1.003145120143890381e+02 3.000000000000000000e+00 3.800000000000000000e+01
8.747000000000001663e+00 1.003145120143890381e+02 4.000000000000000000e+00 4.800000000000000000e+01
9.417000000000001592e+00 1.003145120143890381e+02 5.000000000000000000e+00 8.100000000000000000e+01
1.007199999999999918e+01 1.003145120143890381e+02 6.000000000000000000e+00 7.500000000000000000e+01
1.104200000000000159e+01 1.003145120143890381e+02 7.000000000000000000e+00 9.000000000000000000e+01
1.181600000000000072e+01 1.003145120143890381e+02 8.000000000000000000e+00 9.400000000000000000e+01
1.226400000000000112e+01 1.003145120143890381e+02 9.000000000000000000e+00 1.120000000000000000e+02
1.270200000000000173e+01 1.003145120143890381e+02 1.000000000000000000e+01 1.930000000000000000e+02
1.289000000000000057e+01 1.003145120143890381e+02 1.100000000000000000e+01 9.000000000000000000e+01
1.376699999999999946e+01 1.003145120143890381e+02 1.200000000000000000e+01 1.010000000000000000e+02
1.450500000000000078e+01 1.003145120143890381e+02 1.300000000000000000e+01 1.550000000000000000e+02
0.000000000000000000e+00 1.003145120143890381e+02 1.400000000000000000e+01 1.430000000000000000e+02
1.529000000000000092e+01 1.003145120143890381e+02 1.500000000000000000e+01 1.470000000000000000e+02
1.566500000000000092e+01 1.003145120143890381e+02 1.600000000000000000e+01 1.550000000000000000e+02
1.638200000000000145e+01 1.003145120143890381e+02 1.700000000000000000e+01 1.670000000000000000e+02
1.742800000000000082e+01 1.003145120143890381e+02 1.800000000000000000e+01 1.530000000000000000e+02
1.859999999999999432e+01 1.003145120143890381e+02 1.900000000000000000e+01 2.030000000000000000e+02
1.932599999999999341e+01 1.003145120143890381e+02 2.000000000000000000e+01 3.070000000000000000e+02
2.049099999999999611e+01 1.003145120143890381e+02 2.100000000000000000e+01 3.060000000000000000e+02
2.099899999999999878e+01 1.003145120143890381e+02 2.200000000000000000e+01 2.790000000000000000e+02
2.168800000000000239e+01 1.003145120143890381e+02 2.300000000000000000e+01 3.310000000000000000e+02
2.218300000000000338e+01 1.003145120143890381e+02 2.400000000000000000e+01 3.510000000000000000e+02
2.254300000000000637e+01 1.003145120143890381e+02 2.500000000000000000e+01 4.200000000000000000e+02
2.298700000000000543e+01 1.003145120143890381e+02 2.600000000000000000e+01 3.440000000000000000e+02
2.341200000000000259e+01 1.003145120143890381e+02 2.700000000000000000e+01 4.630000000000000000e+02
2.407699999999999818e+01 1.003145120143890381e+02 2.800000000000000000e+01 4.550000000000000000e+02
2.432199999999999562e+01 1.003145120143890381e+02 2.900000000000000000e+01 3.820000000000000000e+02
2.485299999999999798e+01 1.003145120143890381e+02 3.000000000000000000e+01 4.630000000000000000e+02
2.522400000000000020e+01 1.003145120143890381e+02 3.100000000000000000e+01 5.020000000000000000e+02
2.546800000000000352e+01 1.003145120143890381e+02 3.200000000000000000e+01 4.510000000000000000e+02
2.612300000000000466e+01 1.003145120143890381e+02 3.300000000000000000e+01 5.030000000000000000e+02
2.702600000000001046e+01 1.003145120143890381e+02 3.400000000000000000e+01 5.740000000000000000e+02
2.825200000000001310e+01 1.003145120143890381e+02 3.500000000000000000e+01 6.410000000000000000e+02
3.013599999999999923e+01 1.003145120143890381e+02 3.600000000000000000e+01 6.540000000000000000e+02
3.105599999999999028e+01 1.003145120143890381e+02 3.700000000000000000e+01 6.640000000000000000e+02
3.243499999999998096e+01 1.003145120143890381e+02 3.800000000000000000e+01 8.970000000000000000e+02
3.293699999999997630e+01 1.003145120143890381e+02 3.900000000000000000e+01 8.380000000000000000e+02
3.333599999999997010e+01 1.003145120143890381e+02 4.000000000000000000e+01 9.830000000000000000e+02
3.394299999999996942e+01 1.003145120143890381e+02 4.100000000000000000e+01 9.950000000000000000e+02
3.466699999999995896e+01 1.003145120143890381e+02 4.200000000000000000e+01 1.092000000000000000e+03
3.491399999999995885e+01 1.003145120143890381e+02 4.300000000000000000e+01 1.264000000000000000e+03
3.580399999999993810e+01 1.003145120143890381e+02 4.400000000000000000e+01 1.031000000000000000e+03
3.799399999999987898e+01 1.003145120143890381e+02 4.500000000000000000e+01 1.228000000000000000e+03
3.866299999999985459e+01 1.003145120143890381e+02 4.600000000000000000e+01 1.235000000000000000e+03
3.919499999999984396e+01 1.003145120143890381e+02 4.700000000000000000e+01 1.537000000000000000e+03
4.019699999999978957e+01 1.003145120143890381e+02 4.800000000000000000e+01 1.878000000000000000e+03
4.335199999999978360e+01 1.003145120143890381e+02 4.900000000000000000e+01 2.299000000000000000e+03
4.412999999999978940e+01 1.003145120143890381e+02 5.000000000000000000e+01 2.044000000000000000e+03
4.471499999999982577e+01 1.003145120143890381e+02 5.100000000000000000e+01 1.977000000000000000e+03
4.535599999999983822e+01 1.003145120143890381e+02 5.200000000000000000e+01 2.469000000000000000e+03
4.728399999999999892e+01 1.003145120143890381e+02 5.300000000000000000e+01 2.647000000000000000e+03
4.769000000000001904e+01 1.003145120143890381e+02 5.400000000000000000e+01 2.688000000000000000e+03
4.910600000000013665e+01 1.003145120143890381e+02 5.500000000000000000e+01 2.646000000000000000e+03
5.252600000000018099e+01 1.003145120143890381e+02 5.600000000000000000e+01 3.539000000000000000e+03
5.408000000000029672e+01 1.003145120143890381e+02 5.700000000000000000e+01 3.126000000000000000e+03
5.515900000000033998e+01 1.003145120143890381e+02 5.800000000000000000e+01 3.057000000000000000e+03
5.576000000000034618e+01 1.003145120143890381e+02 5.900000000000000000e+01 4.122000000000000000e+03
5.671600000000042030e+01 1.003145120143890381e+02 6.000000000000000000e+01 3.996000000000000000e+03
5.860200000000051546e+01 1.003145120143890381e+02 6.100000000000000000e+01 3.321000000000000000e+03
6.116500000000064574e+01 1.003145120143890381e+02 6.200000000000000000e+01 3.354000000000000000e+03
6.243600000000070338e+01 1.003145120143890381e+02 6.300000000000000000e+01 5.150000000000000000e+03
6.353000000000075431e+01 1.003145120143890381e+02 6.400000000000000000e+01 3.906000000000000000e+03
6.464200000000079172e+01 1.003145120143890381e+02 6.500000000000000000e+01 6.407000000000000000e+03
6.799900000000090472e+01 1.003145120143890381e+02 6.600000000000000000e+01 3.019000000000000000e+03
7.283200000000107366e+01 1.003145120143890381e+02 6.700000000000000000e+01 4.567000000000000000e+03
8.250900000000144985e+01 1.003145120143890381e+02 6.800000000000000000e+01 8.728000000000000000e+03
8.512800000000154910e+01 1.003145120143890381e+02 6.900000000000000000e+01 5.499000000000000000e+03
8.638200000000161083e+01 1.003145120143890381e+02 7.000000000000000000e+01 5.772000000000000000e+03
8.947700000000173759e+01 1.003145120143890381e+02 7.100000000000000000e+01 4.128000000000000000e+03
1.001580000000021329e+02 1.003145120143890381e+02 7.200000000000000000e+01 5.543000000000000000e+03
1.003145120143890381e+02 1.003145120143890381e+02 0.000000000000000000e+00 0.000000000000000000e+00
1.003145120143890381e+02 1.003145120143890381e+02 0.000000000000000000e+00 0.000000000000000000e+00
5.091000000000001080e+00 9.377106237411499023e+01 0.000000000000000000e+00 1.500000000000000000e+01
6.016000000000000902e+00 9.377106237411499023e+01 1.000000000000000000e+00 2.800000000000000000e+01
7.103000000000001535e+00 9.377106237411499023e+01 2.000000000000000000e+00 4.000000000000000000e+01
8.169999999999999929e+00 9.377106237411499023e+01 3.000000000000000000e+00 3.700000000000000000e+01
9.022999999999999687e+00 9.377106237411499023e+01 4.000000000000000000e+00 5.400000000000000000e+01
9.695999999999997954e+00 9.377106237411499023e+01 5.000000000000000000e+00 1.190000000000000000e+02
1.018899999999999828e+01 9.377106237411499023e+01 6.000000000000000000e+00 6.900000000000000000e+01
1.097599999999999731e+01 9.377106237411499023e+01 7.000000000000000000e+00 9.900000000000000000e+01
1.157899999999999707e+01 9.377106237411499023e+01 8.000000000000000000e+00 9.400000000000000000e+01
1.234899999999999487e+01 9.377106237411499023e+01 9.000000000000000000e+00 1.350000000000000000e+02
1.307499999999999574e+01 9.377106237411499023e+01 1.000000000000000000e+01 1.170000000000000000e+02
1.377999999999999581e+01 9.377106237411499023e+01 1.100000000000000000e+01 1.120000000000000000e+02
1.460299999999999621e+01 9.377106237411499023e+01 1.200000000000000000e+01 1.150000000000000000e+02
1.500899999999999679e+01 9.377106237411499023e+01 1.300000000000000000e+01 1.470000000000000000e+02
1.566699999999999804e+01 9.377106237411499023e+01 1.400000000000000000e+01 1.600000000000000000e+02
1.612699999999999889e+01 9.377106237411499023e+01 1.500000000000000000e+01 2.030000000000000000e+02
1.671199999999999974e+01 9.377106237411499023e+01 1.600000000000000000e+01 2.310000000000000000e+02
1.710699999999999932e+01 9.377106237411499023e+01 1.700000000000000000e+01 2.110000000000000000e+02
1.761499999999999844e+01 9.377106237411499023e+01 1.800000000000000000e+01 2.030000000000000000e+02
1.821499999999999986e+01 9.377106237411499023e+01 1.900000000000000000e+01 9.100000000000000000e+01
1.843799999999999883e+01 9.377106237411499023e+01 2.000000000000000000e+01 3.560000000000000000e+02
1.894299999999999784e+01 9.377106237411499023e+01 2.100000000000000000e+01 2.500000000000000000e+02
1.937899999999999778e+01 9.377106237411499023e+01 2.200000000000000000e+01 1.960000000000000000e+02
1.978000000000000114e+01 9.377106237411499023e+01 2.300000000000000000e+01 2.390000000000000000e+02
2.073699999999999477e+01 9.377106237411499023e+01 2.400000000000000000e+01 3.440000000000000000e+02
2.208199999999999008e+01 9.377106237411499023e+01 2.500000000000000000e+01 2.970000000000000000e+02
2.266399999999999437e+01 9.377106237411499023e+01 2.600000000000000000e+01 3.600000000000000000e+02
2.309199999999999164e+01 9.377106237411499023e+01 2.700000000000000000e+01 2.900000000000000000e+02
2.366599999999998971e+01 9.377106237411499023e+01 2.800000000000000000e+01 3.090000000000000000e+02
2.413899999999998869e+01 9.377106237411499023e+01 2.900000000000000000e+01 4.140000000000000000e+02
2.460299999999999088e+01 9.377106237411499023e+01 3.000000000000000000e+01 3.880000000000000000e+02
2.519599999999999440e+01 9.377106237411499023e+01 3.100000000000000000e+01 3.820000000000000000e+02
2.475700000000000500e+01 9.377106237411499023e+01 3.200000000000000000e+01 3.430000000000000000e+02
2.571199999999999974e+01 9.377106237411499023e+01 3.300000000000000000e+01 4.540000000000000000e+02
2.639499999999999957e+01 9.377106237411499023e+01 3.400000000000000000e+01 4.570000000000000000e+02
2.656799999999999784e+01 9.377106237411499023e+01 3.500000000000000000e+01 4.760000000000000000e+02
2.742999999999999616e+01 9.377106237411499023e+01 3.600000000000000000e+01 4.740000000000000000e+02
2.772899999999999565e+01 9.377106237411499023e+01 3.700000000000000000e+01 6.440000000000000000e+02
2.832999999999999119e+01 9.377106237411499023e+01 3.800000000000000000e+01 5.230000000000000000e+02
2.896499999999999275e+01 9.377106237411499023e+01 3.900000000000000000e+01 7.660000000000000000e+02
2.918399999999999395e+01 9.377106237411499023e+01 4.000000000000000000e+01 6.910000000000000000e+02
3.235799999999996146e+01 9.377106237411499023e+01 4.100000000000000000e+01 8.590000000000000000e+02
3.422699999999992571e+01 9.377106237411499023e+01 4.200000000000000000e+01 1.183000000000000000e+03
3.509499999999990649e+01 9.377106237411499023e+01 4.300000000000000000e+01 1.177000000000000000e+03
3.591899999999988324e+01 9.377106237411499023e+01 4.400000000000000000e+01 1.161000000000000000e+03
3.727999999999985903e+01 9.377106237411499023e+01 4.500000000000000000e+01 1.389000000000000000e+03
3.770699999999984442e+01 9.377106237411499023e+01 4.600000000000000000e+01 1.659000000000000000e+03
3.838499999999984169e+01 9.377106237411499023e+01 4.700000000000000000e+01 1.536000000000000000e+03
3.922099999999978337e+01 9.377106237411499023e+01 4.800000000000000000e+01 1.761000000000000000e+03
4.073699999999977450e+01 9.377106237411499023e+01 4.900000000000000000e+01 1.504000000000000000e+03
4.138099999999978706e+01 9.377106237411499023e+01 5.000000000000000000e+01 1.554000000000000000e+03
4.212799999999982958e+01 9.377106237411499023e+01 5.100000000000000000e+01 2.096000000000000000e+03
4.296999999999984254e+01 9.377106237411499023e+01 5.200000000000000000e+01 2.194000000000000000e+03
4.359199999999988506e+01 9.377106237411499023e+01 5.300000000000000000e+01 2.266000000000000000e+03
4.532499999999990337e+01 9.377106237411499023e+01 5.400000000000000000e+01 2.561000000000000000e+03
4.595299999999995322e+01 9.377106237411499023e+01 5.500000000000000000e+01 1.746000000000000000e+03
4.776299999999994128e+01 9.377106237411499023e+01 5.600000000000000000e+01 2.780000000000000000e+03
4.841300000000001091e+01 9.377106237411499023e+01 5.700000000000000000e+01 2.864000000000000000e+03
4.952000000000001734e+01 9.377106237411499023e+01 5.800000000000000000e+01 3.078000000000000000e+03
5.118400000000008987e+01 9.377106237411499023e+01 5.900000000000000000e+01 2.283000000000000000e+03
5.277700000000023550e+01 9.377106237411499023e+01 6.000000000000000000e+01 3.790000000000000000e+03
5.502300000000034430e+01 9.377106237411499023e+01 6.100000000000000000e+01 3.530000000000000000e+03
5.611100000000039500e+01 9.377106237411499023e+01 6.200000000000000000e+01 4.478000000000000000e+03
5.738900000000044344e+01 9.377106237411499023e+01 6.300000000000000000e+01 2.638000000000000000e+03
5.922900000000051790e+01 9.377106237411499023e+01 6.400000000000000000e+01 3.801000000000000000e+03
6.084300000000058617e+01 9.377106237411499023e+01 6.500000000000000000e+01 5.475000000000000000e+03
6.260400000000066001e+01 9.377106237411499023e+01 6.600000000000000000e+01 5.555000000000000000e+03
6.542800000000076466e+01 9.377106237411499023e+01 6.700000000000000000e+01 3.633000000000000000e+03
7.571900000000115938e+01 9.377106237411499023e+01 6.800000000000000000e+01 5.702000000000000000e+03
7.847300000000126374e+01 9.377106237411499023e+01 6.900000000000000000e+01 5.223000000000000000e+03
7.966200000000131354e+01 9.377106237411499023e+01 7.000000000000000000e+01 4.628000000000000000e+03
8.304600000000145599e+01 9.377106237411499023e+01 7.100000000000000000e+01 4.256000000000000000e+03
9.336300000000184696e+01 9.377106237411499023e+01 7.200000000000000000e+01 5.163000000000000000e+03
9.377106237411499023e+01 9.377106237411499023e+01 0.000000000000000000e+00 0.000000000000000000e+00
9.377106237411499023e+01 9.377106237411499023e+01 0.000000000000000000e+00 0.000000000000000000e+00
4.895000000000000462e+00 1.153207209110260010e+02 0.000000000000000000e+00 2.300000000000000000e+01
6.574000000000000732e+00 1.153207209110260010e+02 1.000000000000000000e+00 3.300000000000000000e+01
8.734999999999999432e+00 1.153207209110260010e+02 2.000000000000000000e+00 6.300000000000000000e+01
9.605000000000002203e+00 1.153207209110260010e+02 3.000000000000000000e+00 5.700000000000000000e+01
9.780000000000002913e+00 1.153207209110260010e+02 4.000000000000000000e+00 7.000000000000000000e+01
1.028900000000000325e+01 1.153207209110260010e+02 5.000000000000000000e+00 6.500000000000000000e+01
1.061500000000000199e+01 1.153207209110260010e+02 6.000000000000000000e+00 6.800000000000000000e+01
1.092900000000000205e+01 1.153207209110260010e+02 7.000000000000000000e+00 8.200000000000000000e+01
1.137800000000000189e+01 1.153207209110260010e+02 8.000000000000000000e+00 6.900000000000000000e+01
1.315100000000000335e+01 1.153207209110260010e+02 9.000000000000000000e+00 1.030000000000000000e+02
1.373100000000000342e+01 1.153207209110260010e+02 1.000000000000000000e+01 1.500000000000000000e+02
1.415100000000000335e+01 1.153207209110260010e+02 1.100000000000000000e+01 1.270000000000000000e+02
1.426100000000000279e+01 1.153207209110260010e+02 1.200000000000000000e+01 1.790000000000000000e+02
1.495900000000000496e+01 1.153207209110260010e+02 1.300000000000000000e+01 9.700000000000000000e+01
1.560800000000000587e+01 1.153207209110260010e+02 1.400000000000000000e+01 2.240000000000000000e+02
1.613600000000000634e+01 1.153207209110260010e+02 1.500000000000000000e+01 2.320000000000000000e+02
1.661500000000000199e+01 1.153207209110260010e+02 1.600000000000000000e+01 2.020000000000000000e+02
1.709900000000000020e+01 1.153207209110260010e+02 1.700000000000000000e+01 1.740000000000000000e+02
1.813599999999999568e+01 1.153207209110260010e+02 1.800000000000000000e+01 2.420000000000000000e+02
1.926099999999999923e+01 1.153207209110260010e+02 1.900000000000000000e+01 2.240000000000000000e+02
2.008300000000000551e+01 1.153207209110260010e+02 2.000000000000000000e+01 2.440000000000000000e+02
2.101400000000001356e+01 1.153207209110260010e+02 2.100000000000000000e+01 2.540000000000000000e+02
2.137400000000001299e+01 1.153207209110260010e+02 2.200000000000000000e+01 2.130000000000000000e+02
2.249300000000001631e+01 1.153207209110260010e+02 2.300000000000000000e+01 2.770000000000000000e+02
0.000000000000000000e+00 1.153207209110260010e+02 2.400000000000000000e+01 4.020000000000000000e+02
2.296500000000001762e+01 1.153207209110260010e+02 2.500000000000000000e+01 3.920000000000000000e+02
2.359400000000001896e+01 1.153207209110260010e+02 2.600000000000000000e+01 4.870000000000000000e+02
2.421100000000001629e+01 1.153207209110260010e+02 2.700000000000000000e+01 2.620000000000000000e+02
2.469500000000001450e+01 1.153207209110260010e+02 2.800000000000000000e+01 4.080000000000000000e+02
2.540800000000001546e+01 1.153207209110260010e+02 2.900000000000000000e+01 4.950000000000000000e+02
2.586100000000001486e+01 1.153207209110260010e+02 3.000000000000000000e+01 4.120000000000000000e+02
2.625100000000001543e+01 1.153207209110260010e+02 3.100000000000000000e+01 3.490000000000000000e+02
2.684700000000001907e+01 1.153207209110260010e+02 3.200000000000000000e+01 4.400000000000000000e+02
2.753200000000001779e+01 1.153207209110260010e+02 3.300000000000000000e+01 5.530000000000000000e+02
2.792900000000001626e+01 1.153207209110260010e+02 3.400000000000000000e+01 4.610000000000000000e+02
2.842400000000001370e+01 1.153207209110260010e+02 3.500000000000000000e+01 5.700000000000000000e+02
2.931100000000002126e+01 1.153207209110260010e+02 3.600000000000000000e+01 5.220000000000000000e+02
3.036600000000001742e+01 1.153207209110260010e+02 3.700000000000000000e+01 6.360000000000000000e+02
3.298499999999999233e+01 1.153207209110260010e+02 3.800000000000000000e+01 8.190000000000000000e+02
3.366599999999999682e+01 1.153207209110260010e+02 3.900000000000000000e+01 1.050000000000000000e+03
3.560399999999997078e+01 1.153207209110260010e+02 4.000000000000000000e+01 1.080000000000000000e+03
3.641999999999996618e+01 1.153207209110260010e+02 4.100000000000000000e+01 1.397000000000000000e+03
3.730299999999996174e+01 1.153207209110260010e+02 4.200000000000000000e+01 1.195000000000000000e+03
3.779199999999993764e+01 1.153207209110260010e+02 4.300000000000000000e+01 1.194000000000000000e+03
3.858599999999993457e+01 1.153207209110260010e+02 4.400000000000000000e+01 1.440000000000000000e+03
3.935099999999991383e+01 1.153207209110260010e+02 4.500000000000000000e+01 1.764000000000000000e+03
4.194299999999982020e+01 1.153207209110260010e+02 4.600000000000000000e+01 1.485000000000000000e+03
0.000000000000000000e+00 1.153207209110260010e+02 4.700000000000000000e+01 1.547000000000000000e+03
4.298499999999977206e+01 1.153207209110260010e+02 4.800000000000000000e+01 1.892000000000000000e+03
4.436199999999976740e+01 1.153207209110260010e+02 4.900000000000000000e+01 2.055000000000000000e+03
4.542299999999980287e+01 1.153207209110260010e+02 5.000000000000000000e+01 2.354000000000000000e+03
4.595199999999981344e+01 1.153207209110260010e+02 5.100000000000000000e+01 2.596000000000000000e+03
4.719499999999982975e+01 1.153207209110260010e+02 5.200000000000000000e+01 2.650000000000000000e+03
4.822199999999985209e+01 1.153207209110260010e+02 5.300000000000000000e+01 2.647000000000000000e+03
4.913399999999986534e+01 1.153207209110260010e+02 5.400000000000000000e+01 2.500000000000000000e+03
4.978899999999990911e+01 1.153207209110260010e+02 5.500000000000000000e+01 2.814000000000000000e+03
5.082499999999993179e+01 1.153207209110260010e+02 5.600000000000000000e+01 2.162000000000000000e+03
5.192800000000001148e+01 1.153207209110260010e+02 5.700000000000000000e+01 2.282000000000000000e+03
5.339500000000002444e+01 1.153207209110260010e+02 5.800000000000000000e+01 3.970000000000000000e+03
5.520000000000011653e+01 1.153207209110260010e+02 5.900000000000000000e+01 3.680000000000000000e+03
5.654300000000024085e+01 1.153207209110260010e+02 6.000000000000000000e+01 4.275000000000000000e+03
5.774900000000028655e+01 1.153207209110260010e+02 6.100000000000000000e+01 4.004000000000000000e+03
5.873300000000033094e+01 1.153207209110260010e+02 6.200000000000000000e+01 4.248000000000000000e+03
5.987700000000037193e+01 1.153207209110260010e+02 6.300000000000000000e+01 5.101000000000000000e+03
6.086700000000040944e+01 1.153207209110260010e+02 6.400000000000000000e+01 2.697000000000000000e+03
6.188300000000046452e+01 1.153207209110260010e+02 6.500000000000000000e+01 4.036000000000000000e+03
8.067700000000118621e+01 1.153207209110260010e+02 6.600000000000000000e+01 6.426000000000000000e+03
8.233500000000124430e+01 1.153207209110260010e+02 6.700000000000000000e+01 6.227000000000000000e+03
8.339400000000128443e+01 1.153207209110260010e+02 6.800000000000000000e+01 8.706000000000000000e+03
8.482200000000132434e+01 1.153207209110260010e+02 6.900000000000000000e+01 6.966000000000000000e+03
8.958700000000152386e+01 1.153207209110260010e+02 7.000000000000000000e+01 3.626000000000000000e+03
9.180800000000159855e+01 1.153207209110260010e+02 7.100000000000000000e+01 3.809000000000000000e+03
1.151060000000024957e+02 1.153207209110260010e+02 7.200000000000000000e+01 5.424000000000000000e+03
1.153207209110260010e+02 1.153207209110260010e+02 0.000000000000000000e+00 0.000000000000000000e+00
1.153207209110260010e+02 1.153207209110260010e+02 0.000000000000000000e+00 0.000000000000000000e+00
4.157000000000000028e+00 1.014045212268829346e+02 0.000000000000000000e+00 1.400000000000000000e+01
5.873999999999998778e+00 1.014045212268829346e+02 1.000000000000000000e+00 2.000000000000000000e+01
7.186999999999999389e+00 1.014045212268829346e+02 2.000000000000000000e+00 2.500000000000000000e+01
8.425999999999998380e+00 1.014045212268829346e+02 3.000000000000000000e+00 6.200000000000000000e+01
9.281999999999996476e+00 1.014045212268829346e+02 4.000000000000000000e+00 6.800000000000000000e+01
9.963999999999996859e+00 1.014045212268829346e+02 5.000000000000000000e+00 8.100000000000000000e+01
1.014399999999999658e+01 1.014045212268829346e+02 6.000000000000000000e+00 6.000000000000000000e+00
1.029599999999999760e+01 1.014045212268829346e+02 7.000000000000000000e+00 9.400000000000000000e+01
1.172299999999999720e+01 1.014045212268829346e+02 8.000000000000000000e+00 5.800000000000000000e+01
1.223900000000000254e+01 1.014045212268829346e+02 9.000000000000000000e+00 8.700000000000000000e+01
1.364699999999999491e+01 1.014045212268829346e+02 1.000000000000000000e+01 1.330000000000000000e+02
1.392999999999999616e+01 1.014045212268829346e+02 1.100000000000000000e+01 1.190000000000000000e+02
1.477799999999999514e+01 1.014045212268829346e+02 1.200000000000000000e+01 1.350000000000000000e+02
1.558499999999999375e+01 1.014045212268829346e+02 1.300000000000000000e+01 1.990000000000000000e+02
1.649999999999999289e+01 1.014045212268829346e+02 1.400000000000000000e+01 1.670000000000000000e+02
1.662999999999999190e+01 1.014045212268829346e+02 1.500000000000000000e+01 1.730000000000000000e+02
1.724299999999998789e+01 1.014045212268829346e+02 1.600000000000000000e+01 1.790000000000000000e+02
1.808199999999999008e+01 1.014045212268829346e+02 1.700000000000000000e+01 2.790000000000000000e+02
1.854899999999998883e+01 1.014045212268829346e+02 1.800000000000000000e+01 2.010000000000000000e+02
1.923299999999998988e+01 1.014045212268829346e+02 1.900000000000000000e+01 2.140000000000000000e+02
1.934299999999998931e+01 1.014045212268829346e+02 2.000000000000000000e+01 2.570000000000000000e+02
1.986699999999999378e+01 1.014045212268829346e+02 2.100000000000000000e+01 2.840000000000000000e+02
2.038299999999999912e+01 1.014045212268829346e+02 2.200000000000000000e+01 2.280000000000000000e+02
2.147500000000000142e+01 1.014045212268829346e+02 2.300000000000000000e+01 2.760000000000000000e+02
2.175800000000000267e+01 1.014045212268829346e+02 2.400000000000000000e+01 3.650000000000000000e+02
2.286000000000000298e+01 1.014045212268829346e+02 2.500000000000000000e+01 3.220000000000000000e+02
2.390600000000000236e+01 1.014045212268829346e+02 2.600000000000000000e+01 3.160000000000000000e+02
2.584099999999999397e+01 1.014045212268829346e+02 2.700000000000000000e+01 4.490000000000000000e+02
2.370700000000001850e+01 1.014045212268829346e+02 2.800000000000000000e+01 4.780000000000000000e+02
2.705699999999999150e+01 1.014045212268829346e+02 2.900000000000000000e+01 5.300000000000000000e+02
2.866600000000000392e+01 1.014045212268829346e+02 3.000000000000000000e+01 5.690000000000000000e+02
2.968900000000001427e+01 1.014045212268829346e+02 3.100000000000000000e+01 6.230000000000000000e+02
3.017000000000002302e+01 1.014045212268829346e+02 3.200000000000000000e+01 6.580000000000000000e+02
3.088300000000002044e+01 1.014045212268829346e+02 3.300000000000000000e+01 7.360000000000000000e+02
3.144400000000002748e+01 1.014045212268829346e+02 3.400000000000000000e+01 8.520000000000000000e+02
3.165700000000003200e+01 1.014045212268829346e+02 3.500000000000000000e+01 9.620000000000000000e+02
3.227800000000002711e+01 1.014045212268829346e+02 3.600000000000000000e+01 8.340000000000000000e+02
3.291700000000003001e+01 1.014045212268829346e+02 3.700000000000000000e+01 9.600000000000000000e+02
3.340900000000000603e+01 1.014045212268829346e+02 3.800000000000000000e+01 8.370000000000000000e+02
3.412799999999998590e+01 1.014045212268829346e+02 3.900000000000000000e+01 1.102000000000000000e+03
3.521299999999997965e+01 1.014045212268829346e+02 4.000000000000000000e+01 1.068000000000000000e+03
3.606199999999998340e+01 1.014045212268829346e+02 4.100000000000000000e+01 1.002000000000000000e+03
3.696299999999996544e+01 1.014045212268829346e+02 4.200000000000000000e+01 1.104000000000000000e+03
3.819099999999993855e+01 1.014045212268829346e+02 4.300000000000000000e+01 1.589000000000000000e+03
4.043599999999992889e+01 1.014045212268829346e+02 4.400000000000000000e+01 1.523000000000000000e+03
4.148099999999990217e+01 1.014045212268829346e+02 4.500000000000000000e+01 1.338000000000000000e+03
4.251099999999988199e+01 1.014045212268829346e+02 4.600000000000000000e+01 2.085000000000000000e+03
4.333299999999987051e+01 1.014045212268829346e+02 4.700000000000000000e+01 1.856000000000000000e+03
4.389799999999983271e+01 1.014045212268829346e+02 4.800000000000000000e+01 1.855000000000000000e+03
4.450699999999979184e+01 1.014045212268829346e+02 4.900000000000000000e+01 2.100000000000000000e+03
4.612999999999979650e+01 1.014045212268829346e+02 5.000000000000000000e+01 1.847000000000000000e+03
4.631499999999979167e+01 1.014045212268829346e+02 5.100000000000000000e+01 1.745000000000000000e+03
4.720299999999982532e+01 1.014045212268829346e+02 5.200000000000000000e+01 2.375000000000000000e+03
4.906999999999995765e+01 1.014045212268829346e+02 5.300000000000000000e+01 2.059000000000000000e+03
5.001699999999997459e+01 1.014045212268829346e+02 5.400000000000000000e+01 2.462000000000000000e+03
5.068000000000002814e+01 1.014045212268829346e+02 5.500000000000000000e+01 2.363000000000000000e+03
5.201300000000009760e+01 1.014045212268829346e+02 5.600000000000000000e+01 3.005000000000000000e+03
5.276500000000013557e+01 1.014045212268829346e+02 5.700000000000000000e+01 3.430000000000000000e+03
5.352400000000018565e+01 1.014045212268829346e+02 5.800000000000000000e+01 3.356000000000000000e+03
5.483700000000020225e+01 1.014045212268829346e+02 5.900000000000000000e+01 2.358000000000000000e+03
6.076200000000073942e+01 1.014045212268829346e+02 6.000000000000000000e+01 3.797000000000000000e+03
6.221700000000082298e+01 1.014045212268829346e+02 6.100000000000000000e+01 3.754000000000000000e+03
6.390100000000089153e+01 1.014045212268829346e+02 6.200000000000000000e+01 5.771000000000000000e+03
6.506300000000092609e+01 1.014045212268829346e+02 6.300000000000000000e+01 5.545000000000000000e+03
7.027100000000112345e+01 1.014045212268829346e+02 6.400000000000000000e+01 4.948000000000000000e+03
7.239900000000119462e+01 1.014045212268829346e+02 6.500000000000000000e+01 4.120000000000000000e+03
7.435200000000124021e+01 1.014045212268829346e+02 6.600000000000000000e+01 5.291000000000000000e+03
7.571100000000129171e+01 1.014045212268829346e+02 6.700000000000000000e+01 8.643000000000000000e+03
7.888800000000141210e+01 1.014045212268829346e+02 6.800000000000000000e+01 3.102000000000000000e+03
8.059900000000149589e+01 1.014045212268829346e+02 6.900000000000000000e+01 3.542000000000000000e+03
8.173000000000153875e+01 1.014045212268829346e+02 7.000000000000000000e+01 3.629000000000000000e+03
8.479600000000165494e+01 1.014045212268829346e+02 7.100000000000000000e+01 9.635000000000000000e+03
1.012270000000023060e+02 1.014045212268829346e+02 7.200000000000000000e+01 4.035000000000000000e+03
1.014045212268829346e+02 1.014045212268829346e+02 0.000000000000000000e+00 0.000000000000000000e+00
1.014045212268829346e+02 1.014045212268829346e+02 0.000000000000000000e+00 0.000000000000000000e+00
3.401000000000000689e+00 9.476110720634460449e+01 0.000000000000000000e+00 0.000000000000000000e+00
4.727000000000000313e+00 9.476110720634460449e+01 1.000000000000000000e+00 1.000000000000000000e+01
6.597000000000000419e+00 9.476110720634460449e+01 2.000000000000000000e+00 2.400000000000000000e+01
7.699000000000001620e+00 9.476110720634460449e+01 3.000000000000000000e+00 3.500000000000000000e+01
8.388000000000001677e+00 9.476110720634460449e+01 4.000000000000000000e+00 5.700000000000000000e+01
9.423999999999999488e+00 9.476110720634460449e+01 5.000000000000000000e+00 6.900000000000000000e+01
1.058899999999999686e+01 9.476110720634460449e+01 6.000000000000000000e+00 5.600000000000000000e+01
1.123599999999999710e+01 9.476110720634460449e+01 7.000000000000000000e+00 1.200000000000000000e+02
1.170199999999999818e+01 9.476110720634460449e+01 8.000000000000000000e+00 1.140000000000000000e+02
1.200599999999999845e+01 9.476110720634460449e+01 9.000000000000000000e+00 1.130000000000000000e+02
1.243799999999999883e+01 9.476110720634460449e+01 1.000000000000000000e+01 1.370000000000000000e+02
1.317299999999999649e+01 9.476110720634460449e+01 1.100000000000000000e+01 7.600000000000000000e+01
1.386799999999999677e+01 9.476110720634460449e+01 1.200000000000000000e+01 1.800000000000000000e+02
1.467599999999999838e+01 9.476110720634460449e+01 1.300000000000000000e+01 1.600000000000000000e+02
1.503299999999999770e+01 9.476110720634460449e+01 1.400000000000000000e+01 1.670000000000000000e+02
1.571799999999999642e+01 9.476110720634460449e+01 1.500000000000000000e+01 1.660000000000000000e+02
1.620899999999999608e+01 9.476110720634460449e+01 1.600000000000000000e+01 1.710000000000000000e+02
1.716799999999999571e+01 9.476110720634460449e+01 1.700000000000000000e+01 1.730000000000000000e+02
1.761599999999999611e+01 9.476110720634460449e+01 1.800000000000000000e+01 1.560000000000000000e+02
1.831499999999999773e+01 9.476110720634460449e+01 1.900000000000000000e+01 2.930000000000000000e+02
1.849799999999999756e+01 9.476110720634460449e+01 2.000000000000000000e+01 2.220000000000000000e+02
1.878500000000000014e+01 9.476110720634460449e+01 2.100000000000000000e+01 2.410000000000000000e+02
1.926599999999999824e+01 9.476110720634460449e+01 2.200000000000000000e+01 2.910000000000000000e+02
1.995999999999999730e+01 9.476110720634460449e+01 2.300000000000000000e+01 3.130000000000000000e+02
2.044099999999999540e+01 9.476110720634460449e+01 2.400000000000000000e+01 2.890000000000000000e+02
2.071899999999999764e+01 9.476110720634460449e+01 2.500000000000000000e+01 2.900000000000000000e+02
2.175299999999999656e+01 9.476110720634460449e+01 2.600000000000000000e+01 5.140000000000000000e+02
2.240099999999999980e+01 9.476110720634460449e+01 2.700000000000000000e+01 4.030000000000000000e+02
2.281199999999999761e+01 9.476110720634460449e+01 2.800000000000000000e+01 3.810000000000000000e+02
2.336799999999999855e+01 9.476110720634460449e+01 2.900000000000000000e+01 4.090000000000000000e+02
2.369699999999999207e+01 9.476110720634460449e+01 3.000000000000000000e+01 4.530000000000000000e+02
2.407899999999999352e+01 9.476110720634460449e+01 3.100000000000000000e+01 4.260000000000000000e+02
2.493599999999999284e+01 9.476110720634460449e+01 3.200000000000000000e+01 4.780000000000000000e+02
2.608900000000000219e+01 9.476110720634460449e+01 3.300000000000000000e+01 5.010000000000000000e+02
2.740900000000000247e+01 9.476110720634460449e+01 3.400000000000000000e+01 6.140000000000000000e+02
2.835300000000000153e+01 9.476110720634460449e+01 3.500000000000000000e+01 6.110000000000000000e+02
2.950299999999999656e+01 9.476110720634460449e+01 3.600000000000000000e+01 6.680000000000000000e+02
3.025499999999999545e+01 9.476110720634460449e+01 3.700000000000000000e+01 7.800000000000000000e+02
3.124900000000000233e+01 9.476110720634460449e+01 3.800000000000000000e+01 7.620000000000000000e+02
3.191299999999999670e+01 9.476110720634460449e+01 3.900000000000000000e+01 8.000000000000000000e+02
3.237100000000000222e+01 9.476110720634460449e+01 4.000000000000000000e+01 9.810000000000000000e+02
3.301500000000000057e+01 9.476110720634460449e+01 4.100000000000000000e+01 1.100000000000000000e+03
3.343500000000000227e+01 9.476110720634460449e+01 4.200000000000000000e+01 9.670000000000000000e+02
3.549199999999996891e+01 9.476110720634460449e+01 4.300000000000000000e+01 1.166000000000000000e+03
3.585199999999995413e+01 9.476110720634460449e+01 4.400000000000000000e+01 1.034000000000000000e+03
3.702499999999994174e+01 9.476110720634460449e+01 4.500000000000000000e+01 1.417000000000000000e+03
3.761999999999992639e+01 9.476110720634460449e+01 4.600000000000000000e+01 1.567000000000000000e+03
3.808599999999989905e+01 9.476110720634460449e+01 4.700000000000000000e+01 1.154000000000000000e+03
3.844899999999989149e+01 9.476110720634460449e+01 4.800000000000000000e+01 1.592000000000000000e+03
4.038199999999985579e+01 9.476110720634460449e+01 4.900000000000000000e+01 1.987000000000000000e+03
4.196199999999983987e+01 9.476110720634460449e+01 5.000000000000000000e+01 1.743000000000000000e+03
4.257899999999988694e+01 9.476110720634460449e+01 5.100000000000000000e+01 1.980000000000000000e+03
4.341599999999988313e+01 9.476110720634460449e+01 5.200000000000000000e+01 2.229000000000000000e+03
4.840500000000019298e+01 9.476110720634460449e+01 5.300000000000000000e+01 3.075000000000000000e+03
4.922200000000020736e+01 9.476110720634460449e+01 5.400000000000000000e+01 2.938000000000000000e+03
5.102400000000027092e+01 9.476110720634460449e+01 5.500000000000000000e+01 3.616000000000000000e+03
5.170900000000030161e+01 9.476110720634460449e+01 5.600000000000000000e+01 2.843000000000000000e+03
5.245300000000036533e+01 9.476110720634460449e+01 5.700000000000000000e+01 3.791000000000000000e+03
5.334000000000037289e+01 9.476110720634460449e+01 5.800000000000000000e+01 4.013000000000000000e+03
5.445000000000040785e+01 9.476110720634460449e+01 5.900000000000000000e+01 3.751000000000000000e+03
5.707000000000062556e+01 9.476110720634460449e+01 6.000000000000000000e+01 4.339000000000000000e+03
6.303800000000095594e+01 9.476110720634460449e+01 6.100000000000000000e+01 4.587000000000000000e+03
6.525000000000102318e+01 9.476110720634460449e+01 6.200000000000000000e+01 5.276000000000000000e+03
6.598500000000107946e+01 9.476110720634460449e+01 6.300000000000000000e+01 4.539000000000000000e+03
6.790400000000111902e+01 9.476110720634460449e+01 6.400000000000000000e+01 6.103000000000000000e+03
6.868700000000117711e+01 9.476110720634460449e+01 6.500000000000000000e+01 4.146000000000000000e+03
7.006900000000122475e+01 9.476110720634460449e+01 6.600000000000000000e+01 6.147000000000000000e+03
7.226500000000129376e+01 9.476110720634460449e+01 6.700000000000000000e+01 7.906000000000000000e+03
7.704200000000147952e+01 9.476110720634460449e+01 6.800000000000000000e+01 4.300000000000000000e+03
7.964400000000159707e+01 9.476110720634460449e+01 6.900000000000000000e+01 3.173000000000000000e+03
8.098700000000164323e+01 9.476110720634460449e+01 7.000000000000000000e+01 4.477000000000000000e+03
8.404600000000179705e+01 9.476110720634460449e+01 7.100000000000000000e+01 4.112000000000000000e+03
9.463000000000219814e+01 9.476110720634460449e+01 7.200000000000000000e+01 4.310000000000000000e+03
9.476110720634460449e+01 9.476110720634460449e+01 0.000000000000000000e+00 0.000000000000000000e+00
9.476110720634460449e+01 9.476110720634460449e+01 0.000000000000000000e+00 0.000000000000000000e+00
3.763000000000000345e+00 1.099383616447448730e+02 0.000000000000000000e+00 0.000000000000000000e+00
5.455000000000000959e+00 1.099383616447448730e+02 1.000000000000000000e+00 7.000000000000000000e+00
7.350000000000000533e+00 1.099383616447448730e+02 2.000000000000000000e+00 2.100000000000000000e+01
8.340999999999999304e+00 1.099383616447448730e+02 3.000000000000000000e+00 4.100000000000000000e+01
9.906000000000000583e+00 1.099383616447448730e+02 4.000000000000000000e+00 5.500000000000000000e+01
1.057599999999999874e+01 1.099383616447448730e+02 5.000000000000000000e+00 6.000000000000000000e+01
1.154499999999999993e+01 1.099383616447448730e+02 6.000000000000000000e+00 7.800000000000000000e+01
1.248199999999999754e+01 1.099383616447448730e+02 7.000000000000000000e+00 4.300000000000000000e+01
1.355299999999999727e+01 1.099383616447448730e+02 8.000000000000000000e+00 8.300000000000000000e+01
1.429599999999999760e+01 1.099383616447448730e+02 9.000000000000000000e+00 8.200000000000000000e+01
1.501799999999999713e+01 1.099383616447448730e+02 1.000000000000000000e+01 1.320000000000000000e+02
1.530099999999999660e+01 1.099383616447448730e+02 1.100000000000000000e+01 1.400000000000000000e+02
1.566599999999999682e+01 1.099383616447448730e+02 1.200000000000000000e+01 1.420000000000000000e+02
1.624799999999999756e+01 1.099383616447448730e+02 1.300000000000000000e+01 1.300000000000000000e+02
1.686799999999999855e+01 1.099383616447448730e+02 1.400000000000000000e+01 1.830000000000000000e+02
1.715899999999999892e+01 1.099383616447448730e+02 1.500000000000000000e+01 1.850000000000000000e+02
1.764699999999999847e+01 1.099383616447448730e+02 1.600000000000000000e+01 2.190000000000000000e+02
1.789999999999999858e+01 1.099383616447448730e+02 1.700000000000000000e+01 1.990000000000000000e+02
1.822799999999999443e+01 1.099383616447448730e+02 1.800000000000000000e+01 2.200000000000000000e+02
1.881299999999999528e+01 1.099383616447448730e+02 1.900000000000000000e+01 3.220000000000000000e+02
1.913599999999999568e+01 1.099383616447448730e+02 2.000000000000000000e+01 1.970000000000000000e+02
1.966299999999999670e+01 1.099383616447448730e+02 2.100000000000000000e+01 2.600000000000000000e+02
2.016999999999999815e+01 1.099383616447448730e+02 2.200000000000000000e+01 3.780000000000000000e+02
2.065800000000000125e+01 1.099383616447448730e+02 2.300000000000000000e+01 2.880000000000000000e+02
2.103600000000000136e+01 1.099383616447448730e+02 2.400000000000000000e+01 2.660000000000000000e+02
2.204099999999999682e+01 1.099383616447448730e+02 2.500000000000000000e+01 2.730000000000000000e+02
2.311299999999998889e+01 1.099383616447448730e+02 2.600000000000000000e+01 3.790000000000000000e+02
2.351499999999998636e+01 1.099383616447448730e+02 2.700000000000000000e+01 3.160000000000000000e+02
2.355400000000002692e+01 1.099383616447448730e+02 2.800000000000000000e+01 3.410000000000000000e+02
2.485799999999998278e+01 1.099383616447448730e+02 2.900000000000000000e+01 3.870000000000000000e+02
2.530099999999999127e+01 1.099383616447448730e+02 3.000000000000000000e+01 3.960000000000000000e+02
2.551100000000003121e+01 1.099383616447448730e+02 3.100000000000000000e+01 5.380000000000000000e+02
2.647199999999999420e+01 1.099383616447448730e+02 3.200000000000000000e+01 3.940000000000000000e+02
2.699999999999999645e+01 1.099383616447448730e+02 3.300000000000000000e+01 5.570000000000000000e+02
2.713199999999999790e+01 1.099383616447448730e+02 3.400000000000000000e+01 7.590000000000000000e+02
2.764399999999999480e+01 1.099383616447448730e+02 3.500000000000000000e+01 5.150000000000000000e+02
2.843399999999999750e+01 1.099383616447448730e+02 3.600000000000000000e+01 6.430000000000000000e+02
2.917399999999999238e+01 1.099383616447448730e+02 3.700000000000000000e+01 7.430000000000000000e+02
2.945199999999998752e+01 1.099383616447448730e+02 3.800000000000000000e+01 6.740000000000000000e+02
3.007199999999998141e+01 1.099383616447448730e+02 3.900000000000000000e+01 6.530000000000000000e+02
3.156599999999997763e+01 1.099383616447448730e+02 4.000000000000000000e+01 9.350000000000000000e+02
3.195599999999997465e+01 1.099383616447448730e+02 4.100000000000000000e+01 8.450000000000000000e+02
3.279299999999997084e+01 1.099383616447448730e+02 4.200000000000000000e+01 9.350000000000000000e+02
3.490699999999993963e+01 1.099383616447448730e+02 4.300000000000000000e+01 1.002000000000000000e+03
3.563599999999993173e+01 1.099383616447448730e+02 4.400000000000000000e+01 1.061000000000000000e+03
3.613599999999991041e+01 1.099383616447448730e+02 4.500000000000000000e+01 1.253000000000000000e+03
3.812599999999985556e+01 1.099383616447448730e+02 4.600000000000000000e+01 1.766000000000000000e+03
3.908999999999981156e+01 1.099383616447448730e+02 4.700000000000000000e+01 1.100000000000000000e+03
3.970299999999977558e+01 1.099383616447448730e+02 4.800000000000000000e+01 1.739000000000000000e+03
4.052699999999978075e+01 1.099383616447448730e+02 4.900000000000000000e+01 1.357000000000000000e+03
4.082099999999980611e+01 1.099383616447448730e+02 5.000000000000000000e+01 1.874000000000000000e+03
4.196399999999984232e+01 1.099383616447448730e+02 5.100000000000000000e+01 1.878000000000000000e+03
4.283899999999987784e+01 1.099383616447448730e+02 5.200000000000000000e+01 2.058000000000000000e+03
4.398699999999998056e+01 1.099383616447448730e+02 5.300000000000000000e+01 1.806000000000000000e+03
4.631700000000004991e+01 1.099383616447448730e+02 5.400000000000000000e+01 2.780000000000000000e+03
4.720400000000011431e+01 1.099383616447448730e+02 5.500000000000000000e+01 2.492000000000000000e+03
4.917300000000017945e+01 1.099383616447448730e+02 5.600000000000000000e+01 3.081000000000000000e+03
5.384600000000054365e+01 1.099383616447448730e+02 5.700000000000000000e+01 4.249000000000000000e+03
5.663200000000053791e+01 1.099383616447448730e+02 5.800000000000000000e+01 4.100000000000000000e+03
6.035400000000084475e+01 1.099383616447448730e+02 5.900000000000000000e+01 4.720000000000000000e+03
6.675900000000096668e+01 1.099383616447448730e+02 6.000000000000000000e+01 6.267000000000000000e+03
5.299600000000043565e+01 1.099383616447448730e+02 6.100000000000000000e+01 7.328000000000000000e+03
6.863800000000101420e+01 1.099383616447448730e+02 6.200000000000000000e+01 6.942000000000000000e+03
6.965100000000106206e+01 1.099383616447448730e+02 6.300000000000000000e+01 7.382000000000000000e+03
7.187100000000114619e+01 1.099383616447448730e+02 6.400000000000000000e+01 5.617000000000000000e+03
7.312600000000118428e+01 1.099383616447448730e+02 6.500000000000000000e+01 4.407000000000000000e+03
7.610800000000128307e+01 1.099383616447448730e+02 6.600000000000000000e+01 9.972000000000000000e+03
8.414100000000163959e+01 1.099383616447448730e+02 6.700000000000000000e+01 7.778000000000000000e+03
9.200400000000195178e+01 1.099383616447448730e+02 6.800000000000000000e+01 7.165000000000000000e+03
9.493300000000199645e+01 1.099383616447448730e+02 6.900000000000000000e+01 6.372000000000000000e+03
9.611800000000206978e+01 1.099383616447448730e+02 7.000000000000000000e+01 6.544000000000000000e+03
9.947600000000218756e+01 1.099383616447448730e+02 7.100000000000000000e+01 5.227000000000000000e+03
1.097840000000025640e+02 1.099383616447448730e+02 7.200000000000000000e+01 8.734000000000000000e+03
1.099383616447448730e+02 1.099383616447448730e+02 0.000000000000000000e+00 0.000000000000000000e+00
1.099383616447448730e+02 1.099383616447448730e+02 0.000000000000000000e+00 0.000000000000000000e+00
5.510999999999999233e+00 1.078480668067932129e+02 0.000000000000000000e+00 3.700000000000000000e+01
6.662999999999999368e+00 1.078480668067932129e+02 1.000000000000000000e+00 3.700000000000000000e+01
7.590999999999999304e+00 1.078480668067932129e+02 2.000000000000000000e+00 6.400000000000000000e+01
7.948999999999998956e+00 1.078480668067932129e+02 3.000000000000000000e+00 6.000000000000000000e+01
8.626999999999997115e+00 1.078480668067932129e+02 4.000000000000000000e+00 6.500000000000000000e+01
9.798999999999995936e+00 1.078480668067932129e+02 5.000000000000000000e+00 1.070000000000000000e+02
1.061099999999999710e+01 1.078480668067932129e+02 6.000000000000000000e+00 8.500000000000000000e+01
1.171299999999999564e+01 1.078480668067932129e+02 7.000000000000000000e+00 6.800000000000000000e+01
1.202699999999999569e+01 1.078480668067932129e+02 8.000000000000000000e+00 9.600000000000000000e+01
1.247299999999999542e+01 1.078480668067932129e+02 9.000000000000000000e+00 1.130000000000000000e+02
1.320299999999999585e+01 1.078480668067932129e+02 1.000000000000000000e+01 1.490000000000000000e+02
1.348899999999999544e+01 1.078480668067932129e+02 1.100000000000000000e+01 1.710000000000000000e+02
1.377499999999999503e+01 1.078480668067932129e+02 1.200000000000000000e+01 1.160000000000000000e+02
1.444399999999999551e+01 1.078480668067932129e+02 1.300000000000000000e+01 1.290000000000000000e+02
1.440899999999999359e+01 1.078480668067932129e+02 1.400000000000000000e+01 1.680000000000000000e+02
1.520799999999999663e+01 1.078480668067932129e+02 1.500000000000000000e+01 1.830000000000000000e+02
1.581099999999999817e+01 1.078480668067932129e+02 1.600000000000000000e+01 1.190000000000000000e+02
1.607099999999999795e+01 1.078480668067932129e+02 1.700000000000000000e+01 1.660000000000000000e+02
0.000000000000000000e+00 1.078480668067932129e+02 1.800000000000000000e+01 2.380000000000000000e+02
1.683399999999999963e+01 1.078480668067932129e+02 1.900000000000000000e+01 1.670000000000000000e+02
1.725899999999999679e+01 1.078480668067932129e+02 2.000000000000000000e+01 1.720000000000000000e+02
1.809000000000000341e+01 1.078480668067932129e+02 2.100000000000000000e+01 2.040000000000000000e+02
1.868900000000000361e+01 1.078480668067932129e+02 2.200000000000000000e+01 2.160000000000000000e+02
1.995100000000000762e+01 1.078480668067932129e+02 2.300000000000000000e+01 2.380000000000000000e+02
2.051300000000000523e+01 1.078480668067932129e+02 2.400000000000000000e+01 3.070000000000000000e+02
2.106500000000000483e+01 1.078480668067932129e+02 2.500000000000000000e+01 4.180000000000000000e+02
2.168400000000000460e+01 1.078480668067932129e+02 2.600000000000000000e+01 3.610000000000000000e+02
2.308900000000000929e+01 1.078480668067932129e+02 2.700000000000000000e+01 3.780000000000000000e+02
2.386200000000000188e+01 1.078480668067932129e+02 2.800000000000000000e+01 2.960000000000000000e+02
2.443200000000000216e+01 1.078480668067932129e+02 2.900000000000000000e+01 3.650000000000000000e+02
2.519699999999999918e+01 1.078480668067932129e+02 3.000000000000000000e+01 5.070000000000000000e+02
2.667100000000000293e+01 1.078480668067932129e+02 3.100000000000000000e+01 4.780000000000000000e+02
2.723600000000000776e+01 1.078480668067932129e+02 3.200000000000000000e+01 6.140000000000000000e+02
2.785200000000000387e+01 1.078480668067932129e+02 3.300000000000000000e+01 5.560000000000000000e+02
2.821200000000000330e+01 1.078480668067932129e+02 3.400000000000000000e+01 7.030000000000000000e+02
2.882100000000000506e+01 1.078480668067932129e+02 3.500000000000000000e+01 5.660000000000000000e+02
2.912100000000000222e+01 1.078480668067932129e+02 3.600000000000000000e+01 6.900000000000000000e+02
3.024599999999999866e+01 1.078480668067932129e+02 3.700000000000000000e+01 8.440000000000000000e+02
3.067699999999999250e+01 1.078480668067932129e+02 3.800000000000000000e+01 7.810000000000000000e+02
3.103099999999998815e+01 1.078480668067932129e+02 3.900000000000000000e+01 7.260000000000000000e+02
3.188899999999998869e+01 1.078480668067932129e+02 4.000000000000000000e+01 7.730000000000000000e+02
3.207499999999998153e+01 1.078480668067932129e+02 4.100000000000000000e+01 9.720000000000000000e+02
3.268399999999998329e+01 1.078480668067932129e+02 4.200000000000000000e+01 9.080000000000000000e+02
3.353599999999998005e+01 1.078480668067932129e+02 4.300000000000000000e+01 1.100000000000000000e+03
3.546299999999992991e+01 1.078480668067932129e+02 4.400000000000000000e+01 1.183000000000000000e+03
3.596099999999992747e+01 1.078480668067932129e+02 4.500000000000000000e+01 9.890000000000000000e+02
3.761099999999987631e+01 1.078480668067932129e+02 4.600000000000000000e+01 1.278000000000000000e+03
3.837199999999984357e+01 1.078480668067932129e+02 4.700000000000000000e+01 1.353000000000000000e+03
4.004599999999977200e+01 1.078480668067932129e+02 4.800000000000000000e+01 1.625000000000000000e+03
4.083799999999978070e+01 1.078480668067932129e+02 4.900000000000000000e+01 1.484000000000000000e+03
4.166099999999979531e+01 1.078480668067932129e+02 5.000000000000000000e+01 1.942000000000000000e+03
4.320899999999986818e+01 1.078480668067932129e+02 5.100000000000000000e+01 2.595000000000000000e+03
4.414999999999988489e+01 1.078480668067932129e+02 5.200000000000000000e+01 1.883000000000000000e+03
4.488099999999992917e+01 1.078480668067932129e+02 5.300000000000000000e+01 2.364000000000000000e+03
4.579999999999996874e+01 1.078480668067932129e+02 5.400000000000000000e+01 2.438000000000000000e+03
4.698200000000005616e+01 1.078480668067932129e+02 5.500000000000000000e+01 2.312000000000000000e+03
4.757400000000006912e+01 1.078480668067932129e+02 5.600000000000000000e+01 2.042000000000000000e+03
4.835200000000014597e+01 1.078480668067932129e+02 5.700000000000000000e+01 3.017000000000000000e+03
4.948300000000016752e+01 1.078480668067932129e+02 5.800000000000000000e+01 3.210000000000000000e+03
5.068900000000029848e+01 1.078480668067932129e+02 5.900000000000000000e+01 3.079000000000000000e+03
5.136000000000040444e+01 1.078480668067932129e+02 6.000000000000000000e+01 3.042000000000000000e+03
5.263900000000045765e+01 1.078480668067932129e+02 6.100000000000000000e+01 2.589000000000000000e+03
5.389500000000052182e+01 1.078480668067932129e+02 6.200000000000000000e+01 3.573000000000000000e+03
5.692100000000066018e+01 1.078480668067932129e+02 6.300000000000000000e+01 2.908000000000000000e+03
5.902100000000071844e+01 1.078480668067932129e+02 6.400000000000000000e+01 4.776000000000000000e+03
6.077200000000080138e+01 1.078480668067932129e+02 6.500000000000000000e+01 3.232000000000000000e+03
6.349400000000088795e+01 1.078480668067932129e+02 6.600000000000000000e+01 4.727000000000000000e+03
6.497400000000095588e+01 1.078480668067932129e+02 6.700000000000000000e+01 4.943000000000000000e+03
6.650600000000100920e+01 1.078480668067932129e+02 6.800000000000000000e+01 4.006000000000000000e+03
6.801600000000105695e+01 1.078480668067932129e+02 6.900000000000000000e+01 4.203000000000000000e+03
6.974300000000113187e+01 1.078480668067932129e+02 7.000000000000000000e+01 2.454000000000000000e+03
7.111900000000117927e+01 1.078480668067932129e+02 7.100000000000000000e+01 2.327000000000000000e+03
1.075720000000025749e+02 1.078480668067932129e+02 7.200000000000000000e+01 5.783000000000000000e+03
1.078480668067932129e+02 1.078480668067932129e+02 0.000000000000000000e+00 0.000000000000000000e+00
1.078480668067932129e+02 1.078480668067932129e+02 0.000000000000000000e+00 0.000000000000000000e+00
