4.218999999999999417e+00 5.288575434684753418e+01 0.000000000000000000e+00 0.000000000000000000e+00
6.056999999999999496e+00 5.288575434684753418e+01 1.000000000000000000e+00 1.000000000000000000e+00
7.128999999999999559e+00 5.288575434684753418e+01 2.000000000000000000e+00 9.000000000000000000e+00
8.003999999999999559e+00 5.288575434684753418e+01 3.000000000000000000e+00 1.600000000000000000e+01
8.682999999999999829e+00 5.288575434684753418e+01 4.000000000000000000e+00 1.100000000000000000e+01
9.181999999999998607e+00 5.288575434684753418e+01 5.000000000000000000e+00 3.500000000000000000e+01
9.990000000000000213e+00 5.288575434684753418e+01 6.000000000000000000e+00 2.900000000000000000e+01
1.014800000000000146e+01 5.288575434684753418e+01 7.000000000000000000e+00 3.700000000000000000e+01
1.107300000000000040e+01 5.288575434684753418e+01 8.000000000000000000e+00 4.900000000000000000e+01
1.166999999999999815e+01 5.288575434684753418e+01 9.000000000000000000e+00 4.700000000000000000e+01
1.196299999999999741e+01 5.288575434684753418e+01 1.000000000000000000e+01 5.800000000000000000e+01
1.281499999999999950e+01 5.288575434684753418e+01 1.100000000000000000e+01 6.500000000000000000e+01
1.350499999999999901e+01 5.288575434684753418e+01 1.200000000000000000e+01 6.400000000000000000e+01
1.350499999999999901e+01 5.288575434684753418e+01 1.300000000000000000e+01 4.200000000000000000e+01
1.400600000000000200e+01 5.288575434684753418e+01 1.400000000000000000e+01 6.100000000000000000e+01
1.449900000000000055e+01 5.288575434684753418e+01 1.500000000000000000e+01 7.800000000000000000e+01
1.503200000000000003e+01 5.288575434684753418e+01 1.600000000000000000e+01 6.900000000000000000e+01
1.574600000000000044e+01 5.288575434684753418e+01 1.700000000000000000e+01 8.600000000000000000e+01
1.620800000000000196e+01 5.288575434684753418e+01 1.800000000000000000e+01 1.150000000000000000e+02
1.659099999999999753e+01 5.288575434684753418e+01 1.900000000000000000e+01 1.160000000000000000e+02
1.709600000000000009e+01 5.288575434684753418e+01 2.000000000000000000e+01 9.200000000000000000e+01
1.728399999999999892e+01 5.288575434684753418e+01 2.100000000000000000e+01 9.100000000000000000e+01
1.802199999999999847e+01 5.288575434684753418e+01 2.200000000000000000e+01 1.530000000000000000e+02
1.890799999999999415e+01 5.288575434684753418e+01 2.300000000000000000e+01 1.550000000000000000e+02
1.919699999999999562e+01 5.288575434684753418e+01 2.400000000000000000e+01 2.200000000000000000e+02
1.984299999999999287e+01 5.288575434684753418e+01 2.500000000000000000e+01 1.970000000000000000e+02
2.044299999999999073e+01 5.288575434684753418e+01 2.600000000000000000e+01 2.050000000000000000e+02
2.098799999999998889e+01 5.288575434684753418e+01 2.700000000000000000e+01 2.180000000000000000e+02
2.115599999999998815e+01 5.288575434684753418e+01 2.800000000000000000e+01 1.990000000000000000e+02
2.130799999999998562e+01 5.288575434684753418e+01 2.900000000000000000e+01 2.790000000000000000e+02
2.183299999999999130e+01 5.288575434684753418e+01 3.000000000000000000e+01 2.340000000000000000e+02
2.231999999999999673e+01 5.288575434684753418e+01 3.100000000000000000e+01 2.050000000000000000e+02
2.253500000000000014e+01 5.288575434684753418e+01 3.200000000000000000e+01 3.890000000000000000e+02
2.329000000000000625e+01 5.288575434684753418e+01 3.300000000000000000e+01 2.840000000000000000e+02
2.367200000000000415e+01 5.288575434684753418e+01 3.400000000000000000e+01 3.740000000000000000e+02
2.424900000000000233e+01 5.288575434684753418e+01 3.500000000000000000e+01 2.460000000000000000e+02
2.447800000000000153e+01 5.288575434684753418e+01 3.600000000000000000e+01 3.120000000000000000e+02
2.492099999999999937e+01 5.288575434684753418e+01 3.700000000000000000e+01 4.250000000000000000e+02
2.564400000000000190e+01 5.288575434684753418e+01 3.800000000000000000e+01 3.890000000000000000e+02
2.580100000000000549e+01 5.288575434684753418e+01 3.900000000000000000e+01 3.210000000000000000e+02
2.620099999999999696e+01 5.288575434684753418e+01 4.000000000000000000e+01 3.340000000000000000e+02
2.758499999999997243e+01 5.288575434684753418e+01 4.100000000000000000e+01 4.240000000000000000e+02
2.773999999999997002e+01 5.288575434684753418e+01 4.200000000000000000e+01 5.380000000000000000e+02
2.844499999999998252e+01 5.288575434684753418e+01 4.300000000000000000e+01 5.090000000000000000e+02
2.893099999999998673e+01 5.288575434684753418e+01 4.400000000000000000e+01 4.530000000000000000e+02
2.972899999999998144e+01 5.288575434684753418e+01 4.500000000000000000e+01 5.230000000000000000e+02
3.030199999999998184e+01 5.288575434684753418e+01 4.600000000000000000e+01 6.180000000000000000e+02
3.091199999999999548e+01 5.288575434684753418e+01 4.700000000000000000e+01 6.700000000000000000e+02
3.137099999999999511e+01 5.288575434684753418e+01 4.800000000000000000e+01 5.010000000000000000e+02
3.182899999999999352e+01 5.288575434684753418e+01 4.900000000000000000e+01 6.930000000000000000e+02
3.255600000000000449e+01 5.288575434684753418e+01 5.000000000000000000e+01 6.640000000000000000e+02
3.319700000000001694e+01 5.288575434684753418e+01 5.100000000000000000e+01 8.890000000000000000e+02
3.409700000000006526e+01 5.288575434684753418e+01 5.200000000000000000e+01 5.840000000000000000e+02
3.410900000000005861e+01 5.288575434684753418e+01 5.300000000000000000e+01 7.280000000000000000e+02
3.508400000000012398e+01 5.288575434684753418e+01 5.400000000000000000e+01 9.230000000000000000e+02
3.591400000000010806e+01 5.288575434684753418e+01 5.500000000000000000e+01 9.160000000000000000e+02
3.631100000000013495e+01 5.288575434684753418e+01 5.600000000000000000e+01 1.010000000000000000e+03
3.675100000000013267e+01 5.288575434684753418e+01 5.700000000000000000e+01 9.650000000000000000e+02
3.786500000000021515e+01 5.288575434684753418e+01 5.800000000000000000e+01 7.770000000000000000e+02
3.855300000000026017e+01 5.288575434684753418e+01 5.900000000000000000e+01 6.310000000000000000e+02
3.952700000000027813e+01 5.288575434684753418e+01 6.000000000000000000e+01 1.273000000000000000e+03
4.003900000000031412e+01 5.288575434684753418e+01 6.100000000000000000e+01 9.980000000000000000e+02
4.131900000000036499e+01 5.288575434684753418e+01 6.200000000000000000e+01 1.474000000000000000e+03
4.242400000000040450e+01 5.288575434684753418e+01 6.300000000000000000e+01 1.252000000000000000e+03
4.324700000000044042e+01 5.288575434684753418e+01 6.400000000000000000e+01 1.133000000000000000e+03
4.388500000000046697e+01 5.288575434684753418e+01 6.500000000000000000e+01 2.319000000000000000e+03
4.498100000000049903e+01 5.288575434684753418e+01 6.600000000000000000e+01 1.214000000000000000e+03
4.571400000000053865e+01 5.288575434684753418e+01 6.700000000000000000e+01 9.910000000000000000e+02
4.703400000000058867e+01 5.288575434684753418e+01 6.800000000000000000e+01 1.113000000000000000e+03
4.984700000000069053e+01 5.288575434684753418e+01 6.900000000000000000e+01 1.010000000000000000e+03
5.064200000000072066e+01 5.288575434684753418e+01 7.000000000000000000e+01 1.497000000000000000e+03
5.182800000000076324e+01 5.288575434684753418e+01 7.100000000000000000e+01 1.873000000000000000e+03
5.278500000000079950e+01 5.288575434684753418e+01 7.200000000000000000e+01 1.761000000000000000e+03
5.288575434684753418e+01 5.288575434684753418e+01 7.300000000000000000e+01 8.020000000000000000e+02
5.288575434684753418e+01 5.288575434684753418e+01 7.400000000000000000e+01 9.180000000000000000e+02
4.858000000000000540e+00 5.413551688194274902e+01 0.000000000000000000e+00 4.000000000000000000e+00
5.679000000000000270e+00 5.413551688194274902e+01 1.000000000000000000e+00 9.000000000000000000e+00
6.299999999999999822e+00 5.413551688194274902e+01 2.000000000000000000e+00 6.000000000000000000e+00
7.470000000000000639e+00 5.413551688194274902e+01 3.000000000000000000e+00 1.600000000000000000e+01
8.398999999999999133e+00 5.413551688194274902e+01 4.000000000000000000e+00 1.700000000000000000e+01
8.769999999999999574e+00 5.413551688194274902e+01 5.000000000000000000e+00 1.900000000000000000e+01
8.949999999999999289e+00 5.413551688194274902e+01 6.000000000000000000e+00 2.400000000000000000e+01
9.450999999999996959e+00 5.413551688194274902e+01 7.000000000000000000e+00 2.700000000000000000e+01
1.013899999999999579e+01 5.413551688194274902e+01 8.000000000000000000e+00 3.100000000000000000e+01
1.159699999999999953e+01 5.413551688194274902e+01 9.000000000000000000e+00 3.600000000000000000e+01
1.255700000000000038e+01 5.413551688194274902e+01 1.000000000000000000e+01 5.400000000000000000e+01
1.317700000000000138e+01 5.413551688194274902e+01 1.100000000000000000e+01 6.300000000000000000e+01
1.359500000000000419e+01 5.413551688194274902e+01 1.200000000000000000e+01 8.800000000000000000e+01
1.439400000000000546e+01 5.413551688194274902e+01 1.300000000000000000e+01 8.000000000000000000e+01
1.454000000000000625e+01 5.413551688194274902e+01 1.400000000000000000e+01 6.500000000000000000e+01
1.551900000000000723e+01 5.413551688194274902e+01 1.500000000000000000e+01 8.300000000000000000e+01
1.620100000000000762e+01 5.413551688194274902e+01 1.600000000000000000e+01 1.360000000000000000e+02
1.673500000000000654e+01 5.413551688194274902e+01 1.700000000000000000e+01 1.180000000000000000e+02
1.724500000000000455e+01 5.413551688194274902e+01 1.800000000000000000e+01 1.260000000000000000e+02
1.737100000000000577e+01 5.413551688194274902e+01 1.900000000000000000e+01 1.110000000000000000e+02
1.784800000000000608e+01 5.413551688194274902e+01 2.000000000000000000e+01 1.030000000000000000e+02
1.832700000000000529e+01 5.413551688194274902e+01 2.100000000000000000e+01 9.200000000000000000e+01
1.877700000000000458e+01 5.413551688194274902e+01 2.200000000000000000e+01 1.400000000000000000e+02
1.921500000000000696e+01 5.413551688194274902e+01 2.300000000000000000e+01 1.200000000000000000e+02
1.960600000000000520e+01 5.413551688194274902e+01 2.400000000000000000e+01 1.780000000000000000e+02
1.992400000000001015e+01 5.413551688194274902e+01 2.500000000000000000e+01 1.530000000000000000e+02
2.033800000000000807e+01 5.413551688194274902e+01 2.600000000000000000e+01 1.440000000000000000e+02
2.072200000000000841e+01 5.413551688194274902e+01 2.700000000000000000e+01 1.770000000000000000e+02
2.092000000000000881e+01 5.413551688194274902e+01 2.800000000000000000e+01 1.680000000000000000e+02
2.158500000000000796e+01 5.413551688194274902e+01 2.900000000000000000e+01 1.840000000000000000e+02
2.220300000000000296e+01 5.413551688194274902e+01 3.000000000000000000e+01 1.690000000000000000e+02
2.262100000000000222e+01 5.413551688194274902e+01 3.100000000000000000e+01 2.220000000000000000e+02
2.284700000000000486e+01 5.413551688194274902e+01 3.200000000000000000e+01 2.110000000000000000e+02
2.385300000000000509e+01 5.413551688194274902e+01 3.300000000000000000e+01 2.650000000000000000e+02
2.429700000000000770e+01 5.413551688194274902e+01 3.400000000000000000e+01 2.460000000000000000e+02
2.464800000000000679e+01 5.413551688194274902e+01 3.500000000000000000e+01 2.270000000000000000e+02
2.518400000000000460e+01 5.413551688194274902e+01 3.600000000000000000e+01 2.190000000000000000e+02
2.576800000000000779e+01 5.413551688194274902e+01 3.700000000000000000e+01 3.720000000000000000e+02
2.639100000000000890e+01 5.413551688194274902e+01 3.800000000000000000e+01 3.280000000000000000e+02
2.673800000000001020e+01 5.413551688194274902e+01 3.900000000000000000e+01 3.520000000000000000e+02
2.707300000000000395e+01 5.413551688194274902e+01 4.000000000000000000e+01 3.860000000000000000e+02
2.766200000000000614e+01 5.413551688194274902e+01 4.100000000000000000e+01 3.290000000000000000e+02
2.818199999999999861e+01 5.413551688194274902e+01 4.200000000000000000e+01 2.770000000000000000e+02
2.939999999999999147e+01 5.413551688194274902e+01 4.300000000000000000e+01 4.700000000000000000e+02
2.980999999999999517e+01 5.413551688194274902e+01 4.400000000000000000e+01 4.670000000000000000e+02
3.031499999999999773e+01 5.413551688194274902e+01 4.500000000000000000e+01 4.170000000000000000e+02
3.071300000000000097e+01 5.413551688194274902e+01 4.600000000000000000e+01 5.560000000000000000e+02
3.119300000000000495e+01 5.413551688194274902e+01 4.700000000000000000e+01 4.630000000000000000e+02
3.181900000000000617e+01 5.413551688194274902e+01 4.800000000000000000e+01 5.210000000000000000e+02
3.223899999999999011e+01 5.413551688194274902e+01 4.900000000000000000e+01 7.090000000000000000e+02
3.289199999999994617e+01 5.413551688194274902e+01 5.000000000000000000e+01 7.170000000000000000e+02
3.320299999999993901e+01 5.413551688194274902e+01 5.100000000000000000e+01 5.040000000000000000e+02
3.375299999999995748e+01 5.413551688194274902e+01 5.200000000000000000e+01 8.050000000000000000e+02
3.495699999999996521e+01 5.413551688194274902e+01 5.300000000000000000e+01 6.550000000000000000e+02
3.582399999999997675e+01 5.413551688194274902e+01 5.400000000000000000e+01 4.670000000000000000e+02
3.656500000000005457e+01 5.413551688194274902e+01 5.500000000000000000e+01 9.690000000000000000e+02
3.733000000000003382e+01 5.413551688194274902e+01 5.600000000000000000e+01 7.980000000000000000e+02
3.815100000000009572e+01 5.413551688194274902e+01 5.700000000000000000e+01 1.404000000000000000e+03
3.863600000000010226e+01 5.413551688194274902e+01 5.800000000000000000e+01 6.020000000000000000e+02
4.043000000000024841e+01 5.413551688194274902e+01 5.900000000000000000e+01 1.252000000000000000e+03
4.137000000000022482e+01 5.413551688194274902e+01 6.000000000000000000e+01 8.900000000000000000e+02
4.172700000000025966e+01 5.413551688194274902e+01 6.100000000000000000e+01 1.403000000000000000e+03
4.214400000000031099e+01 5.413551688194274902e+01 6.200000000000000000e+01 1.634000000000000000e+03
4.319900000000036755e+01 5.413551688194274902e+01 6.300000000000000000e+01 9.760000000000000000e+02
4.396700000000038955e+01 5.413551688194274902e+01 6.400000000000000000e+01 1.610000000000000000e+03
4.491200000000043957e+01 5.413551688194274902e+01 6.500000000000000000e+01 1.045000000000000000e+03
4.545300000000045770e+01 5.413551688194274902e+01 6.600000000000000000e+01 2.091000000000000000e+03
4.660400000000048948e+01 5.413551688194274902e+01 6.700000000000000000e+01 1.851000000000000000e+03
4.724700000000051858e+01 5.413551688194274902e+01 6.800000000000000000e+01 9.470000000000000000e+02
4.838800000000055945e+01 5.413551688194274902e+01 6.900000000000000000e+01 1.069000000000000000e+03
5.124400000000066768e+01 5.413551688194274902e+01 7.000000000000000000e+01 1.127000000000000000e+03
5.225200000000071299e+01 5.413551688194274902e+01 7.100000000000000000e+01 1.101000000000000000e+03
5.417400000000076687e+01 5.413551688194274902e+01 7.200000000000000000e+01 1.303000000000000000e+03
5.417400000000076687e+01 5.413551688194274902e+01 7.300000000000000000e+01 7.980000000000000000e+02
5.408762192726135254e+01 5.413551688194274902e+01 7.400000000000000000e+01 8.560000000000000000e+02
4.086000000000000298e+00 5.199921417236328125e+01 0.000000000000000000e+00 0.000000000000000000e+00
5.114000000000000767e+00 5.199921417236328125e+01 1.000000000000000000e+00 9.000000000000000000e+00
6.297000000000000597e+00 5.199921417236328125e+01 2.000000000000000000e+00 9.000000000000000000e+00
6.873999999999999666e+00 5.199921417236328125e+01 3.000000000000000000e+00 1.500000000000000000e+01
7.431999999999999496e+00 5.199921417236328125e+01 4.000000000000000000e+00 1.000000000000000000e+01
8.152999999999998693e+00 5.199921417236328125e+01 5.000000000000000000e+00 3.200000000000000000e+01
8.685999999999998167e+00 5.199921417236328125e+01 6.000000000000000000e+00 3.500000000000000000e+01
9.373999999999998778e+00 5.199921417236328125e+01 7.000000000000000000e+00 1.800000000000000000e+01
1.004899999999999949e+01 5.199921417236328125e+01 8.000000000000000000e+00 2.400000000000000000e+01
1.087399999999999878e+01 5.199921417236328125e+01 9.000000000000000000e+00 3.300000000000000000e+01
1.113299999999999912e+01 5.199921417236328125e+01 1.000000000000000000e+01 4.200000000000000000e+01
1.150099999999999767e+01 5.199921417236328125e+01 1.100000000000000000e+01 4.600000000000000000e+01
1.227699999999999925e+01 5.199921417236328125e+01 1.200000000000000000e+01 5.000000000000000000e+01
1.271499999999999808e+01 5.199921417236328125e+01 1.300000000000000000e+01 9.900000000000000000e+01
1.295399999999999885e+01 5.199921417236328125e+01 1.400000000000000000e+01 8.900000000000000000e+01
1.368899999999999828e+01 5.199921417236328125e+01 1.500000000000000000e+01 5.500000000000000000e+01
1.436199999999999832e+01 5.199921417236328125e+01 1.600000000000000000e+01 7.700000000000000000e+01
1.462899999999999778e+01 5.199921417236328125e+01 1.700000000000000000e+01 6.600000000000000000e+01
1.539899999999999913e+01 5.199921417236328125e+01 1.800000000000000000e+01 1.220000000000000000e+02
1.589899999999999736e+01 5.199921417236328125e+01 1.900000000000000000e+01 6.500000000000000000e+01
1.614099999999999824e+01 5.199921417236328125e+01 2.000000000000000000e+01 1.070000000000000000e+02
1.704999999999999716e+01 5.199921417236328125e+01 2.100000000000000000e+01 1.450000000000000000e+02
1.712399999999999523e+01 5.199921417236328125e+01 2.200000000000000000e+01 1.250000000000000000e+02
1.814999999999999503e+01 5.199921417236328125e+01 2.300000000000000000e+01 1.500000000000000000e+02
1.877500000000000213e+01 5.199921417236328125e+01 2.400000000000000000e+01 1.370000000000000000e+02
1.938300000000000267e+01 5.199921417236328125e+01 2.500000000000000000e+01 1.190000000000000000e+02
1.968200000000000216e+01 5.199921417236328125e+01 2.600000000000000000e+01 1.470000000000000000e+02
2.006700000000000372e+01 5.199921417236328125e+01 2.700000000000000000e+01 2.020000000000000000e+02
2.052300000000000324e+01 5.199921417236328125e+01 2.800000000000000000e+01 1.300000000000000000e+02
2.095400000000000063e+01 5.199921417236328125e+01 2.900000000000000000e+01 2.380000000000000000e+02
2.135200000000000031e+01 5.199921417236328125e+01 3.000000000000000000e+01 1.660000000000000000e+02
2.178099999999999881e+01 5.199921417236328125e+01 3.100000000000000000e+01 2.050000000000000000e+02
2.255899999999999395e+01 5.199921417236328125e+01 3.200000000000000000e+01 1.900000000000000000e+02
2.301699999999999235e+01 5.199921417236328125e+01 3.300000000000000000e+01 2.060000000000000000e+02
2.344499999999998963e+01 5.199921417236328125e+01 3.400000000000000000e+01 1.750000000000000000e+02
2.431499999999999773e+01 5.199921417236328125e+01 3.500000000000000000e+01 3.530000000000000000e+02
2.499400000000000333e+01 5.199921417236328125e+01 3.600000000000000000e+01 2.480000000000000000e+02
2.476700000000000301e+01 5.199921417236328125e+01 3.700000000000000000e+01 2.350000000000000000e+02
2.568800000000000594e+01 5.199921417236328125e+01 3.800000000000000000e+01 3.410000000000000000e+02
2.612400000000000944e+01 5.199921417236328125e+01 3.900000000000000000e+01 2.650000000000000000e+02
2.712800000000000367e+01 5.199921417236328125e+01 4.000000000000000000e+01 3.030000000000000000e+02
2.739999999999999858e+01 5.199921417236328125e+01 4.100000000000000000e+01 4.730000000000000000e+02
2.796099999999999497e+01 5.199921417236328125e+01 4.200000000000000000e+01 2.860000000000000000e+02
2.864399999999999125e+01 5.199921417236328125e+01 4.300000000000000000e+01 3.990000000000000000e+02
2.915099999999999980e+01 5.199921417236328125e+01 4.400000000000000000e+01 3.630000000000000000e+02
2.987700000000000600e+01 5.199921417236328125e+01 4.500000000000000000e+01 4.850000000000000000e+02
3.025400000000000844e+01 5.199921417236328125e+01 4.600000000000000000e+01 4.510000000000000000e+02
3.057300000000001461e+01 5.199921417236328125e+01 4.700000000000000000e+01 5.380000000000000000e+02
3.141100000000002623e+01 5.199921417236328125e+01 4.800000000000000000e+01 5.060000000000000000e+02
3.207100000000002638e+01 5.199921417236328125e+01 4.900000000000000000e+01 4.920000000000000000e+02
3.265899999999999181e+01 5.199921417236328125e+01 5.000000000000000000e+01 4.980000000000000000e+02
3.333200000000000074e+01 5.199921417236328125e+01 5.100000000000000000e+01 8.690000000000000000e+02
3.379199999999998738e+01 5.199921417236328125e+01 5.200000000000000000e+01 8.180000000000000000e+02
3.453000000000000824e+01 5.199921417236328125e+01 5.300000000000000000e+01 5.530000000000000000e+02
3.520900000000003160e+01 5.199921417236328125e+01 5.400000000000000000e+01 1.000000000000000000e+03
3.589300000000009305e+01 5.199921417236328125e+01 5.500000000000000000e+01 8.100000000000000000e+02
3.673900000000009669e+01 5.199921417236328125e+01 5.600000000000000000e+01 7.470000000000000000e+02
3.740100000000015967e+01 5.199921417236328125e+01 5.700000000000000000e+01 6.010000000000000000e+02
3.781400000000018480e+01 5.199921417236328125e+01 5.800000000000000000e+01 1.010000000000000000e+03
3.888100000000024892e+01 5.199921417236328125e+01 5.900000000000000000e+01 1.043000000000000000e+03
3.948300000000025278e+01 5.199921417236328125e+01 6.000000000000000000e+01 1.168000000000000000e+03
4.041900000000027404e+01 5.199921417236328125e+01 6.100000000000000000e+01 1.187000000000000000e+03
4.163700000000036994e+01 5.199921417236328125e+01 6.200000000000000000e+01 1.435000000000000000e+03
4.226400000000043633e+01 5.199921417236328125e+01 6.300000000000000000e+01 1.155000000000000000e+03
4.298100000000046350e+01 5.199921417236328125e+01 6.400000000000000000e+01 1.017000000000000000e+03
4.359800000000049636e+01 5.199921417236328125e+01 6.500000000000000000e+01 1.008000000000000000e+03
4.486400000000053012e+01 5.199921417236328125e+01 6.600000000000000000e+01 1.034000000000000000e+03
4.646600000000057662e+01 5.199921417236328125e+01 6.700000000000000000e+01 1.061000000000000000e+03
4.781800000000063022e+01 5.199921417236328125e+01 6.800000000000000000e+01 1.179000000000000000e+03
4.840400000000065006e+01 5.199921417236328125e+01 6.900000000000000000e+01 1.087000000000000000e+03
4.903100000000067382e+01 5.199921417236328125e+01 7.000000000000000000e+01 2.312000000000000000e+03
5.016800000000073823e+01 5.199921417236328125e+01 7.100000000000000000e+01 1.409000000000000000e+03
5.190500000000079694e+01 5.199921417236328125e+01 7.200000000000000000e+01 1.019000000000000000e+03
5.180700000000079797e+01 5.199921417236328125e+01 7.300000000000000000e+01 8.330000000000000000e+02
5.481523728370666504e+01 5.199921417236328125e+01 7.400000000000000000e+01 7.210000000000000000e+02
4.941000000000001613e+00 5.880412411689758301e+01 0.000000000000000000e+00 3.000000000000000000e+00
6.038000000000002032e+00 5.880412411689758301e+01 1.000000000000000000e+00 1.000000000000000000e+01
7.119000000000002437e+00 5.880412411689758301e+01 2.000000000000000000e+00 1.500000000000000000e+01
8.318000000000001393e+00 5.880412411689758301e+01 3.000000000000000000e+00 2.700000000000000000e+01
8.945000000000000284e+00 5.880412411689758301e+01 4.000000000000000000e+00 2.400000000000000000e+01
9.727000000000000313e+00 5.880412411689758301e+01 5.000000000000000000e+00 3.500000000000000000e+01
1.031099999999999994e+01 5.880412411689758301e+01 6.000000000000000000e+00 2.600000000000000000e+01
1.080500000000000327e+01 5.880412411689758301e+01 7.000000000000000000e+00 1.900000000000000000e+01
1.120200000000000173e+01 5.880412411689758301e+01 8.000000000000000000e+00 7.000000000000000000e+00
1.190200000000000102e+01 5.880412411689758301e+01 9.000000000000000000e+00 3.500000000000000000e+01
1.229600000000000115e+01 5.880412411689758301e+01 1.000000000000000000e+01 3.700000000000000000e+01
1.339599999999999902e+01 5.880412411689758301e+01 1.100000000000000000e+01 5.800000000000000000e+01
1.391199999999999903e+01 5.880412411689758301e+01 1.200000000000000000e+01 6.100000000000000000e+01
1.440099999999999980e+01 5.880412411689758301e+01 1.300000000000000000e+01 5.500000000000000000e+01
1.470299999999999940e+01 5.880412411689758301e+01 1.400000000000000000e+01 5.700000000000000000e+01
1.554899999999999771e+01 5.880412411689758301e+01 1.500000000000000000e+01 8.800000000000000000e+01
1.592099999999999760e+01 5.880412411689758301e+01 1.600000000000000000e+01 9.800000000000000000e+01
1.665499999999999758e+01 5.880412411689758301e+01 1.700000000000000000e+01 1.030000000000000000e+02
1.754599999999999582e+01 5.880412411689758301e+01 1.800000000000000000e+01 9.700000000000000000e+01
1.734999999999999787e+01 5.880412411689758301e+01 1.900000000000000000e+01 1.090000000000000000e+02
1.827299999999999969e+01 5.880412411689758301e+01 2.000000000000000000e+01 1.440000000000000000e+02
1.862900000000000134e+01 5.880412411689758301e+01 2.100000000000000000e+01 1.800000000000000000e+02
1.899600000000000222e+01 5.880412411689758301e+01 2.200000000000000000e+01 1.390000000000000000e+02
1.945000000000000284e+01 5.880412411689758301e+01 2.300000000000000000e+01 1.830000000000000000e+02
1.977700000000000458e+01 5.880412411689758301e+01 2.400000000000000000e+01 1.500000000000000000e+02
2.008800000000000807e+01 5.880412411689758301e+01 2.500000000000000000e+01 1.400000000000000000e+02
2.082000000000001450e+01 5.880412411689758301e+01 2.600000000000000000e+01 1.660000000000000000e+02
2.137200000000001765e+01 5.880412411689758301e+01 2.700000000000000000e+01 1.870000000000000000e+02
2.259800000000000963e+01 5.880412411689758301e+01 2.800000000000000000e+01 2.340000000000000000e+02
2.333400000000001029e+01 5.880412411689758301e+01 2.900000000000000000e+01 1.920000000000000000e+02
2.322900000000000986e+01 5.880412411689758301e+01 3.000000000000000000e+01 2.390000000000000000e+02
2.377100000000001145e+01 5.880412411689758301e+01 3.100000000000000000e+01 2.120000000000000000e+02
2.441800000000001347e+01 5.880412411689758301e+01 3.200000000000000000e+01 2.540000000000000000e+02
2.432500000000001350e+01 5.880412411689758301e+01 3.300000000000000000e+01 2.400000000000000000e+02
2.509000000000002117e+01 5.880412411689758301e+01 3.400000000000000000e+01 3.110000000000000000e+02
2.554200000000002291e+01 5.880412411689758301e+01 3.500000000000000000e+01 3.160000000000000000e+02
2.610500000000001819e+01 5.880412411689758301e+01 3.600000000000000000e+01 2.340000000000000000e+02
2.650900000000001810e+01 5.880412411689758301e+01 3.700000000000000000e+01 2.800000000000000000e+02
2.685200000000001452e+01 5.880412411689758301e+01 3.800000000000000000e+01 3.220000000000000000e+02
2.726300000000001589e+01 5.880412411689758301e+01 3.900000000000000000e+01 3.870000000000000000e+02
2.788000000000000966e+01 5.880412411689758301e+01 4.000000000000000000e+01 2.720000000000000000e+02
2.841500000000000981e+01 5.880412411689758301e+01 4.100000000000000000e+01 3.670000000000000000e+02
2.870900000000000318e+01 5.880412411689758301e+01 4.200000000000000000e+01 3.210000000000000000e+02
2.911499999999999488e+01 5.880412411689758301e+01 4.300000000000000000e+01 4.090000000000000000e+02
3.041499999999998138e+01 5.880412411689758301e+01 4.400000000000000000e+01 4.780000000000000000e+02
3.100499999999997769e+01 5.880412411689758301e+01 4.500000000000000000e+01 3.790000000000000000e+02
3.136699999999998312e+01 5.880412411689758301e+01 4.600000000000000000e+01 5.860000000000000000e+02
3.211099999999998289e+01 5.880412411689758301e+01 4.700000000000000000e+01 5.120000000000000000e+02
3.249599999999999511e+01 5.880412411689758301e+01 4.800000000000000000e+01 5.650000000000000000e+02
3.303899999999997306e+01 5.880412411689758301e+01 4.900000000000000000e+01 6.560000000000000000e+02
3.357399999999995543e+01 5.880412411689758301e+01 5.000000000000000000e+01 5.260000000000000000e+02
3.370399999999993668e+01 5.880412411689758301e+01 5.100000000000000000e+01 6.480000000000000000e+02
3.478099999999992775e+01 5.880412411689758301e+01 5.200000000000000000e+01 6.290000000000000000e+02
3.574299999999994526e+01 5.880412411689758301e+01 5.300000000000000000e+01 7.590000000000000000e+02
3.632299999999996487e+01 5.880412411689758301e+01 5.400000000000000000e+01 8.360000000000000000e+02
3.703700000000001324e+01 5.880412411689758301e+01 5.500000000000000000e+01 5.380000000000000000e+02
3.761100000000001842e+01 5.880412411689758301e+01 5.600000000000000000e+01 9.890000000000000000e+02
3.833500000000005059e+01 5.880412411689758301e+01 5.700000000000000000e+01 7.570000000000000000e+02
3.976200000000007151e+01 5.880412411689758301e+01 5.800000000000000000e+01 8.130000000000000000e+02
4.031400000000007822e+01 5.880412411689758301e+01 5.900000000000000000e+01 8.230000000000000000e+02
4.103700000000009140e+01 5.880412411689758301e+01 6.000000000000000000e+01 1.408000000000000000e+03
4.166100000000012216e+01 5.880412411689758301e+01 6.100000000000000000e+01 1.310000000000000000e+03
4.262900000000018963e+01 5.880412411689758301e+01 6.200000000000000000e+01 1.642000000000000000e+03
4.354000000000025494e+01 5.880412411689758301e+01 6.300000000000000000e+01 8.240000000000000000e+02
4.417800000000027438e+01 5.880412411689758301e+01 6.400000000000000000e+01 8.500000000000000000e+02
4.506200000000031025e+01 5.880412411689758301e+01 6.500000000000000000e+01 1.147000000000000000e+03
4.648000000000035214e+01 5.880412411689758301e+01 6.600000000000000000e+01 6.810000000000000000e+02
4.843800000000042871e+01 5.880412411689758301e+01 6.700000000000000000e+01 8.270000000000000000e+02
4.911800000000046396e+01 5.880412411689758301e+01 6.800000000000000000e+01 1.007000000000000000e+03
5.042000000000050619e+01 5.880412411689758301e+01 6.900000000000000000e+01 2.643000000000000000e+03
5.173800000000055377e+01 5.880412411689758301e+01 7.000000000000000000e+01 1.496000000000000000e+03
5.325500000000060652e+01 5.880412411689758301e+01 7.100000000000000000e+01 9.220000000000000000e+02
5.875300000000082434e+01 5.880412411689758301e+01 7.200000000000000000e+01 1.249000000000000000e+03
5.342874431610107422e+01 5.880412411689758301e+01 7.300000000000000000e+01 8.640000000000000000e+02
5.342874431610107422e+01 5.880412411689758301e+01 7.400000000000000000e+01 9.270000000000000000e+02
4.101999999999999424e+00 5.201714825630187988e+01 0.000000000000000000e+00 4.000000000000000000e+00
5.554999999999998828e+00 5.201714825630187988e+01 1.000000000000000000e+00 1.000000000000000000e+01
5.961999999999998856e+00 5.201714825630187988e+01 2.000000000000000000e+00 1.300000000000000000e+01
6.753999999999999559e+00 5.201714825630187988e+01 3.000000000000000000e+00 1.700000000000000000e+01
7.513999999999999346e+00 5.201714825630187988e+01 4.000000000000000000e+00 1.800000000000000000e+01
8.068999999999999062e+00 5.201714825630187988e+01 5.000000000000000000e+00 1.200000000000000000e+01
8.602999999999999758e+00 5.201714825630187988e+01 6.000000000000000000e+00 2.100000000000000000e+01
9.458999999999997854e+00 5.201714825630187988e+01 7.000000000000000000e+00 3.000000000000000000e+01
1.064399999999999658e+01 5.201714825630187988e+01 8.000000000000000000e+00 2.400000000000000000e+01
1.113099999999999667e+01 5.201714825630187988e+01 9.000000000000000000e+00 4.100000000000000000e+01
1.220199999999999463e+01 5.201714825630187988e+01 1.000000000000000000e+01 6.000000000000000000e+01
1.265799999999999237e+01 5.201714825630187988e+01 1.100000000000000000e+01 4.400000000000000000e+01
1.376699999999999058e+01 5.201714825630187988e+01 1.200000000000000000e+01 7.600000000000000000e+01
1.435499999999998977e+01 5.201714825630187988e+01 1.300000000000000000e+01 8.200000000000000000e+01
1.478099999999998992e+01 5.201714825630187988e+01 1.400000000000000000e+01 4.400000000000000000e+01
1.519199999999998951e+01 5.201714825630187988e+01 1.500000000000000000e+01 1.020000000000000000e+02
1.554099999999998971e+01 5.201714825630187988e+01 1.600000000000000000e+01 9.900000000000000000e+01
1.634199999999998809e+01 5.201714825630187988e+01 1.700000000000000000e+01 9.300000000000000000e+01
1.666399999999999437e+01 5.201714825630187988e+01 1.800000000000000000e+01 1.020000000000000000e+02
1.699999999999998934e+01 5.201714825630187988e+01 1.900000000000000000e+01 8.000000000000000000e+01
1.753699999999999193e+01 5.201714825630187988e+01 2.000000000000000000e+01 1.100000000000000000e+02
1.752699999999999392e+01 5.201714825630187988e+01 2.100000000000000000e+01 7.800000000000000000e+01
1.810199999999998965e+01 5.201714825630187988e+01 2.200000000000000000e+01 1.640000000000000000e+02
1.841199999999998838e+01 5.201714825630187988e+01 2.300000000000000000e+01 6.700000000000000000e+01
1.896399999999999153e+01 5.201714825630187988e+01 2.400000000000000000e+01 1.710000000000000000e+02
1.947299999999999898e+01 5.201714825630187988e+01 2.500000000000000000e+01 1.400000000000000000e+02
2.005900000000000105e+01 5.201714825630187988e+01 2.600000000000000000e+01 1.480000000000000000e+02
2.047899999999999920e+01 5.201714825630187988e+01 2.700000000000000000e+01 1.720000000000000000e+02
2.071899999999999409e+01 5.201714825630187988e+01 2.800000000000000000e+01 1.930000000000000000e+02
2.139599999999999369e+01 5.201714825630187988e+01 2.900000000000000000e+01 1.110000000000000000e+02
2.146099999999999142e+01 5.201714825630187988e+01 3.000000000000000000e+01 1.820000000000000000e+02
2.249599999999998090e+01 5.201714825630187988e+01 3.100000000000000000e+01 2.070000000000000000e+02
2.312399999999998457e+01 5.201714825630187988e+01 3.200000000000000000e+01 2.470000000000000000e+02
2.379999999999999005e+01 5.201714825630187988e+01 3.300000000000000000e+01 2.060000000000000000e+02
2.416099999999999426e+01 5.201714825630187988e+01 3.400000000000000000e+01 2.810000000000000000e+02
2.442499999999999361e+01 5.201714825630187988e+01 3.500000000000000000e+01 3.040000000000000000e+02
2.504499999999999815e+01 5.201714825630187988e+01 3.600000000000000000e+01 2.090000000000000000e+02
2.523600000000000065e+01 5.201714825630187988e+01 3.700000000000000000e+01 2.060000000000000000e+02
2.581700000000000017e+01 5.201714825630187988e+01 3.800000000000000000e+01 2.690000000000000000e+02
2.646899999999999764e+01 5.201714825630187988e+01 3.900000000000000000e+01 2.440000000000000000e+02
2.668099999999999028e+01 5.201714825630187988e+01 4.000000000000000000e+01 2.270000000000000000e+02
2.715799999999998704e+01 5.201714825630187988e+01 4.100000000000000000e+01 4.080000000000000000e+02
2.750499999999998835e+01 5.201714825630187988e+01 4.200000000000000000e+01 3.780000000000000000e+02
2.824599999999998801e+01 5.201714825630187988e+01 4.300000000000000000e+01 4.740000000000000000e+02
2.900099999999998701e+01 5.201714825630187988e+01 4.400000000000000000e+01 4.050000000000000000e+02
2.943799999999999173e+01 5.201714825630187988e+01 4.500000000000000000e+01 4.140000000000000000e+02
3.016499999999999915e+01 5.201714825630187988e+01 4.600000000000000000e+01 5.900000000000000000e+02
3.062400000000000588e+01 5.201714825630187988e+01 4.700000000000000000e+01 5.710000000000000000e+02
3.122900000000000986e+01 5.201714825630187988e+01 4.800000000000000000e+01 3.580000000000000000e+02
3.177800000000001290e+01 5.201714825630187988e+01 4.900000000000000000e+01 6.590000000000000000e+02
3.238200000000000500e+01 5.201714825630187988e+01 5.000000000000000000e+01 5.930000000000000000e+02
3.290999999999998948e+01 5.201714825630187988e+01 5.100000000000000000e+01 7.800000000000000000e+02
3.385799999999998988e+01 5.201714825630187988e+01 5.200000000000000000e+01 6.050000000000000000e+02
3.486800000000003052e+01 5.201714825630187988e+01 5.300000000000000000e+01 7.540000000000000000e+02
3.517000000000003723e+01 5.201714825630187988e+01 5.400000000000000000e+01 6.080000000000000000e+02
3.578700000000007009e+01 5.201714825630187988e+01 5.500000000000000000e+01 1.035000000000000000e+03
3.630800000000007799e+01 5.201714825630187988e+01 5.600000000000000000e+01 8.890000000000000000e+02
3.739700000000012636e+01 5.201714825630187988e+01 5.700000000000000000e+01 1.051000000000000000e+03
3.806900000000013051e+01 5.201714825630187988e+01 5.800000000000000000e+01 1.170000000000000000e+03
3.879500000000016513e+01 5.201714825630187988e+01 5.900000000000000000e+01 7.860000000000000000e+02
3.935300000000021470e+01 5.201714825630187988e+01 6.000000000000000000e+01 9.710000000000000000e+02
4.065500000000023562e+01 5.201714825630187988e+01 6.100000000000000000e+01 7.490000000000000000e+02
4.130300000000029570e+01 5.201714825630187988e+01 6.200000000000000000e+01 8.570000000000000000e+02
4.233200000000034180e+01 5.201714825630187988e+01 6.300000000000000000e+01 7.970000000000000000e+02
4.315400000000038716e+01 5.201714825630187988e+01 6.400000000000000000e+01 1.906000000000000000e+03
4.428000000000042036e+01 5.201714825630187988e+01 6.500000000000000000e+01 1.097000000000000000e+03
4.485600000000045640e+01 5.201714825630187988e+01 6.600000000000000000e+01 9.820000000000000000e+02
4.576500000000047663e+01 5.201714825630187988e+01 6.700000000000000000e+01 2.008000000000000000e+03
4.775700000000055923e+01 5.201714825630187988e+01 6.800000000000000000e+01 1.196000000000000000e+03
4.844000000000058748e+01 5.201714825630187988e+01 6.900000000000000000e+01 1.503000000000000000e+03
4.960500000000062215e+01 5.201714825630187988e+01 7.000000000000000000e+01 1.102000000000000000e+03
5.034000000000066422e+01 5.201714825630187988e+01 7.100000000000000000e+01 1.743000000000000000e+03
5.191400000000071913e+01 5.201714825630187988e+01 7.200000000000000000e+01 1.488000000000000000e+03
5.204900000000071714e+01 5.201714825630187988e+01 7.300000000000000000e+01 6.290000000000000000e+02
5.376290535926818848e+01 5.201714825630187988e+01 7.400000000000000000e+01 7.240000000000000000e+02
5.316000000000000725e+00 5.351406979560852051e+01 0.000000000000000000e+00 1.800000000000000000e+01
6.713999999999999524e+00 5.351406979560852051e+01 1.000000000000000000e+00 1.400000000000000000e+01
7.106999999999999318e+00 5.351406979560852051e+01 2.000000000000000000e+00 2.500000000000000000e+01
8.076999999999999957e+00 5.351406979560852051e+01 3.000000000000000000e+00 1.700000000000000000e+01
8.830000000000000071e+00 5.351406979560852051e+01 4.000000000000000000e+00 3.400000000000000000e+01
9.195000000000000284e+00 5.351406979560852051e+01 5.000000000000000000e+00 2.900000000000000000e+01
9.901999999999999247e+00 5.351406979560852051e+01 6.000000000000000000e+00 2.400000000000000000e+01
1.042399999999999949e+01 5.351406979560852051e+01 7.000000000000000000e+00 4.400000000000000000e+01
1.092199999999999882e+01 5.351406979560852051e+01 8.000000000000000000e+00 4.100000000000000000e+01
1.140899999999999892e+01 5.351406979560852051e+01 9.000000000000000000e+00 5.100000000000000000e+01
1.188399999999999856e+01 5.351406979560852051e+01 1.000000000000000000e+01 3.300000000000000000e+01
1.249499999999999922e+01 5.351406979560852051e+01 1.100000000000000000e+01 4.300000000000000000e+01
1.277399999999999913e+01 5.351406979560852051e+01 1.200000000000000000e+01 6.400000000000000000e+01
1.339399999999999835e+01 5.351406979560852051e+01 1.300000000000000000e+01 6.800000000000000000e+01
1.431199999999999584e+01 5.351406979560852051e+01 1.400000000000000000e+01 9.200000000000000000e+01
1.508799999999999564e+01 5.351406979560852051e+01 1.500000000000000000e+01 7.800000000000000000e+01
1.589399999999999835e+01 5.351406979560852051e+01 1.600000000000000000e+01 9.800000000000000000e+01
1.615799999999999770e+01 5.351406979560852051e+01 1.700000000000000000e+01 9.600000000000000000e+01
1.654799999999999827e+01 5.351406979560852051e+01 1.800000000000000000e+01 5.800000000000000000e+01
1.738700000000000045e+01 5.351406979560852051e+01 1.900000000000000000e+01 1.490000000000000000e+02
1.774199999999999733e+01 5.351406979560852051e+01 2.000000000000000000e+01 1.060000000000000000e+02
1.853299999999999415e+01 5.351406979560852051e+01 2.100000000000000000e+01 1.860000000000000000e+02
1.919799999999999685e+01 5.351406979560852051e+01 2.200000000000000000e+01 1.350000000000000000e+02
1.963399999999999679e+01 5.351406979560852051e+01 2.300000000000000000e+01 1.820000000000000000e+02
2.005199999999999960e+01 5.351406979560852051e+01 2.400000000000000000e+01 1.350000000000000000e+02
2.033000000000000185e+01 5.351406979560852051e+01 2.500000000000000000e+01 1.130000000000000000e+02
2.115000000000000568e+01 5.351406979560852051e+01 2.600000000000000000e+01 2.200000000000000000e+02
2.162000000000000455e+01 5.351406979560852051e+01 2.700000000000000000e+01 1.690000000000000000e+02
2.198200000000000287e+01 5.351406979560852051e+01 2.800000000000000000e+01 1.700000000000000000e+02
2.232300000000000040e+01 5.351406979560852051e+01 2.900000000000000000e+01 2.370000000000000000e+02
2.285199999999999676e+01 5.351406979560852051e+01 3.000000000000000000e+01 1.860000000000000000e+02
2.308299999999999486e+01 5.351406979560852051e+01 3.100000000000000000e+01 2.080000000000000000e+02
2.351099999999999568e+01 5.351406979560852051e+01 3.200000000000000000e+01 2.660000000000000000e+02
2.406099999999999639e+01 5.351406979560852051e+01 3.300000000000000000e+01 2.350000000000000000e+02
2.446399999999999508e+01 5.351406979560852051e+01 3.400000000000000000e+01 2.800000000000000000e+02
2.514199999999999235e+01 5.351406979560852051e+01 3.500000000000000000e+01 2.950000000000000000e+02
2.587600000000000122e+01 5.351406979560852051e+01 3.600000000000000000e+01 3.180000000000000000e+02
2.646999999999999886e+01 5.351406979560852051e+01 3.700000000000000000e+01 2.470000000000000000e+02
2.681000000000000227e+01 5.351406979560852051e+01 3.800000000000000000e+01 4.460000000000000000e+02
2.771299999999999741e+01 5.351406979560852051e+01 3.900000000000000000e+01 3.150000000000000000e+02
2.801899999999999835e+01 5.351406979560852051e+01 4.000000000000000000e+01 3.840000000000000000e+02
2.839999999999999858e+01 5.351406979560852051e+01 4.100000000000000000e+01 4.730000000000000000e+02
2.891799999999999216e+01 5.351406979560852051e+01 4.200000000000000000e+01 4.580000000000000000e+02
2.963199999999998724e+01 5.351406979560852051e+01 4.300000000000000000e+01 4.330000000000000000e+02
2.956299999999999173e+01 5.351406979560852051e+01 4.400000000000000000e+01 3.720000000000000000e+02
3.076099999999999923e+01 5.351406979560852051e+01 4.500000000000000000e+01 5.680000000000000000e+02
3.122100000000000009e+01 5.351406979560852051e+01 4.600000000000000000e+01 5.600000000000000000e+02
3.174100000000000676e+01 5.351406979560852051e+01 4.700000000000000000e+01 6.430000000000000000e+02
3.208000000000001251e+01 5.351406979560852051e+01 4.800000000000000000e+01 6.020000000000000000e+02
3.244800000000000040e+01 5.351406979560852051e+01 4.900000000000000000e+01 5.750000000000000000e+02
3.426199999999993651e+01 5.351406979560852051e+01 5.000000000000000000e+01 9.690000000000000000e+02
3.477199999999994162e+01 5.351406979560852051e+01 5.100000000000000000e+01 6.630000000000000000e+02
3.497199999999994446e+01 5.351406979560852051e+01 5.200000000000000000e+01 5.870000000000000000e+02
3.584899999999998244e+01 5.351406979560852051e+01 5.300000000000000000e+01 6.560000000000000000e+02
3.697399999999998244e+01 5.351406979560852051e+01 5.400000000000000000e+01 6.210000000000000000e+02
3.759300000000002484e+01 5.351406979560852051e+01 5.500000000000000000e+01 7.480000000000000000e+02
3.835500000000001108e+01 5.351406979560852051e+01 5.600000000000000000e+01 5.130000000000000000e+02
3.889300000000006463e+01 5.351406979560852051e+01 5.700000000000000000e+01 1.143000000000000000e+03
3.957500000000008100e+01 5.351406979560852051e+01 5.800000000000000000e+01 6.870000000000000000e+02
4.040900000000016234e+01 5.351406979560852051e+01 5.900000000000000000e+01 1.162000000000000000e+03
4.115500000000014325e+01 5.351406979560852051e+01 6.000000000000000000e+01 1.502000000000000000e+03
4.272700000000021703e+01 5.351406979560852051e+01 6.100000000000000000e+01 1.375000000000000000e+03
4.325400000000029621e+01 5.351406979560852051e+01 6.200000000000000000e+01 1.408000000000000000e+03
4.418700000000033867e+01 5.351406979560852051e+01 6.300000000000000000e+01 9.590000000000000000e+02
4.472500000000036380e+01 5.351406979560852051e+01 6.400000000000000000e+01 1.576000000000000000e+03
4.582200000000040063e+01 5.351406979560852051e+01 6.500000000000000000e+01 1.851000000000000000e+03
4.656800000000043127e+01 5.351406979560852051e+01 6.600000000000000000e+01 1.374000000000000000e+03
4.756200000000046657e+01 5.351406979560852051e+01 6.700000000000000000e+01 1.160000000000000000e+03
4.937300000000054467e+01 5.351406979560852051e+01 6.800000000000000000e+01 1.086000000000000000e+03
5.004000000000056048e+01 5.351406979560852051e+01 6.900000000000000000e+01 1.159000000000000000e+03
5.105100000000059879e+01 5.351406979560852051e+01 7.000000000000000000e+01 9.330000000000000000e+02
5.188800000000063761e+01 5.351406979560852051e+01 7.100000000000000000e+01 1.772000000000000000e+03
5.353700000000068826e+01 5.351406979560852051e+01 7.200000000000000000e+01 1.259000000000000000e+03
5.516891765594482422e+01 5.351406979560852051e+01 7.300000000000000000e+01 8.180000000000000000e+02
5.516891765594482422e+01 5.351406979560852051e+01 7.400000000000000000e+01 9.310000000000000000e+02
4.241999999999999993e+00 5.077066445350646973e+01 0.000000000000000000e+00 2.000000000000000000e+00
6.053000000000000824e+00 5.077066445350646973e+01 1.000000000000000000e+00 9.000000000000000000e+00
7.240000000000001101e+00 5.077066445350646973e+01 2.000000000000000000e+00 1.600000000000000000e+01
7.998000000000000220e+00 5.077066445350646973e+01 3.000000000000000000e+00 3.500000000000000000e+01
8.368000000000000327e+00 5.077066445350646973e+01 4.000000000000000000e+00 3.900000000000000000e+01
8.711999999999999744e+00 5.077066445350646973e+01 5.000000000000000000e+00 2.100000000000000000e+01
9.451000000000000512e+00 5.077066445350646973e+01 6.000000000000000000e+00 3.000000000000000000e+01
9.802000000000001378e+00 5.077066445350646973e+01 7.000000000000000000e+00 4.000000000000000000e+01
1.048100000000000342e+01 5.077066445350646973e+01 8.000000000000000000e+00 3.800000000000000000e+01
1.113800000000000345e+01 5.077066445350646973e+01 9.000000000000000000e+00 3.800000000000000000e+01
1.146200000000000330e+01 5.077066445350646973e+01 1.000000000000000000e+01 4.200000000000000000e+01
1.253600000000000136e+01 5.077066445350646973e+01 1.100000000000000000e+01 5.000000000000000000e+01
1.283100000000000129e+01 5.077066445350646973e+01 1.200000000000000000e+01 6.200000000000000000e+01
1.326700000000000124e+01 5.077066445350646973e+01 1.300000000000000000e+01 4.600000000000000000e+01
1.411400000000000077e+01 5.077066445350646973e+01 1.400000000000000000e+01 9.000000000000000000e+01
1.436100000000000065e+01 5.077066445350646973e+01 1.500000000000000000e+01 6.500000000000000000e+01
1.480900000000000105e+01 5.077066445350646973e+01 1.600000000000000000e+01 7.500000000000000000e+01
1.559900000000000198e+01 5.077066445350646973e+01 1.700000000000000000e+01 9.800000000000000000e+01
1.559900000000000198e+01 5.077066445350646973e+01 1.800000000000000000e+01 1.200000000000000000e+01
1.585200000000000209e+01 5.077066445350646973e+01 1.900000000000000000e+01 1.030000000000000000e+02
1.665800000000000125e+01 5.077066445350646973e+01 2.000000000000000000e+01 1.360000000000000000e+02
1.721700000000000585e+01 5.077066445350646973e+01 2.100000000000000000e+01 8.900000000000000000e+01
1.782200000000000628e+01 5.077066445350646973e+01 2.200000000000000000e+01 1.270000000000000000e+02
1.847600000000000975e+01 5.077066445350646973e+01 2.300000000000000000e+01 9.400000000000000000e+01
1.889900000000000801e+01 5.077066445350646973e+01 2.400000000000000000e+01 1.650000000000000000e+02
1.954600000000001359e+01 5.077066445350646973e+01 2.500000000000000000e+01 1.610000000000000000e+02
2.015800000000001901e+01 5.077066445350646973e+01 2.600000000000000000e+01 1.910000000000000000e+02
2.057700000000001950e+01 5.077066445350646973e+01 2.700000000000000000e+01 1.600000000000000000e+02
2.072600000000002041e+01 5.077066445350646973e+01 2.800000000000000000e+01 1.510000000000000000e+02
2.119300000000001916e+01 5.077066445350646973e+01 2.900000000000000000e+01 1.910000000000000000e+02
2.126600000000001955e+01 5.077066445350646973e+01 3.000000000000000000e+01 1.710000000000000000e+02
2.199400000000002109e+01 5.077066445350646973e+01 3.100000000000000000e+01 2.480000000000000000e+02
2.268800000000002015e+01 5.077066445350646973e+01 3.200000000000000000e+01 1.750000000000000000e+02
2.275600000000002154e+01 5.077066445350646973e+01 3.300000000000000000e+01 2.240000000000000000e+02
2.319700000000002049e+01 5.077066445350646973e+01 3.400000000000000000e+01 2.210000000000000000e+02
2.382500000000002416e+01 5.077066445350646973e+01 3.500000000000000000e+01 1.830000000000000000e+02
2.412300000000002598e+01 5.077066445350646973e+01 3.600000000000000000e+01 2.990000000000000000e+02
2.500200000000002731e+01 5.077066445350646973e+01 3.700000000000000000e+01 2.070000000000000000e+02
2.505400000000003047e+01 5.077066445350646973e+01 3.800000000000000000e+01 3.140000000000000000e+02
2.590500000000002956e+01 5.077066445350646973e+01 3.900000000000000000e+01 3.010000000000000000e+02
2.618300000000002825e+01 5.077066445350646973e+01 4.000000000000000000e+01 2.490000000000000000e+02
2.702600000000001401e+01 5.077066445350646973e+01 4.100000000000000000e+01 3.590000000000000000e+02
2.755800000000001049e+01 5.077066445350646973e+01 4.200000000000000000e+01 4.760000000000000000e+02
2.810500000000000753e+01 5.077066445350646973e+01 4.300000000000000000e+01 4.000000000000000000e+02
2.901400000000001711e+01 5.077066445350646973e+01 4.400000000000000000e+01 3.810000000000000000e+02
2.923300000000001830e+01 5.077066445350646973e+01 4.500000000000000000e+01 3.860000000000000000e+02
2.970700000000002561e+01 5.077066445350646973e+01 4.600000000000000000e+01 5.010000000000000000e+02
3.049200000000002930e+01 5.077066445350646973e+01 4.700000000000000000e+01 5.470000000000000000e+02
3.104500000000003723e+01 5.077066445350646973e+01 4.800000000000000000e+01 5.890000000000000000e+02
3.185400000000003473e+01 5.077066445350646973e+01 4.900000000000000000e+01 6.060000000000000000e+02
3.248499999999999943e+01 5.077066445350646973e+01 5.000000000000000000e+01 5.960000000000000000e+02
3.272400000000001086e+01 5.077066445350646973e+01 5.100000000000000000e+01 6.710000000000000000e+02
3.341700000000002291e+01 5.077066445350646973e+01 5.200000000000000000e+01 7.660000000000000000e+02
3.424300000000005895e+01 5.077066445350646973e+01 5.300000000000000000e+01 7.020000000000000000e+02
3.460800000000005383e+01 5.077066445350646973e+01 5.400000000000000000e+01 6.110000000000000000e+02
3.580900000000016803e+01 5.077066445350646973e+01 5.500000000000000000e+01 9.790000000000000000e+02
3.659300000000016695e+01 5.077066445350646973e+01 5.600000000000000000e+01 9.650000000000000000e+02
3.754600000000020543e+01 5.077066445350646973e+01 5.700000000000000000e+01 9.760000000000000000e+02
3.820700000000019969e+01 5.077066445350646973e+01 5.800000000000000000e+01 9.410000000000000000e+02
3.872600000000021936e+01 5.077066445350646973e+01 5.900000000000000000e+01 9.070000000000000000e+02
3.966000000000022396e+01 5.077066445350646973e+01 6.000000000000000000e+01 1.257000000000000000e+03
4.048500000000026944e+01 5.077066445350646973e+01 6.100000000000000000e+01 1.048000000000000000e+03
4.131400000000031270e+01 5.077066445350646973e+01 6.200000000000000000e+01 9.070000000000000000e+02
4.203000000000034930e+01 5.077066445350646973e+01 6.300000000000000000e+01 7.190000000000000000e+02
4.298700000000039267e+01 5.077066445350646973e+01 6.400000000000000000e+01 9.010000000000000000e+02
4.381400000000042638e+01 5.077066445350646973e+01 6.500000000000000000e+01 1.714000000000000000e+03
4.452700000000044867e+01 5.077066445350646973e+01 6.600000000000000000e+01 9.660000000000000000e+02
4.516000000000048686e+01 5.077066445350646973e+01 6.700000000000000000e+01 9.410000000000000000e+02
4.609300000000052933e+01 5.077066445350646973e+01 6.800000000000000000e+01 2.525000000000000000e+03
4.749500000000056588e+01 5.077066445350646973e+01 6.900000000000000000e+01 1.118000000000000000e+03
4.833900000000060970e+01 5.077066445350646973e+01 7.000000000000000000e+01 1.130000000000000000e+03
4.931600000000063488e+01 5.077066445350646973e+01 7.100000000000000000e+01 1.267000000000000000e+03
5.072000000000068809e+01 5.077066445350646973e+01 7.200000000000000000e+01 9.450000000000000000e+02
5.226164603233337402e+01 5.077066445350646973e+01 7.300000000000000000e+01 8.940000000000000000e+02
5.226164603233337402e+01 5.077066445350646973e+01 7.400000000000000000e+01 8.040000000000000000e+02
5.739000000000001656e+00 5.785393166542053223e+01 0.000000000000000000e+00 1.600000000000000000e+01
6.752000000000001556e+00 5.785393166542053223e+01 1.000000000000000000e+00 1.800000000000000000e+01
7.757000000000001450e+00 5.785393166542053223e+01 2.000000000000000000e+00 2.100000000000000000e+01
7.952000000000001734e+00 5.785393166542053223e+01 3.000000000000000000e+00 2.400000000000000000e+01
8.514000000000001123e+00 5.785393166542053223e+01 4.000000000000000000e+00 2.000000000000000000e+01
9.239000000000000767e+00 5.785393166542053223e+01 5.000000000000000000e+00 3.800000000000000000e+01
9.951000000000002288e+00 5.785393166542053223e+01 6.000000000000000000e+00 3.700000000000000000e+01
1.048100000000000165e+01 5.785393166542053223e+01 7.000000000000000000e+00 4.000000000000000000e+01
1.095199999999999996e+01 5.785393166542053223e+01 8.000000000000000000e+00 5.000000000000000000e+01
1.181199999999999761e+01 5.785393166542053223e+01 9.000000000000000000e+00 3.400000000000000000e+01
1.209499999999999886e+01 5.785393166542053223e+01 1.000000000000000000e+01 7.400000000000000000e+01
1.274799999999999933e+01 5.785393166542053223e+01 1.100000000000000000e+01 6.300000000000000000e+01
1.304399999999999871e+01 5.785393166542053223e+01 1.200000000000000000e+01 6.800000000000000000e+01
1.318699999999999939e+01 5.785393166542053223e+01 1.300000000000000000e+01 8.700000000000000000e+01
1.375899999999999856e+01 5.785393166542053223e+01 1.400000000000000000e+01 6.600000000000000000e+01
1.403499999999999837e+01 5.785393166542053223e+01 1.500000000000000000e+01 8.500000000000000000e+01
1.457399999999999807e+01 5.785393166542053223e+01 1.600000000000000000e+01 8.700000000000000000e+01
1.470499999999999829e+01 5.785393166542053223e+01 1.700000000000000000e+01 7.500000000000000000e+01
1.485499999999999510e+01 5.785393166542053223e+01 1.800000000000000000e+01 8.900000000000000000e+01
1.567899999999999672e+01 5.785393166542053223e+01 1.900000000000000000e+01 8.000000000000000000e+01
1.632299999999999685e+01 5.785393166542053223e+01 2.000000000000000000e+01 1.160000000000000000e+02
1.667599999999999838e+01 5.785393166542053223e+01 2.100000000000000000e+01 1.180000000000000000e+02
1.757999999999999829e+01 5.785393166542053223e+01 2.200000000000000000e+01 1.240000000000000000e+02
1.791300000000000026e+01 5.785393166542053223e+01 2.300000000000000000e+01 1.370000000000000000e+02
1.843800000000000239e+01 5.785393166542053223e+01 2.400000000000000000e+01 9.600000000000000000e+01
1.877000000000000668e+01 5.785393166542053223e+01 2.500000000000000000e+01 1.390000000000000000e+02
1.903900000000000503e+01 5.785393166542053223e+01 2.600000000000000000e+01 1.620000000000000000e+02
1.970400000000000773e+01 5.785393166542053223e+01 2.700000000000000000e+01 1.620000000000000000e+02
1.991100000000000847e+01 5.785393166542053223e+01 2.800000000000000000e+01 1.570000000000000000e+02
2.059700000000000486e+01 5.785393166542053223e+01 2.900000000000000000e+01 1.770000000000000000e+02
2.110600000000000165e+01 5.785393166542053223e+01 3.000000000000000000e+01 2.040000000000000000e+02
2.130799999999999983e+01 5.785393166542053223e+01 3.100000000000000000e+01 2.050000000000000000e+02
2.206699999999999662e+01 5.785393166542053223e+01 3.200000000000000000e+01 2.300000000000000000e+02
2.319300000000000139e+01 5.785393166542053223e+01 3.300000000000000000e+01 2.870000000000000000e+02
2.400200000000000600e+01 5.785393166542053223e+01 3.400000000000000000e+01 2.540000000000000000e+02
2.455000000000000426e+01 5.785393166542053223e+01 3.500000000000000000e+01 2.700000000000000000e+02
2.505000000000000426e+01 5.785393166542053223e+01 3.600000000000000000e+01 3.350000000000000000e+02
2.548000000000000753e+01 5.785393166542053223e+01 3.700000000000000000e+01 3.240000000000000000e+02
2.572900000000001342e+01 5.785393166542053223e+01 3.800000000000000000e+01 3.220000000000000000e+02
2.629000000000001691e+01 5.785393166542053223e+01 3.900000000000000000e+01 3.890000000000000000e+02
2.654200000000001936e+01 5.785393166542053223e+01 4.000000000000000000e+01 4.100000000000000000e+02
2.703300000000001901e+01 5.785393166542053223e+01 4.100000000000000000e+01 4.070000000000000000e+02
2.755300000000002214e+01 5.785393166542053223e+01 4.200000000000000000e+01 4.330000000000000000e+02
2.792500000000002203e+01 5.785393166542053223e+01 4.300000000000000000e+01 4.370000000000000000e+02
2.849100000000001742e+01 5.785393166542053223e+01 4.400000000000000000e+01 4.660000000000000000e+02
2.920500000000002672e+01 5.785393166542053223e+01 4.500000000000000000e+01 4.600000000000000000e+02
2.937700000000003087e+01 5.785393166542053223e+01 4.600000000000000000e+01 4.330000000000000000e+02
3.023000000000003240e+01 5.785393166542053223e+01 4.700000000000000000e+01 5.720000000000000000e+02
3.074500000000004363e+01 5.785393166542053223e+01 4.800000000000000000e+01 6.160000000000000000e+02
3.182200000000004181e+01 5.785393166542053223e+01 4.900000000000000000e+01 6.080000000000000000e+02
3.201000000000004064e+01 5.785393166542053223e+01 5.000000000000000000e+01 4.740000000000000000e+02
3.227900000000003899e+01 5.785393166542053223e+01 5.100000000000000000e+01 5.860000000000000000e+02
3.316000000000006764e+01 5.785393166542053223e+01 5.200000000000000000e+01 6.260000000000000000e+02
3.378300000000009362e+01 5.785393166542053223e+01 5.300000000000000000e+01 8.780000000000000000e+02
3.445800000000009788e+01 5.785393166542053223e+01 5.400000000000000000e+01 8.060000000000000000e+02
3.560700000000017695e+01 5.785393166542053223e+01 5.500000000000000000e+01 8.320000000000000000e+02
3.625300000000017775e+01 5.785393166542053223e+01 5.600000000000000000e+01 8.590000000000000000e+02
3.700900000000022771e+01 5.785393166542053223e+01 5.700000000000000000e+01 8.480000000000000000e+02
3.748500000000022681e+01 5.785393166542053223e+01 5.800000000000000000e+01 7.230000000000000000e+02
3.872600000000029041e+01 5.785393166542053223e+01 5.900000000000000000e+01 9.020000000000000000e+02
3.940300000000029002e+01 5.785393166542053223e+01 6.000000000000000000e+01 9.310000000000000000e+02
4.019500000000033424e+01 5.785393166542053223e+01 6.100000000000000000e+01 7.130000000000000000e+02
4.090500000000038483e+01 5.785393166542053223e+01 6.200000000000000000e+01 1.276000000000000000e+03
4.172300000000042530e+01 5.785393166542053223e+01 6.300000000000000000e+01 7.490000000000000000e+02
4.241600000000045156e+01 5.785393166542053223e+01 6.400000000000000000e+01 1.704000000000000000e+03
4.378700000000051773e+01 5.785393166542053223e+01 6.500000000000000000e+01 1.109000000000000000e+03
4.459500000000053177e+01 5.785393166542053223e+01 6.600000000000000000e+01 8.540000000000000000e+02
4.539500000000057867e+01 5.785393166542053223e+01 6.700000000000000000e+01 1.122000000000000000e+03
4.658300000000063079e+01 5.785393166542053223e+01 6.800000000000000000e+01 1.036000000000000000e+03
4.749200000000064392e+01 5.785393166542053223e+01 6.900000000000000000e+01 9.350000000000000000e+02
4.956900000000072026e+01 5.785393166542053223e+01 7.000000000000000000e+01 8.980000000000000000e+02
5.100700000000078660e+01 5.785393166542053223e+01 7.100000000000000000e+01 1.295000000000000000e+03
5.783600000000102881e+01 5.785393166542053223e+01 7.200000000000000000e+01 1.425000000000000000e+03
5.779300000000102955e+01 5.785393166542053223e+01 7.300000000000000000e+01 8.390000000000000000e+02
5.348979854583740234e+01 5.785393166542053223e+01 7.400000000000000000e+01 6.800000000000000000e+02
3.428999999999999826e+00 5.197328805923461914e+01 0.000000000000000000e+00 0.000000000000000000e+00
6.897000000000001130e+00 5.197328805923461914e+01 1.000000000000000000e+00 9.000000000000000000e+00
7.703000000000001180e+00 5.197328805923461914e+01 2.000000000000000000e+00 1.400000000000000000e+01
8.682000000000000384e+00 5.197328805923461914e+01 3.000000000000000000e+00 1.200000000000000000e+01
9.789999999999999147e+00 5.197328805923461914e+01 4.000000000000000000e+00 3.100000000000000000e+01
1.016099999999999781e+01 5.197328805923461914e+01 5.000000000000000000e+00 2.700000000000000000e+01
1.052599999999999802e+01 5.197328805923461914e+01 6.000000000000000000e+00 4.100000000000000000e+01
1.089599999999999902e+01 5.197328805923461914e+01 7.000000000000000000e+00 4.300000000000000000e+01
1.190599999999999703e+01 5.197328805923461914e+01 8.000000000000000000e+00 4.500000000000000000e+01
1.255999999999999694e+01 5.197328805923461914e+01 9.000000000000000000e+00 5.800000000000000000e+01
1.287499999999999645e+01 5.197328805923461914e+01 1.000000000000000000e+01 5.900000000000000000e+01
1.348699999999999655e+01 5.197328805923461914e+01 1.100000000000000000e+01 4.300000000000000000e+01
1.348699999999999655e+01 5.197328805923461914e+01 1.200000000000000000e+01 6.800000000000000000e+01
1.406199999999999761e+01 5.197328805923461914e+01 1.300000000000000000e+01 6.000000000000000000e+01
1.460199999999999676e+01 5.197328805923461914e+01 1.400000000000000000e+01 7.700000000000000000e+01
1.518999999999999417e+01 5.197328805923461914e+01 1.500000000000000000e+01 7.500000000000000000e+01
1.546699999999999520e+01 5.197328805923461914e+01 1.600000000000000000e+01 7.700000000000000000e+01
1.558499999999999375e+01 5.197328805923461914e+01 1.700000000000000000e+01 1.040000000000000000e+02
1.625299999999999656e+01 5.197328805923461914e+01 1.800000000000000000e+01 1.140000000000000000e+02
1.686599999999999255e+01 5.197328805923461914e+01 1.900000000000000000e+01 8.600000000000000000e+01
1.723299999999999343e+01 5.197328805923461914e+01 2.000000000000000000e+01 1.020000000000000000e+02
1.729499999999999460e+01 5.197328805923461914e+01 2.100000000000000000e+01 1.510000000000000000e+02
1.824299999999999500e+01 5.197328805923461914e+01 2.200000000000000000e+01 1.370000000000000000e+02
1.867899999999999494e+01 5.197328805923461914e+01 2.300000000000000000e+01 1.590000000000000000e+02
1.921399999999999508e+01 5.197328805923461914e+01 2.400000000000000000e+01 1.280000000000000000e+02
1.948899999999999366e+01 5.197328805923461914e+01 2.500000000000000000e+01 2.170000000000000000e+02
2.020599999999999596e+01 5.197328805923461914e+01 2.600000000000000000e+01 1.690000000000000000e+02
2.058899999999999508e+01 5.197328805923461914e+01 2.700000000000000000e+01 1.800000000000000000e+02
2.057499999999999218e+01 5.197328805923461914e+01 2.800000000000000000e+01 1.110000000000000000e+02
2.129999999999999716e+01 5.197328805923461914e+01 2.900000000000000000e+01 2.230000000000000000e+02
2.180999999999999872e+01 5.197328805923461914e+01 3.000000000000000000e+01 1.500000000000000000e+02
2.187999999999999901e+01 5.197328805923461914e+01 3.100000000000000000e+01 2.160000000000000000e+02
2.254100000000000037e+01 5.197328805923461914e+01 3.200000000000000000e+01 2.190000000000000000e+02
2.269500000000000028e+01 5.197328805923461914e+01 3.300000000000000000e+01 2.170000000000000000e+02
2.349600000000000222e+01 5.197328805923461914e+01 3.400000000000000000e+01 2.950000000000000000e+02
2.411999999999999744e+01 5.197328805923461914e+01 3.500000000000000000e+01 2.290000000000000000e+02
2.469000000000000128e+01 5.197328805923461914e+01 3.600000000000000000e+01 2.440000000000000000e+02
2.522500000000000497e+01 5.197328805923461914e+01 3.700000000000000000e+01 3.020000000000000000e+02
2.570800000000000907e+01 5.197328805923461914e+01 3.800000000000000000e+01 3.160000000000000000e+02
2.629400000000001114e+01 5.197328805923461914e+01 3.900000000000000000e+01 3.440000000000000000e+02
2.651800000000001134e+01 5.197328805923461914e+01 4.000000000000000000e+01 3.810000000000000000e+02
2.695200000000000884e+01 5.197328805923461914e+01 4.100000000000000000e+01 3.980000000000000000e+02
2.733100000000000307e+01 5.197328805923461914e+01 4.200000000000000000e+01 4.010000000000000000e+02
2.767900000000000560e+01 5.197328805923461914e+01 4.300000000000000000e+01 2.540000000000000000e+02
2.823000000000001108e+01 5.197328805923461914e+01 4.400000000000000000e+01 3.780000000000000000e+02
2.902200000000001268e+01 5.197328805923461914e+01 4.500000000000000000e+01 4.640000000000000000e+02
3.000100000000001543e+01 5.197328805923461914e+01 4.600000000000000000e+01 4.410000000000000000e+02
3.043900000000002137e+01 5.197328805923461914e+01 4.700000000000000000e+01 4.020000000000000000e+02
3.118200000000003413e+01 5.197328805923461914e+01 4.800000000000000000e+01 6.060000000000000000e+02
3.192400000000002791e+01 5.197328805923461914e+01 4.900000000000000000e+01 6.790000000000000000e+02
3.266299999999998249e+01 5.197328805923461914e+01 5.000000000000000000e+01 4.480000000000000000e+02
3.306899999999996709e+01 5.197328805923461914e+01 5.100000000000000000e+01 6.260000000000000000e+02
3.364299999999997937e+01 5.197328805923461914e+01 5.200000000000000000e+01 7.980000000000000000e+02
3.445600000000002439e+01 5.197328805923461914e+01 5.300000000000000000e+01 7.200000000000000000e+02
3.518900000000003558e+01 5.197328805923461914e+01 5.400000000000000000e+01 8.140000000000000000e+02
3.643800000000013739e+01 5.197328805923461914e+01 5.500000000000000000e+01 9.990000000000000000e+02
3.743600000000012784e+01 5.197328805923461914e+01 5.600000000000000000e+01 1.018000000000000000e+03
3.858900000000019759e+01 5.197328805923461914e+01 5.700000000000000000e+01 1.044000000000000000e+03
3.830500000000021288e+01 5.197328805923461914e+01 5.800000000000000000e+01 9.060000000000000000e+02
3.941300000000026671e+01 5.197328805923461914e+01 5.900000000000000000e+01 1.209000000000000000e+03
4.031000000000027228e+01 5.197328805923461914e+01 6.000000000000000000e+01 1.511000000000000000e+03
4.081200000000031025e+01 5.197328805923461914e+01 6.100000000000000000e+01 1.009000000000000000e+03
4.170200000000032503e+01 5.197328805923461914e+01 6.200000000000000000e+01 1.209000000000000000e+03
4.255500000000038341e+01 5.197328805923461914e+01 6.300000000000000000e+01 1.276000000000000000e+03
4.313300000000042189e+01 5.197328805923461914e+01 6.400000000000000000e+01 1.947000000000000000e+03
4.416300000000045145e+01 5.197328805923461914e+01 6.500000000000000000e+01 1.035000000000000000e+03
4.454200000000049187e+01 5.197328805923461914e+01 6.600000000000000000e+01 1.054000000000000000e+03
4.581200000000051631e+01 5.197328805923461914e+01 6.700000000000000000e+01 9.890000000000000000e+02
4.653100000000053882e+01 5.197328805923461914e+01 6.800000000000000000e+01 1.224000000000000000e+03
4.791400000000060544e+01 5.197328805923461914e+01 6.900000000000000000e+01 1.509000000000000000e+03
4.904800000000063420e+01 5.197328805923461914e+01 7.000000000000000000e+01 1.049000000000000000e+03
5.092100000000070281e+01 5.197328805923461914e+01 7.100000000000000000e+01 1.116000000000000000e+03
5.159700000000076159e+01 5.197328805923461914e+01 7.200000000000000000e+01 1.192000000000000000e+03
5.327612733840942383e+01 5.197328805923461914e+01 7.300000000000000000e+01 7.660000000000000000e+02
5.327612733840942383e+01 5.197328805923461914e+01 7.400000000000000000e+01 1.111000000000000000e+03
3.633000000000000451e+00 5.510695314407348633e+01 0.000000000000000000e+00 2.000000000000000000e+00
4.647999999999999687e+00 5.510695314407348633e+01 1.000000000000000000e+00 6.000000000000000000e+00
5.760999999999999233e+00 5.510695314407348633e+01 2.000000000000000000e+00 1.200000000000000000e+01
7.240999999999997883e+00 5.510695314407348633e+01 3.000000000000000000e+00 1.800000000000000000e+01
8.072999999999996845e+00 5.510695314407348633e+01 4.000000000000000000e+00 1.900000000000000000e+01
8.671999999999995268e+00 5.510695314407348633e+01 5.000000000000000000e+00 1.900000000000000000e+01
9.276999999999995694e+00 5.510695314407348633e+01 6.000000000000000000e+00 2.600000000000000000e+01
9.657999999999994145e+00 5.510695314407348633e+01 7.000000000000000000e+00 2.800000000000000000e+01
1.040399999999999459e+01 5.510695314407348633e+01 8.000000000000000000e+00 4.000000000000000000e+01
1.055399999999999672e+01 5.510695314407348633e+01 9.000000000000000000e+00 2.800000000000000000e+01
1.125399999999999423e+01 5.510695314407348633e+01 1.000000000000000000e+01 1.900000000000000000e+01
1.247099999999999298e+01 5.510695314407348633e+01 1.100000000000000000e+01 4.500000000000000000e+01
1.330799999999999450e+01 5.510695314407348633e+01 1.200000000000000000e+01 9.500000000000000000e+01
1.330799999999999450e+01 5.510695314407348633e+01 1.300000000000000000e+01 3.100000000000000000e+01
1.346699999999999520e+01 5.510695314407348633e+01 1.400000000000000000e+01 5.700000000000000000e+01
1.443799999999999528e+01 5.510695314407348633e+01 1.500000000000000000e+01 7.400000000000000000e+01
1.460799999999999521e+01 5.510695314407348633e+01 1.600000000000000000e+01 9.400000000000000000e+01
1.503999999999999737e+01 5.510695314407348633e+01 1.700000000000000000e+01 8.800000000000000000e+01
1.494299999999999606e+01 5.510695314407348633e+01 1.800000000000000000e+01 6.200000000000000000e+01
1.587699999999999534e+01 5.510695314407348633e+01 1.900000000000000000e+01 9.400000000000000000e+01
1.608799999999999741e+01 5.510695314407348633e+01 2.000000000000000000e+01 7.500000000000000000e+01
1.678399999999999892e+01 5.510695314407348633e+01 2.100000000000000000e+01 6.800000000000000000e+01
1.751299999999999457e+01 5.510695314407348633e+01 2.200000000000000000e+01 9.400000000000000000e+01
1.809799999999999187e+01 5.510695314407348633e+01 2.300000000000000000e+01 9.400000000000000000e+01
1.820499999999999119e+01 5.510695314407348633e+01 2.400000000000000000e+01 5.700000000000000000e+01
1.914599999999999014e+01 5.510695314407348633e+01 2.500000000000000000e+01 1.580000000000000000e+02
1.989399999999999125e+01 5.510695314407348633e+01 2.600000000000000000e+01 1.370000000000000000e+02
2.010099999999999199e+01 5.510695314407348633e+01 2.700000000000000000e+01 1.210000000000000000e+02
2.060299999999999088e+01 5.510695314407348633e+01 2.800000000000000000e+01 1.750000000000000000e+02
2.127399999999999025e+01 5.510695314407348633e+01 2.900000000000000000e+01 1.250000000000000000e+02
2.155999999999999162e+01 5.510695314407348633e+01 3.000000000000000000e+01 1.270000000000000000e+02
2.227299999999998903e+01 5.510695314407348633e+01 3.100000000000000000e+01 2.170000000000000000e+02
2.288099999999998602e+01 5.510695314407348633e+01 3.200000000000000000e+01 1.830000000000000000e+02
2.347199999999997999e+01 5.510695314407348633e+01 3.300000000000000000e+01 1.400000000000000000e+02
2.403599999999997294e+01 5.510695314407348633e+01 3.400000000000000000e+01 2.360000000000000000e+02
2.449099999999997124e+01 5.510695314407348633e+01 3.500000000000000000e+01 2.040000000000000000e+02
2.499999999999997513e+01 5.510695314407348633e+01 3.600000000000000000e+01 2.230000000000000000e+02
2.569299999999997652e+01 5.510695314407348633e+01 3.700000000000000000e+01 3.450000000000000000e+02
2.604399999999997917e+01 5.510695314407348633e+01 3.800000000000000000e+01 2.160000000000000000e+02
2.667599999999998062e+01 5.510695314407348633e+01 3.900000000000000000e+01 3.690000000000000000e+02
2.685699999999998511e+01 5.510695314407348633e+01 4.000000000000000000e+01 3.930000000000000000e+02
2.769599999999998730e+01 5.510695314407348633e+01 4.100000000000000000e+01 3.110000000000000000e+02
2.806599999999998118e+01 5.510695314407348633e+01 4.200000000000000000e+01 2.960000000000000000e+02
2.882899999999997220e+01 5.510695314407348633e+01 4.300000000000000000e+01 3.900000000000000000e+02
2.894699999999996365e+01 5.510695314407348633e+01 4.400000000000000000e+01 4.570000000000000000e+02
3.009199999999996322e+01 5.510695314407348633e+01 4.500000000000000000e+01 2.580000000000000000e+02
3.107899999999997220e+01 5.510695314407348633e+01 4.600000000000000000e+01 4.550000000000000000e+02
3.138899999999998514e+01 5.510695314407348633e+01 4.700000000000000000e+01 6.410000000000000000e+02
3.229699999999998994e+01 5.510695314407348633e+01 4.800000000000000000e+01 5.830000000000000000e+02
3.270099999999997920e+01 5.510695314407348633e+01 4.900000000000000000e+01 4.330000000000000000e+02
3.337599999999996214e+01 5.510695314407348633e+01 5.000000000000000000e+01 7.480000000000000000e+02
3.399599999999995248e+01 5.510695314407348633e+01 5.100000000000000000e+01 6.200000000000000000e+02
3.463799999999992707e+01 5.510695314407348633e+01 5.200000000000000000e+01 6.580000000000000000e+02
3.525799999999997425e+01 5.510695314407348633e+01 5.300000000000000000e+01 7.490000000000000000e+02
3.596799999999999642e+01 5.510695314407348633e+01 5.400000000000000000e+01 7.650000000000000000e+02
3.660000000000001563e+01 5.510695314407348633e+01 5.500000000000000000e+01 4.830000000000000000e+02
3.718600000000005679e+01 5.510695314407348633e+01 5.600000000000000000e+01 1.039000000000000000e+03
3.804800000000005866e+01 5.510695314407348633e+01 5.700000000000000000e+01 7.200000000000000000e+02
3.864400000000011914e+01 5.510695314407348633e+01 5.800000000000000000e+01 9.600000000000000000e+02
3.943600000000010652e+01 5.510695314407348633e+01 5.900000000000000000e+01 1.030000000000000000e+03
4.071400000000024733e+01 5.510695314407348633e+01 6.000000000000000000e+01 1.382000000000000000e+03
4.165100000000022362e+01 5.510695314407348633e+01 6.100000000000000000e+01 9.890000000000000000e+02
4.218700000000026051e+01 5.510695314407348633e+01 6.200000000000000000e+01 8.250000000000000000e+02
4.271500000000030184e+01 5.510695314407348633e+01 6.300000000000000000e+01 1.874000000000000000e+03
4.360500000000034504e+01 5.510695314407348633e+01 6.400000000000000000e+01 9.760000000000000000e+02
4.480400000000037863e+01 5.510695314407348633e+01 6.500000000000000000e+01 9.480000000000000000e+02
4.543900000000040507e+01 5.510695314407348633e+01 6.600000000000000000e+01 2.160000000000000000e+03
4.622800000000044918e+01 5.510695314407348633e+01 6.700000000000000000e+01 8.160000000000000000e+02
4.720200000000046714e+01 5.510695314407348633e+01 6.800000000000000000e+01 1.381000000000000000e+03
5.255700000000067007e+01 5.510695314407348633e+01 6.900000000000000000e+01 1.852000000000000000e+03
5.320000000000069207e+01 5.510695314407348633e+01 7.000000000000000000e+01 1.465000000000000000e+03
5.403100000000073067e+01 5.510695314407348633e+01 7.100000000000000000e+01 1.335000000000000000e+03
5.492700000000076699e+01 5.510695314407348633e+01 7.200000000000000000e+01 1.363000000000000000e+03
5.029914379119873047e+01 5.510695314407348633e+01 7.300000000000000000e+01 6.360000000000000000e+02
5.029914379119873047e+01 5.510695314407348633e+01 7.400000000000000000e+01 8.950000000000000000e+02
