1.340000000000000080e+00 2.558143162727355957e+01 0.000000000000000000e+00 3.000000000000000000e+00
2.483000000000000096e+00 2.558143162727355957e+01 1.000000000000000000e+00 3.000000000000000000e+00
3.228000000000000203e+00 2.558143162727355957e+01 2.000000000000000000e+00 4.000000000000000000e+00
3.228000000000000203e+00 2.558143162727355957e+01 3.000000000000000000e+00 5.000000000000000000e+00
0.000000000000000000e+00 2.558143162727355957e+01 4.000000000000000000e+00 1.400000000000000000e+01
3.765000000000000568e+00 2.558143162727355957e+01 5.000000000000000000e+00 1.500000000000000000e+01
0.000000000000000000e+00 2.558143162727355957e+01 6.000000000000000000e+00 1.500000000000000000e+01
3.941000000000000725e+00 2.558143162727355957e+01 7.000000000000000000e+00 2.100000000000000000e+01
3.941000000000000725e+00 2.558143162727355957e+01 8.000000000000000000e+00 5.000000000000000000e+00
4.104000000000000981e+00 2.558143162727355957e+01 9.000000000000000000e+00 1.500000000000000000e+01
4.104000000000000981e+00 2.558143162727355957e+01 1.000000000000000000e+01 4.000000000000000000e+00
4.104000000000000981e+00 2.558143162727355957e+01 1.100000000000000000e+01 2.700000000000000000e+01
4.257000000000000561e+00 2.558143162727355957e+01 1.200000000000000000e+01 2.300000000000000000e+01
0.000000000000000000e+00 2.558143162727355957e+01 1.300000000000000000e+01 2.600000000000000000e+01
4.399000000000000909e+00 2.558143162727355957e+01 1.400000000000000000e+01 2.100000000000000000e+01
5.198000000000000398e+00 2.558143162727355957e+01 1.500000000000000000e+01 2.300000000000000000e+01
5.296000000000000263e+00 2.558143162727355957e+01 1.600000000000000000e+01 4.300000000000000000e+01
5.472000000000000419e+00 2.558143162727355957e+01 1.700000000000000000e+01 3.900000000000000000e+01
5.533999999999999808e+00 2.558143162727355957e+01 1.800000000000000000e+01 1.500000000000000000e+01
5.727000000000000313e+00 2.558143162727355957e+01 1.900000000000000000e+01 3.100000000000000000e+01
5.727000000000000313e+00 2.558143162727355957e+01 2.000000000000000000e+01 5.500000000000000000e+01
6.061000000000000831e+00 2.558143162727355957e+01 2.100000000000000000e+01 4.100000000000000000e+01
6.591000000000001968e+00 2.558143162727355957e+01 2.200000000000000000e+01 7.000000000000000000e+01
6.415000000000001812e+00 2.558143162727355957e+01 2.300000000000000000e+01 7.100000000000000000e+01
6.899000000000001798e+00 2.558143162727355957e+01 2.400000000000000000e+01 8.900000000000000000e+01
6.990000000000001101e+00 2.558143162727355957e+01 2.500000000000000000e+01 5.200000000000000000e+01
7.402000000000001911e+00 2.558143162727355957e+01 2.600000000000000000e+01 8.600000000000000000e+01
7.850000000000003197e+00 2.558143162727355957e+01 2.700000000000000000e+01 6.900000000000000000e+01
8.024000000000002686e+00 2.558143162727355957e+01 2.800000000000000000e+01 1.130000000000000000e+02
8.191000000000004277e+00 2.558143162727355957e+01 2.900000000000000000e+01 2.500000000000000000e+01
0.000000000000000000e+00 2.558143162727355957e+01 3.000000000000000000e+01 1.150000000000000000e+02
8.275000000000003908e+00 2.558143162727355957e+01 3.100000000000000000e+01 9.100000000000000000e+01
8.577000000000003510e+00 2.558143162727355957e+01 3.200000000000000000e+01 1.270000000000000000e+02
8.922000000000002373e+00 2.558143162727355957e+01 3.300000000000000000e+01 1.420000000000000000e+02
8.966000000000002856e+00 2.558143162727355957e+01 3.400000000000000000e+01 1.460000000000000000e+02
9.144000000000001904e+00 2.558143162727355957e+01 3.500000000000000000e+01 1.440000000000000000e+02
9.444000000000004391e+00 2.558143162727355957e+01 3.600000000000000000e+01 1.600000000000000000e+02
9.783000000000004803e+00 2.558143162727355957e+01 3.700000000000000000e+01 1.980000000000000000e+02
1.038000000000000433e+01 2.558143162727355957e+01 3.800000000000000000e+01 2.000000000000000000e+02
1.063700000000000045e+01 2.558143162727355957e+01 3.900000000000000000e+01 2.290000000000000000e+02
1.090500000000000114e+01 2.558143162727355957e+01 4.000000000000000000e+01 1.990000000000000000e+02
1.121900000000000652e+01 2.558143162727355957e+01 4.100000000000000000e+01 2.250000000000000000e+02
1.145100000000000584e+01 2.558143162727355957e+01 4.200000000000000000e+01 2.680000000000000000e+02
1.166100000000000492e+01 2.558143162727355957e+01 4.300000000000000000e+01 3.240000000000000000e+02
1.197100000000000364e+01 2.558143162727355957e+01 4.400000000000000000e+01 3.670000000000000000e+02
1.242700000000000493e+01 2.558143162727355957e+01 4.500000000000000000e+01 4.200000000000000000e+02
1.262000000000000277e+01 2.558143162727355957e+01 4.600000000000000000e+01 3.660000000000000000e+02
1.278200000000000891e+01 2.558143162727355957e+01 4.700000000000000000e+01 4.040000000000000000e+02
1.336100000000001131e+01 2.558143162727355957e+01 4.800000000000000000e+01 4.740000000000000000e+02
1.353100000000000769e+01 2.558143162727355957e+01 4.900000000000000000e+01 3.070000000000000000e+02
1.385700000000000998e+01 2.558143162727355957e+01 5.000000000000000000e+01 5.920000000000000000e+02
1.417100000000000648e+01 2.558143162727355957e+01 5.100000000000000000e+01 6.330000000000000000e+02
1.459600000000000541e+01 2.558143162727355957e+01 5.200000000000000000e+01 5.640000000000000000e+02
1.482000000000000384e+01 2.558143162727355957e+01 5.300000000000000000e+01 6.270000000000000000e+02
1.523099999999999632e+01 2.558143162727355957e+01 5.400000000000000000e+01 6.930000000000000000e+02
1.576599999999998936e+01 2.558143162727355957e+01 5.500000000000000000e+01 5.670000000000000000e+02
1.604099999999999326e+01 2.558143162727355957e+01 5.600000000000000000e+01 8.050000000000000000e+02
1.662599999999996569e+01 2.558143162727355957e+01 5.700000000000000000e+01 9.110000000000000000e+02
1.678699999999996706e+01 2.558143162727355957e+01 5.800000000000000000e+01 6.200000000000000000e+02
1.732399999999993412e+01 2.558143162727355957e+01 5.900000000000000000e+01 9.760000000000000000e+02
1.800899999999995060e+01 2.558143162727355957e+01 6.000000000000000000e+01 6.660000000000000000e+02
1.834499999999995978e+01 2.558143162727355957e+01 6.100000000000000000e+01 1.177000000000000000e+03
1.925499999999997414e+01 2.558143162727355957e+01 6.200000000000000000e+01 1.153000000000000000e+03
1.939299999999998647e+01 2.558143162727355957e+01 6.300000000000000000e+01 1.262000000000000000e+03
2.019100000000001316e+01 2.558143162727355957e+01 6.400000000000000000e+01 1.035000000000000000e+03
2.036900000000002109e+01 2.558143162727355957e+01 6.500000000000000000e+01 1.327000000000000000e+03
2.149500000000006494e+01 2.558143162727355957e+01 6.600000000000000000e+01 1.769000000000000000e+03
2.223300000000009291e+01 2.558143162727355957e+01 6.700000000000000000e+01 1.186000000000000000e+03
2.285500000000011056e+01 2.558143162727355957e+01 6.800000000000000000e+01 1.288000000000000000e+03
2.342100000000013438e+01 2.558143162727355957e+01 6.900000000000000000e+01 1.986000000000000000e+03
2.427600000000016323e+01 2.558143162727355957e+01 7.000000000000000000e+01 1.059000000000000000e+03
2.517300000000021853e+01 2.558143162727355957e+01 7.100000000000000000e+01 1.193000000000000000e+03
0.000000000000000000e+00 2.558143162727355957e+01 0.000000000000000000e+00 0.000000000000000000e+00
2.558143162727355957e+01 2.558143162727355957e+01 0.000000000000000000e+00 0.000000000000000000e+00
2.558143162727355957e+01 2.558143162727355957e+01 0.000000000000000000e+00 0.000000000000000000e+00
1.359999999999999876e+00 2.419551968574523926e+01 0.000000000000000000e+00 3.000000000000000000e+00
2.142999999999999794e+00 2.419551968574523926e+01 1.000000000000000000e+00 3.000000000000000000e+00
2.717999999999999527e+00 2.419551968574523926e+01 2.000000000000000000e+00 9.000000000000000000e+00
2.904999999999999361e+00 2.419551968574523926e+01 3.000000000000000000e+00 1.600000000000000000e+01
3.269999999999999574e+00 2.419551968574523926e+01 4.000000000000000000e+00 1.600000000000000000e+01
3.456999999999999407e+00 2.419551968574523926e+01 5.000000000000000000e+00 1.000000000000000000e+01
0.000000000000000000e+00 2.419551968574523926e+01 6.000000000000000000e+00 1.700000000000000000e+01
3.637999999999999456e+00 2.419551968574523926e+01 7.000000000000000000e+00 2.300000000000000000e+01
3.802999999999999492e+00 2.419551968574523926e+01 8.000000000000000000e+00 1.600000000000000000e+01
3.802999999999999492e+00 2.419551968574523926e+01 9.000000000000000000e+00 2.800000000000000000e+01
3.961999999999999300e+00 2.419551968574523926e+01 1.000000000000000000e+01 1.300000000000000000e+01
3.961999999999999300e+00 2.419551968574523926e+01 1.100000000000000000e+01 2.300000000000000000e+01
4.113999999999998991e+00 2.419551968574523926e+01 1.200000000000000000e+01 2.900000000000000000e+01
4.113999999999998991e+00 2.419551968574523926e+01 1.300000000000000000e+01 2.500000000000000000e+01
4.113999999999998991e+00 2.419551968574523926e+01 1.400000000000000000e+01 1.400000000000000000e+01
4.069999999999999396e+00 2.419551968574523926e+01 1.500000000000000000e+01 3.200000000000000000e+01
4.778999999999998138e+00 2.419551968574523926e+01 1.600000000000000000e+01 2.900000000000000000e+01
4.906999999999998252e+00 2.419551968574523926e+01 1.700000000000000000e+01 2.700000000000000000e+01
4.763999999999997570e+00 2.419551968574523926e+01 1.800000000000000000e+01 4.000000000000000000e+01
5.149999999999998579e+00 2.419551968574523926e+01 1.900000000000000000e+01 2.300000000000000000e+01
5.268999999999998352e+00 2.419551968574523926e+01 2.000000000000000000e+01 3.300000000000000000e+01
5.608999999999998209e+00 2.419551968574523926e+01 2.100000000000000000e+01 4.700000000000000000e+01
5.422999999999998266e+00 2.419551968574523926e+01 2.200000000000000000e+01 3.500000000000000000e+01
5.927999999999998160e+00 2.419551968574523926e+01 2.300000000000000000e+01 6.700000000000000000e+01
6.228999999999998316e+00 2.419551968574523926e+01 2.400000000000000000e+01 7.400000000000000000e+01
6.223999999999998423e+00 2.419551968574523926e+01 2.500000000000000000e+01 7.600000000000000000e+01
6.616999999999998217e+00 2.419551968574523926e+01 2.600000000000000000e+01 8.900000000000000000e+01
6.888999999999997570e+00 2.419551968574523926e+01 2.700000000000000000e+01 9.200000000000000000e+01
7.068999999999997286e+00 2.419551968574523926e+01 2.800000000000000000e+01 6.900000000000000000e+01
7.068999999999997286e+00 2.419551968574523926e+01 2.900000000000000000e+01 4.200000000000000000e+01
7.077999999999998515e+00 2.419551968574523926e+01 3.000000000000000000e+01 9.600000000000000000e+01
7.473999999999997534e+00 2.419551968574523926e+01 3.100000000000000000e+01 1.010000000000000000e+02
7.703999999999997961e+00 2.419551968574523926e+01 3.200000000000000000e+01 1.040000000000000000e+02
7.857999999999998764e+00 2.419551968574523926e+01 3.300000000000000000e+01 1.370000000000000000e+02
8.129999999999997229e+00 2.419551968574523926e+01 3.400000000000000000e+01 1.330000000000000000e+02
8.507999999999999119e+00 2.419551968574523926e+01 3.500000000000000000e+01 1.350000000000000000e+02
8.636999999999998678e+00 2.419551968574523926e+01 3.600000000000000000e+01 1.470000000000000000e+02
9.072999999999998622e+00 2.419551968574523926e+01 3.700000000000000000e+01 1.850000000000000000e+02
9.418999999999998707e+00 2.419551968574523926e+01 3.800000000000000000e+01 2.060000000000000000e+02
9.652999999999996916e+00 2.419551968574523926e+01 3.900000000000000000e+01 1.620000000000000000e+02
9.495999999999998664e+00 2.419551968574523926e+01 4.000000000000000000e+01 1.530000000000000000e+02
1.022199999999999953e+01 2.419551968574523926e+01 4.100000000000000000e+01 2.250000000000000000e+02
1.045899999999999963e+01 2.419551968574523926e+01 4.200000000000000000e+01 2.790000000000000000e+02
1.083999999999999808e+01 2.419551968574523926e+01 4.300000000000000000e+01 3.060000000000000000e+02
1.097700000000000031e+01 2.419551968574523926e+01 4.400000000000000000e+01 3.210000000000000000e+02
1.135899999999999821e+01 2.419551968574523926e+01 4.500000000000000000e+01 2.610000000000000000e+02
1.163999999999999702e+01 2.419551968574523926e+01 4.600000000000000000e+01 3.470000000000000000e+02
1.201900000000000013e+01 2.419551968574523926e+01 4.700000000000000000e+01 4.540000000000000000e+02
1.207600000000000051e+01 2.419551968574523926e+01 4.800000000000000000e+01 2.870000000000000000e+02
1.245300000000000296e+01 2.419551968574523926e+01 4.900000000000000000e+01 4.930000000000000000e+02
1.282300000000000395e+01 2.419551968574523926e+01 5.000000000000000000e+01 4.390000000000000000e+02
1.372299999999999542e+01 2.419551968574523926e+01 5.100000000000000000e+01 5.580000000000000000e+02
1.363899999999999935e+01 2.419551968574523926e+01 5.200000000000000000e+01 4.750000000000000000e+02
1.414299999999999535e+01 2.419551968574523926e+01 5.300000000000000000e+01 6.540000000000000000e+02
1.453499999999999126e+01 2.419551968574523926e+01 5.400000000000000000e+01 5.310000000000000000e+02
1.484599999999998943e+01 2.419551968574523926e+01 5.500000000000000000e+01 7.700000000000000000e+02
1.533100000000000662e+01 2.419551968574523926e+01 5.600000000000000000e+01 8.640000000000000000e+02
1.629399999999998983e+01 2.419551968574523926e+01 5.700000000000000000e+01 6.300000000000000000e+02
1.675299999999999656e+01 2.419551968574523926e+01 5.800000000000000000e+01 7.030000000000000000e+02
1.694099999999998474e+01 2.419551968574523926e+01 5.900000000000000000e+01 6.780000000000000000e+02
1.757199999999996720e+01 2.419551968574523926e+01 6.000000000000000000e+01 1.115000000000000000e+03
1.803599999999995873e+01 2.419551968574523926e+01 6.100000000000000000e+01 1.113000000000000000e+03
1.846399999999997732e+01 2.419551968574523926e+01 6.200000000000000000e+01 1.355000000000000000e+03
1.919199999999999662e+01 2.419551968574523926e+01 6.300000000000000000e+01 1.071000000000000000e+03
1.963500000000000867e+01 2.419551968574523926e+01 6.400000000000000000e+01 1.271000000000000000e+03
2.010000000000002629e+01 2.419551968574523926e+01 6.500000000000000000e+01 1.539000000000000000e+03
2.079800000000005866e+01 2.419551968574523926e+01 6.600000000000000000e+01 1.044000000000000000e+03
2.113900000000006330e+01 2.419551968574523926e+01 6.700000000000000000e+01 1.119000000000000000e+03
2.143100000000008620e+01 2.419551968574523926e+01 6.800000000000000000e+01 1.935000000000000000e+03
2.250100000000012201e+01 2.419551968574523926e+01 6.900000000000000000e+01 1.455000000000000000e+03
2.310500000000016740e+01 2.419551968574523926e+01 7.000000000000000000e+01 8.860000000000000000e+02
2.402900000000019531e+01 2.419551968574523926e+01 7.100000000000000000e+01 1.167000000000000000e+03
0.000000000000000000e+00 2.419551968574523926e+01 0.000000000000000000e+00 0.000000000000000000e+00
2.419551968574523926e+01 2.419551968574523926e+01 0.000000000000000000e+00 0.000000000000000000e+00
2.419551968574523926e+01 2.419551968574523926e+01 0.000000000000000000e+00 0.000000000000000000e+00
1.306999999999999940e+00 2.451427054405212402e+01 0.000000000000000000e+00 0.000000000000000000e+00
2.073999999999999844e+00 2.451427054405212402e+01 1.000000000000000000e+00 7.000000000000000000e+00
2.448999999999999844e+00 2.451427054405212402e+01 2.000000000000000000e+00 1.700000000000000000e+01
2.634999999999999787e+00 2.451427054405212402e+01 3.000000000000000000e+00 1.200000000000000000e+01
2.815999999999999837e+00 2.451427054405212402e+01 4.000000000000000000e+00 7.000000000000000000e+00
2.815999999999999837e+00 2.451427054405212402e+01 5.000000000000000000e+00 2.300000000000000000e+01
3.164000000000000146e+00 2.451427054405212402e+01 6.000000000000000000e+00 6.000000000000000000e+00
3.164000000000000146e+00 2.451427054405212402e+01 7.000000000000000000e+00 1.900000000000000000e+01
3.164000000000000146e+00 2.451427054405212402e+01 8.000000000000000000e+00 2.500000000000000000e+01
3.333000000000000185e+00 2.451427054405212402e+01 9.000000000000000000e+00 1.300000000000000000e+01
3.640000000000000124e+00 2.451427054405212402e+01 1.000000000000000000e+01 3.600000000000000000e+01
3.792000000000000259e+00 2.451427054405212402e+01 1.100000000000000000e+01 1.900000000000000000e+01
3.948000000000000398e+00 2.451427054405212402e+01 1.200000000000000000e+01 1.700000000000000000e+01
4.525000000000000355e+00 2.451427054405212402e+01 1.300000000000000000e+01 2.500000000000000000e+01
4.525000000000000355e+00 2.451427054405212402e+01 1.400000000000000000e+01 2.900000000000000000e+01
4.664000000000000590e+00 2.451427054405212402e+01 1.500000000000000000e+01 1.000000000000000000e+01
4.795000000000000817e+00 2.451427054405212402e+01 1.600000000000000000e+01 4.700000000000000000e+01
4.924000000000001265e+00 2.451427054405212402e+01 1.700000000000000000e+01 2.400000000000000000e+01
5.052000000000001378e+00 2.451427054405212402e+01 1.800000000000000000e+01 2.400000000000000000e+01
4.861000000000000654e+00 2.451427054405212402e+01 1.900000000000000000e+01 3.200000000000000000e+01
5.314000000000000945e+00 2.451427054405212402e+01 2.000000000000000000e+01 1.200000000000000000e+01
5.879000000000000448e+00 2.451427054405212402e+01 2.100000000000000000e+01 4.600000000000000000e+01
6.095000000000000639e+00 2.451427054405212402e+01 2.200000000000000000e+01 1.900000000000000000e+01
6.264000000000001123e+00 2.451427054405212402e+01 2.300000000000000000e+01 1.300000000000000000e+01
0.000000000000000000e+00 2.451427054405212402e+01 2.400000000000000000e+01 1.700000000000000000e+01
6.507000000000001450e+00 2.451427054405212402e+01 2.500000000000000000e+01 6.700000000000000000e+01
6.518000000000000682e+00 2.451427054405212402e+01 2.600000000000000000e+01 4.300000000000000000e+01
6.974000000000001975e+00 2.451427054405212402e+01 2.700000000000000000e+01 6.200000000000000000e+01
7.326000000000001400e+00 2.451427054405212402e+01 2.800000000000000000e+01 9.700000000000000000e+01
7.687000000000001165e+00 2.451427054405212402e+01 2.900000000000000000e+01 7.800000000000000000e+01
7.645000000000001350e+00 2.451427054405212402e+01 3.000000000000000000e+01 7.100000000000000000e+01
7.841000000000001968e+00 2.451427054405212402e+01 3.100000000000000000e+01 1.140000000000000000e+02
7.903000000000000469e+00 2.451427054405212402e+01 3.200000000000000000e+01 9.300000000000000000e+01
8.228000000000001535e+00 2.451427054405212402e+01 3.300000000000000000e+01 1.330000000000000000e+02
8.572000000000000952e+00 2.451427054405212402e+01 3.400000000000000000e+01 1.380000000000000000e+02
8.587000000000001521e+00 2.451427054405212402e+01 3.500000000000000000e+01 1.500000000000000000e+02
8.967000000000004079e+00 2.451427054405212402e+01 3.600000000000000000e+01 1.310000000000000000e+02
9.187000000000006494e+00 2.451427054405212402e+01 3.700000000000000000e+01 1.790000000000000000e+02
9.492000000000006210e+00 2.451427054405212402e+01 3.800000000000000000e+01 1.740000000000000000e+02
9.903000000000004022e+00 2.451427054405212402e+01 3.900000000000000000e+01 1.800000000000000000e+02
1.017000000000000348e+01 2.451427054405212402e+01 4.000000000000000000e+01 2.200000000000000000e+02
1.031700000000000550e+01 2.451427054405212402e+01 4.100000000000000000e+01 2.630000000000000000e+02
1.076300000000000701e+01 2.451427054405212402e+01 4.200000000000000000e+01 1.850000000000000000e+02
1.075600000000000556e+01 2.451427054405212402e+01 4.300000000000000000e+01 2.980000000000000000e+02
1.116300000000000736e+01 2.451427054405212402e+01 4.400000000000000000e+01 3.820000000000000000e+02
1.141700000000000692e+01 2.451427054405212402e+01 4.500000000000000000e+01 3.740000000000000000e+02
1.133700000000000330e+01 2.451427054405212402e+01 4.600000000000000000e+01 3.650000000000000000e+02
1.214500000000001023e+01 2.451427054405212402e+01 4.700000000000000000e+01 3.160000000000000000e+02
1.229000000000001158e+01 2.451427054405212402e+01 4.800000000000000000e+01 4.230000000000000000e+02
1.262200000000000699e+01 2.451427054405212402e+01 4.900000000000000000e+01 4.510000000000000000e+02
1.264700000000001268e+01 2.451427054405212402e+01 5.000000000000000000e+01 3.190000000000000000e+02
1.304200000000001403e+01 2.451427054405212402e+01 5.100000000000000000e+01 4.820000000000000000e+02
1.340900000000001491e+01 2.451427054405212402e+01 5.200000000000000000e+01 5.490000000000000000e+02
1.365500000000001535e+01 2.451427054405212402e+01 5.300000000000000000e+01 2.100000000000000000e+01
1.377800000000001113e+01 2.451427054405212402e+01 5.400000000000000000e+01 6.460000000000000000e+02
1.456300000000001127e+01 2.451427054405212402e+01 5.500000000000000000e+01 4.690000000000000000e+02
1.499200000000002397e+01 2.451427054405212402e+01 5.600000000000000000e+01 7.050000000000000000e+02
1.521000000000002395e+01 2.451427054405212402e+01 5.700000000000000000e+01 8.030000000000000000e+02
1.558800000000002761e+01 2.451427054405212402e+01 5.800000000000000000e+01 8.540000000000000000e+02
1.644999999999999574e+01 2.451427054405212402e+01 5.900000000000000000e+01 1.085000000000000000e+03
1.680700000000000927e+01 2.451427054405212402e+01 6.000000000000000000e+01 1.115000000000000000e+03
1.727500000000000924e+01 2.451427054405212402e+01 6.100000000000000000e+01 8.360000000000000000e+02
1.774600000000003064e+01 2.451427054405212402e+01 6.200000000000000000e+01 1.080000000000000000e+03
1.873400000000003729e+01 2.451427054405212402e+01 6.300000000000000000e+01 1.164000000000000000e+03
1.910900000000005150e+01 2.451427054405212402e+01 6.400000000000000000e+01 1.029000000000000000e+03
1.965900000000007708e+01 2.451427054405212402e+01 6.500000000000000000e+01 1.654000000000000000e+03
2.039400000000010138e+01 2.451427054405212402e+01 6.600000000000000000e+01 1.031000000000000000e+03
2.106500000000014694e+01 2.451427054405212402e+01 6.700000000000000000e+01 1.339000000000000000e+03
2.198500000000016286e+01 2.451427054405212402e+01 6.800000000000000000e+01 9.310000000000000000e+02
2.277800000000019764e+01 2.451427054405212402e+01 6.900000000000000000e+01 1.949000000000000000e+03
2.370000000000022311e+01 2.451427054405212402e+01 7.000000000000000000e+01 1.127000000000000000e+03
2.442000000000025750e+01 2.451427054405212402e+01 7.100000000000000000e+01 1.261000000000000000e+03
0.000000000000000000e+00 2.451427054405212402e+01 0.000000000000000000e+00 0.000000000000000000e+00
2.451427054405212402e+01 2.451427054405212402e+01 0.000000000000000000e+00 0.000000000000000000e+00
2.451427054405212402e+01 2.451427054405212402e+01 0.000000000000000000e+00 0.000000000000000000e+00
1.955000000000000071e+00 2.597708845138549805e+01 0.000000000000000000e+00 5.000000000000000000e+00
2.543000000000000149e+00 2.597708845138549805e+01 1.000000000000000000e+00 1.300000000000000000e+01
3.125000000000000000e+00 2.597708845138549805e+01 2.000000000000000000e+00 6.000000000000000000e+00
3.310999999999999943e+00 2.597708845138549805e+01 3.000000000000000000e+00 3.200000000000000000e+01
3.491000000000000103e+00 2.597708845138549805e+01 4.000000000000000000e+00 1.600000000000000000e+01
3.491000000000000103e+00 2.597708845138549805e+01 5.000000000000000000e+00 2.300000000000000000e+01
3.669000000000000039e+00 2.597708845138549805e+01 6.000000000000000000e+00 2.900000000000000000e+01
4.017999999999999794e+00 2.597708845138549805e+01 7.000000000000000000e+00 1.000000000000000000e+01
4.003999999999999559e+00 2.597708845138549805e+01 8.000000000000000000e+00 2.500000000000000000e+01
4.190999999999999837e+00 2.597708845138549805e+01 9.000000000000000000e+00 1.000000000000000000e+00
4.190999999999999837e+00 2.597708845138549805e+01 1.000000000000000000e+01 1.800000000000000000e+01
4.503000000000000114e+00 2.597708845138549805e+01 1.100000000000000000e+01 3.600000000000000000e+01
4.649000000000000021e+00 2.597708845138549805e+01 1.200000000000000000e+01 1.500000000000000000e+01
0.000000000000000000e+00 2.597708845138549805e+01 1.300000000000000000e+01 2.000000000000000000e+00
5.064000000000000057e+00 2.597708845138549805e+01 1.400000000000000000e+01 3.500000000000000000e+01
5.025000000000000355e+00 2.597708845138549805e+01 1.500000000000000000e+01 2.500000000000000000e+01
5.456000000000000405e+00 2.597708845138549805e+01 1.600000000000000000e+01 1.700000000000000000e+01
5.585000000000000853e+00 2.597708845138549805e+01 1.700000000000000000e+01 3.100000000000000000e+01
5.437000000000000277e+00 2.597708845138549805e+01 1.800000000000000000e+01 3.900000000000000000e+01
5.828000000000001180e+00 2.597708845138549805e+01 1.900000000000000000e+01 5.500000000000000000e+01
5.648000000000000576e+00 2.597708845138549805e+01 2.000000000000000000e+01 3.500000000000000000e+01
5.870000000000000995e+00 2.597708845138549805e+01 2.100000000000000000e+01 3.200000000000000000e+01
6.165000000000000924e+00 2.597708845138549805e+01 2.200000000000000000e+01 6.000000000000000000e+01
6.371000000000000441e+00 2.597708845138549805e+01 2.300000000000000000e+01 3.100000000000000000e+01
6.174999999999998934e+00 2.597708845138549805e+01 2.400000000000000000e+01 5.500000000000000000e+01
6.759000000000000341e+00 2.597708845138549805e+01 2.500000000000000000e+01 6.000000000000000000e+01
7.130999999999999339e+00 2.597708845138549805e+01 2.600000000000000000e+01 8.800000000000000000e+01
7.489999999999999325e+00 2.597708845138549805e+01 2.700000000000000000e+01 8.000000000000000000e+01
7.588999999999999524e+00 2.597708845138549805e+01 2.800000000000000000e+01 5.800000000000000000e+01
8.115999999999999659e+00 2.597708845138549805e+01 2.900000000000000000e+01 8.400000000000000000e+01
8.201999999999999957e+00 2.597708845138549805e+01 3.000000000000000000e+01 9.600000000000000000e+01
8.293000000000002814e+00 2.597708845138549805e+01 3.100000000000000000e+01 1.350000000000000000e+02
8.414000000000001478e+00 2.597708845138549805e+01 3.200000000000000000e+01 8.000000000000000000e+01
8.551999999999999602e+00 2.597708845138549805e+01 3.300000000000000000e+01 1.400000000000000000e+02
9.078000000000001180e+00 2.597708845138549805e+01 3.400000000000000000e+01 9.700000000000000000e+01
9.078000000000001180e+00 2.597708845138549805e+01 3.500000000000000000e+01 9.000000000000000000e+01
9.372000000000001663e+00 2.597708845138549805e+01 3.600000000000000000e+01 1.970000000000000000e+02
9.706000000000001293e+00 2.597708845138549805e+01 3.700000000000000000e+01 1.800000000000000000e+02
9.887000000000002231e+00 2.597708845138549805e+01 3.800000000000000000e+01 1.770000000000000000e+02
1.031900000000000084e+01 2.597708845138549805e+01 3.900000000000000000e+01 2.270000000000000000e+02
1.073600000000000243e+01 2.597708845138549805e+01 4.000000000000000000e+01 2.330000000000000000e+02
1.096800000000000352e+01 2.597708845138549805e+01 4.100000000000000000e+01 2.780000000000000000e+02
1.101800000000000423e+01 2.597708845138549805e+01 4.200000000000000000e+01 2.660000000000000000e+02
1.137700000000000244e+01 2.597708845138549805e+01 4.300000000000000000e+01 3.350000000000000000e+02
1.201300000000000168e+01 2.597708845138549805e+01 4.400000000000000000e+01 3.240000000000000000e+02
1.224300000000000210e+01 2.597708845138549805e+01 4.500000000000000000e+01 2.960000000000000000e+02
1.262700000000000244e+01 2.597708845138549805e+01 4.600000000000000000e+01 3.250000000000000000e+02
1.327000000000000313e+01 2.597708845138549805e+01 4.700000000000000000e+01 4.490000000000000000e+02
1.362200000000000166e+01 2.597708845138549805e+01 4.800000000000000000e+01 3.830000000000000000e+02
1.359699999999999953e+01 2.597708845138549805e+01 4.900000000000000000e+01 4.880000000000000000e+02
1.392800000000000260e+01 2.597708845138549805e+01 5.000000000000000000e+01 5.100000000000000000e+02
1.424499999999999922e+01 2.597708845138549805e+01 5.100000000000000000e+01 6.240000000000000000e+02
1.483599999999999852e+01 2.597708845138549805e+01 5.200000000000000000e+01 4.000000000000000000e+02
1.522099999999999831e+01 2.597708845138549805e+01 5.300000000000000000e+01 5.420000000000000000e+02
1.564399999999999125e+01 2.597708845138549805e+01 5.400000000000000000e+01 7.170000000000000000e+02
1.629499999999997684e+01 2.597708845138549805e+01 5.500000000000000000e+01 8.290000000000000000e+02
1.697299999999998832e+01 2.597708845138549805e+01 5.600000000000000000e+01 6.720000000000000000e+02
1.686999999999999389e+01 2.597708845138549805e+01 5.700000000000000000e+01 9.510000000000000000e+02
1.733999999999999986e+01 2.597708845138549805e+01 5.800000000000000000e+01 1.090000000000000000e+03
1.818099999999994409e+01 2.597708845138549805e+01 5.900000000000000000e+01 7.380000000000000000e+02
1.842799999999994753e+01 2.597708845138549805e+01 6.000000000000000000e+01 7.780000000000000000e+02
1.884699999999994446e+01 2.597708845138549805e+01 6.100000000000000000e+01 1.197000000000000000e+03
1.944899999999994833e+01 2.597708845138549805e+01 6.200000000000000000e+01 1.452000000000000000e+03
1.996399999999996666e+01 2.597708845138549805e+01 6.300000000000000000e+01 9.400000000000000000e+02
2.053500000000000014e+01 2.597708845138549805e+01 6.400000000000000000e+01 1.680000000000000000e+03
2.124100000000001742e+01 2.597708845138549805e+01 6.500000000000000000e+01 9.830000000000000000e+02
2.188200000000004053e+01 2.597708845138549805e+01 6.600000000000000000e+01 1.198000000000000000e+03
2.246700000000006270e+01 2.597708845138549805e+01 6.700000000000000000e+01 1.813000000000000000e+03
2.329700000000009652e+01 2.597708845138549805e+01 6.800000000000000000e+01 1.191000000000000000e+03
2.420300000000012020e+01 2.597708845138549805e+01 6.900000000000000000e+01 1.040000000000000000e+03
2.519200000000014938e+01 2.597708845138549805e+01 7.000000000000000000e+01 1.384000000000000000e+03
2.603700000000018022e+01 2.597708845138549805e+01 7.100000000000000000e+01 2.317000000000000000e+03
0.000000000000000000e+00 2.597708845138549805e+01 0.000000000000000000e+00 0.000000000000000000e+00
2.597708845138549805e+01 2.597708845138549805e+01 0.000000000000000000e+00 0.000000000000000000e+00
2.597708845138549805e+01 2.597708845138549805e+01 0.000000000000000000e+00 0.000000000000000000e+00
1.947000000000000064e+00 2.571430945396423340e+01 0.000000000000000000e+00 1.000000000000000000e+00
2.327999999999999847e+00 2.571430945396423340e+01 1.000000000000000000e+00 1.200000000000000000e+01
2.520999999999999908e+00 2.571430945396423340e+01 2.000000000000000000e+00 1.500000000000000000e+01
2.897999999999999687e+00 2.571430945396423340e+01 3.000000000000000000e+00 9.000000000000000000e+00
3.259999999999999787e+00 2.571430945396423340e+01 4.000000000000000000e+00 1.300000000000000000e+01
3.259999999999999787e+00 2.571430945396423340e+01 5.000000000000000000e+00 1.600000000000000000e+01
3.435999999999999943e+00 2.571430945396423340e+01 6.000000000000000000e+00 1.900000000000000000e+01
3.608000000000000096e+00 2.571430945396423340e+01 7.000000000000000000e+00 2.000000000000000000e+01
3.608000000000000096e+00 2.571430945396423340e+01 8.000000000000000000e+00 7.000000000000000000e+00
3.594000000000000306e+00 2.571430945396423340e+01 9.000000000000000000e+00 1.800000000000000000e+01
3.941000000000000281e+00 2.571430945396423340e+01 1.000000000000000000e+01 2.600000000000000000e+01
3.941000000000000281e+00 2.571430945396423340e+01 1.100000000000000000e+01 9.000000000000000000e+00
4.095000000000000639e+00 2.571430945396423340e+01 1.200000000000000000e+01 1.500000000000000000e+01
4.095000000000000639e+00 2.571430945396423340e+01 1.300000000000000000e+01 2.600000000000000000e+01
0.000000000000000000e+00 2.571430945396423340e+01 1.400000000000000000e+01 2.000000000000000000e+00
4.506000000000000227e+00 2.571430945396423340e+01 1.500000000000000000e+01 7.000000000000000000e+00
4.506000000000000227e+00 2.571430945396423340e+01 1.600000000000000000e+01 3.000000000000000000e+01
4.476000000000000867e+00 2.571430945396423340e+01 1.700000000000000000e+01 1.600000000000000000e+01
5.157000000000000028e+00 2.571430945396423340e+01 1.800000000000000000e+01 2.400000000000000000e+01
5.157000000000000028e+00 2.571430945396423340e+01 1.900000000000000000e+01 2.800000000000000000e+01
4.996000000000000441e+00 2.571430945396423340e+01 2.000000000000000000e+01 4.600000000000000000e+01
5.733000000000000540e+00 2.571430945396423340e+01 2.100000000000000000e+01 5.600000000000000000e+01
0.000000000000000000e+00 2.571430945396423340e+01 2.200000000000000000e+01 1.200000000000000000e+01
5.842000000000000526e+00 2.571430945396423340e+01 2.300000000000000000e+01 6.800000000000000000e+01
6.044999999999999929e+00 2.571430945396423340e+01 2.400000000000000000e+01 5.300000000000000000e+01
6.429999999999999716e+00 2.571430945396423340e+01 2.500000000000000000e+01 6.200000000000000000e+01
6.802999999999999048e+00 2.571430945396423340e+01 2.600000000000000000e+01 7.700000000000000000e+01
6.894999999999998685e+00 2.571430945396423340e+01 2.700000000000000000e+01 1.030000000000000000e+02
7.158999999999999808e+00 2.571430945396423340e+01 2.800000000000000000e+01 8.400000000000000000e+01
7.328999999999999737e+00 2.571430945396423340e+01 2.900000000000000000e+01 9.200000000000000000e+01
7.650999999999999801e+00 2.571430945396423340e+01 3.000000000000000000e+01 1.450000000000000000e+02
7.730999999999999872e+00 2.571430945396423340e+01 3.100000000000000000e+01 1.120000000000000000e+02
8.054000000000000270e+00 2.571430945396423340e+01 3.200000000000000000e+01 1.120000000000000000e+02
8.133000000000000895e+00 2.571430945396423340e+01 3.300000000000000000e+01 1.570000000000000000e+02
8.381999999999997897e+00 2.571430945396423340e+01 3.400000000000000000e+01 1.570000000000000000e+02
8.729000000000000981e+00 2.571430945396423340e+01 3.500000000000000000e+01 1.610000000000000000e+02
9.080000000000003624e+00 2.571430945396423340e+01 3.600000000000000000e+01 1.750000000000000000e+02
9.077000000000001734e+00 2.571430945396423340e+01 3.700000000000000000e+01 1.810000000000000000e+02
9.622000000000001663e+00 2.571430945396423340e+01 3.800000000000000000e+01 1.530000000000000000e+02
9.490000000000000213e+00 2.571430945396423340e+01 3.900000000000000000e+01 2.260000000000000000e+02
9.945999999999999730e+00 2.571430945396423340e+01 4.000000000000000000e+01 1.550000000000000000e+02
1.054500000000000171e+01 2.571430945396423340e+01 4.100000000000000000e+01 1.920000000000000000e+02
1.088200000000000323e+01 2.571430945396423340e+01 4.200000000000000000e+01 3.470000000000000000e+02
1.086700000000000088e+01 2.571430945396423340e+01 4.300000000000000000e+01 2.490000000000000000e+02
1.117399999999999771e+01 2.571430945396423340e+01 4.400000000000000000e+01 3.930000000000000000e+02
1.158099999999999952e+01 2.571430945396423340e+01 4.500000000000000000e+01 4.310000000000000000e+02
1.226999999999999602e+01 2.571430945396423340e+01 4.600000000000000000e+01 4.610000000000000000e+02
1.256900000000000084e+01 2.571430945396423340e+01 4.700000000000000000e+01 4.470000000000000000e+02
1.309600000000000541e+01 2.571430945396423340e+01 4.800000000000000000e+01 4.440000000000000000e+02
1.342900000000000205e+01 2.571430945396423340e+01 4.900000000000000000e+01 4.300000000000000000e+02
1.356000000000000227e+01 2.571430945396423340e+01 5.000000000000000000e+01 5.820000000000000000e+02
1.421500000000000163e+01 2.571430945396423340e+01 5.100000000000000000e+01 6.510000000000000000e+02
1.465399999999999814e+01 2.571430945396423340e+01 5.200000000000000000e+01 5.410000000000000000e+02
1.506299999999999528e+01 2.571430945396423340e+01 5.300000000000000000e+01 7.440000000000000000e+02
1.569099999999998118e+01 2.571430945396423340e+01 5.400000000000000000e+01 8.370000000000000000e+02
1.612199999999997502e+01 2.571430945396423340e+01 5.500000000000000000e+01 7.690000000000000000e+02
1.644099999999997408e+01 2.571430945396423340e+01 5.600000000000000000e+01 6.990000000000000000e+02
1.667399999999995686e+01 2.571430945396423340e+01 5.700000000000000000e+01 1.023000000000000000e+03
1.701699999999997459e+01 2.571430945396423340e+01 5.800000000000000000e+01 1.007000000000000000e+03
1.784699999999993736e+01 2.571430945396423340e+01 5.900000000000000000e+01 8.180000000000000000e+02
1.857799999999992480e+01 2.571430945396423340e+01 6.000000000000000000e+01 8.960000000000000000e+02
1.875699999999993040e+01 2.571430945396423340e+01 6.100000000000000000e+01 1.243000000000000000e+03
1.932799999999993545e+01 2.571430945396423340e+01 6.200000000000000000e+01 1.445000000000000000e+03
2.000999999999995538e+01 2.571430945396423340e+01 6.300000000000000000e+01 1.057000000000000000e+03
0.000000000000000000e+00 2.571430945396423340e+01 6.400000000000000000e+01 1.129000000000000000e+03
2.057799999999997453e+01 2.571430945396423340e+01 6.500000000000000000e+01 1.487000000000000000e+03
2.161700000000000799e+01 2.571430945396423340e+01 6.600000000000000000e+01 9.690000000000000000e+02
2.221700000000003072e+01 2.571430945396423340e+01 6.700000000000000000e+01 1.179000000000000000e+03
2.320500000000007290e+01 2.571430945396423340e+01 6.800000000000000000e+01 9.630000000000000000e+02
2.385800000000008936e+01 2.571430945396423340e+01 6.900000000000000000e+01 2.122000000000000000e+03
2.482500000000013785e+01 2.571430945396423340e+01 7.000000000000000000e+01 1.096000000000000000e+03
2.569900000000015794e+01 2.571430945396423340e+01 7.100000000000000000e+01 1.534000000000000000e+03
0.000000000000000000e+00 2.571430945396423340e+01 0.000000000000000000e+00 0.000000000000000000e+00
2.571430945396423340e+01 2.571430945396423340e+01 0.000000000000000000e+00 0.000000000000000000e+00
2.571430945396423340e+01 2.571430945396423340e+01 0.000000000000000000e+00 0.000000000000000000e+00
1.480000000000000204e+00 2.786336302757263184e+01 0.000000000000000000e+00 3.000000000000000000e+00
2.250999999999999890e+00 2.786336302757263184e+01 1.000000000000000000e+00 6.000000000000000000e+00
2.810999999999999943e+00 2.786336302757263184e+01 2.000000000000000000e+00 3.000000000000000000e+00
2.811999999999999833e+00 2.786336302757263184e+01 3.000000000000000000e+00 1.900000000000000000e+01
2.996999999999999886e+00 2.786336302757263184e+01 4.000000000000000000e+00 2.300000000000000000e+01
3.175999999999999712e+00 2.786336302757263184e+01 5.000000000000000000e+00 1.000000000000000000e+01
3.348999999999999755e+00 2.786336302757263184e+01 6.000000000000000000e+00 1.400000000000000000e+01
3.520999999999999908e+00 2.786336302757263184e+01 7.000000000000000000e+00 1.500000000000000000e+01
3.682999999999999829e+00 2.786336302757263184e+01 8.000000000000000000e+00 1.300000000000000000e+01
3.842999999999999972e+00 2.786336302757263184e+01 9.000000000000000000e+00 1.300000000000000000e+01
3.978000000000000203e+00 2.786336302757263184e+01 1.000000000000000000e+01 2.800000000000000000e+01
4.487000000000000099e+00 2.786336302757263184e+01 1.100000000000000000e+01 2.300000000000000000e+01
4.921000000000000263e+00 2.786336302757263184e+01 1.200000000000000000e+01 3.900000000000000000e+01
4.921000000000000263e+00 2.786336302757263184e+01 1.300000000000000000e+01 1.200000000000000000e+01
4.725000000000000533e+00 2.786336302757263184e+01 1.400000000000000000e+01 2.300000000000000000e+01
5.064000000000000057e+00 2.786336302757263184e+01 1.500000000000000000e+01 3.700000000000000000e+01
5.160999999999998700e+00 2.786336302757263184e+01 1.600000000000000000e+01 2.000000000000000000e+01
5.452999999999999403e+00 2.786336302757263184e+01 1.700000000000000000e+01 2.400000000000000000e+01
0.000000000000000000e+00 2.786336302757263184e+01 1.800000000000000000e+01 4.600000000000000000e+01
5.839999999999998970e+00 2.786336302757263184e+01 1.900000000000000000e+01 5.500000000000000000e+01
6.305999999999999162e+00 2.786336302757263184e+01 2.000000000000000000e+01 5.200000000000000000e+01
6.305999999999999162e+00 2.786336302757263184e+01 2.100000000000000000e+01 5.700000000000000000e+01
6.631000000000000227e+00 2.786336302757263184e+01 2.200000000000000000e+01 5.900000000000000000e+01
6.941000000000000725e+00 2.786336302757263184e+01 2.300000000000000000e+01 4.500000000000000000e+01
7.143000000000000682e+00 2.786336302757263184e+01 2.400000000000000000e+01 6.300000000000000000e+01
7.341000000000001080e+00 2.786336302757263184e+01 2.500000000000000000e+01 7.300000000000000000e+01
7.623000000000001108e+00 2.786336302757263184e+01 2.600000000000000000e+01 8.400000000000000000e+01
7.718000000000000860e+00 2.786336302757263184e+01 2.700000000000000000e+01 9.200000000000000000e+01
7.914000000000000590e+00 2.786336302757263184e+01 2.800000000000000000e+01 1.490000000000000000e+02
8.089999999999999858e+00 2.786336302757263184e+01 2.900000000000000000e+01 6.600000000000000000e+01
8.176999999999999602e+00 2.786336302757263184e+01 3.000000000000000000e+01 9.600000000000000000e+01
8.310000000000000497e+00 2.786336302757263184e+01 3.100000000000000000e+01 1.320000000000000000e+02
8.719999999999997087e+00 2.786336302757263184e+01 3.200000000000000000e+01 1.070000000000000000e+02
9.298999999999992383e+00 2.786336302757263184e+01 3.300000000000000000e+01 1.400000000000000000e+02
9.547999999999994714e+00 2.786336302757263184e+01 3.400000000000000000e+01 1.870000000000000000e+02
9.750999999999997669e+00 2.786336302757263184e+01 3.500000000000000000e+01 1.910000000000000000e+02
1.010199999999999676e+01 2.786336302757263184e+01 3.600000000000000000e+01 1.810000000000000000e+02
1.028599999999999604e+01 2.786336302757263184e+01 3.700000000000000000e+01 2.250000000000000000e+02
1.025799999999999734e+01 2.786336302757263184e+01 3.800000000000000000e+01 2.640000000000000000e+02
1.080299999999999372e+01 2.786336302757263184e+01 3.900000000000000000e+01 2.260000000000000000e+02
1.112199999999999633e+01 2.786336302757263184e+01 4.000000000000000000e+01 1.700000000000000000e+02
1.147400000000000020e+01 2.786336302757263184e+01 4.100000000000000000e+01 3.010000000000000000e+02
1.153700000000000259e+01 2.786336302757263184e+01 4.200000000000000000e+01 2.650000000000000000e+02
1.181400000000000006e+01 2.786336302757263184e+01 4.300000000000000000e+01 3.180000000000000000e+02
1.230999999999999694e+01 2.786336302757263184e+01 4.400000000000000000e+01 3.120000000000000000e+02
1.251899999999999658e+01 2.786336302757263184e+01 4.500000000000000000e+01 3.500000000000000000e+02
1.268399999999999395e+01 2.786336302757263184e+01 4.600000000000000000e+01 4.440000000000000000e+02
1.281199999999999406e+01 2.786336302757263184e+01 4.700000000000000000e+01 3.030000000000000000e+02
1.303399999999999359e+01 2.786336302757263184e+01 4.800000000000000000e+01 4.640000000000000000e+02
1.362999999999999190e+01 2.786336302757263184e+01 4.900000000000000000e+01 4.250000000000000000e+02
1.383799999999999031e+01 2.786336302757263184e+01 5.000000000000000000e+01 4.420000000000000000e+02
1.428299999999998882e+01 2.786336302757263184e+01 5.100000000000000000e+01 5.190000000000000000e+02
1.460299999999998910e+01 2.786336302757263184e+01 5.200000000000000000e+01 6.410000000000000000e+02
1.513199999999998724e+01 2.786336302757263184e+01 5.300000000000000000e+01 4.890000000000000000e+02
1.552799999999997738e+01 2.786336302757263184e+01 5.400000000000000000e+01 7.810000000000000000e+02
1.617299999999996984e+01 2.786336302757263184e+01 5.500000000000000000e+01 6.790000000000000000e+02
1.668099999999997962e+01 2.786336302757263184e+01 5.600000000000000000e+01 7.880000000000000000e+02
1.724399999999994293e+01 2.786336302757263184e+01 5.700000000000000000e+01 7.500000000000000000e+02
1.788399999999995416e+01 2.786336302757263184e+01 5.800000000000000000e+01 7.540000000000000000e+02
1.824199999999992983e+01 2.786336302757263184e+01 5.900000000000000000e+01 1.239000000000000000e+03
1.897899999999992460e+01 2.786336302757263184e+01 6.000000000000000000e+01 1.303000000000000000e+03
1.943499999999993122e+01 2.786336302757263184e+01 6.100000000000000000e+01 8.120000000000000000e+02
1.989099999999993429e+01 2.786336302757263184e+01 6.200000000000000000e+01 8.370000000000000000e+02
2.058399999999995700e+01 2.786336302757263184e+01 6.300000000000000000e+01 1.358000000000000000e+03
2.105599999999997607e+01 2.786336302757263184e+01 6.400000000000000000e+01 1.698000000000000000e+03
2.158200000000001495e+01 2.786336302757263184e+01 6.500000000000000000e+01 1.024000000000000000e+03
2.273000000000004306e+01 2.786336302757263184e+01 6.600000000000000000e+01 1.817000000000000000e+03
2.337700000000008060e+01 2.786336302757263184e+01 6.700000000000000000e+01 1.030000000000000000e+03
2.415400000000009584e+01 2.786336302757263184e+01 6.800000000000000000e+01 1.587000000000000000e+03
2.481100000000012074e+01 2.786336302757263184e+01 6.900000000000000000e+01 2.074000000000000000e+03
2.621800000000017405e+01 2.786336302757263184e+01 7.000000000000000000e+01 1.387000000000000000e+03
2.777100000000023172e+01 2.786336302757263184e+01 7.100000000000000000e+01 1.919000000000000000e+03
0.000000000000000000e+00 2.786336302757263184e+01 0.000000000000000000e+00 0.000000000000000000e+00
2.786336302757263184e+01 2.786336302757263184e+01 0.000000000000000000e+00 0.000000000000000000e+00
2.786336302757263184e+01 2.786336302757263184e+01 0.000000000000000000e+00 0.000000000000000000e+00
1.930000000000000160e+00 2.650980663299560547e+01 0.000000000000000000e+00 7.000000000000000000e+00
1.930000000000000160e+00 2.650980663299560547e+01 1.000000000000000000e+00 2.000000000000000000e+00
2.310000000000000053e+00 2.650980663299560547e+01 2.000000000000000000e+00 2.000000000000000000e+00
2.494000000000000217e+00 2.650980663299560547e+01 3.000000000000000000e+00 9.000000000000000000e+00
3.032000000000000473e+00 2.650980663299560547e+01 4.000000000000000000e+00 1.000000000000000000e+01
3.212000000000000632e+00 2.650980663299560547e+01 5.000000000000000000e+00 2.500000000000000000e+01
0.000000000000000000e+00 2.650980663299560547e+01 6.000000000000000000e+00 1.300000000000000000e+01
3.574000000000000732e+00 2.650980663299560547e+01 7.000000000000000000e+00 2.000000000000000000e+01
3.574000000000000732e+00 2.650980663299560547e+01 8.000000000000000000e+00 1.200000000000000000e+01
3.739000000000000767e+00 2.650980663299560547e+01 9.000000000000000000e+00 2.500000000000000000e+01
3.719000000000000750e+00 2.650980663299560547e+01 1.000000000000000000e+01 1.600000000000000000e+01
3.893000000000000682e+00 2.650980663299560547e+01 1.100000000000000000e+01 2.900000000000000000e+01
4.471000000000000973e+00 2.650980663299560547e+01 1.200000000000000000e+01 3.400000000000000000e+01
4.629000000000001336e+00 2.650980663299560547e+01 1.300000000000000000e+01 1.900000000000000000e+01
4.629000000000001336e+00 2.650980663299560547e+01 1.400000000000000000e+01 3.500000000000000000e+01
4.914000000000001478e+00 2.650980663299560547e+01 1.500000000000000000e+01 4.200000000000000000e+01
5.046000000000001151e+00 2.650980663299560547e+01 1.600000000000000000e+01 3.200000000000000000e+01
5.046000000000001151e+00 2.650980663299560547e+01 1.700000000000000000e+01 2.800000000000000000e+01
5.658000000000001251e+00 2.650980663299560547e+01 1.800000000000000000e+01 5.700000000000000000e+01
5.658000000000001251e+00 2.650980663299560547e+01 1.900000000000000000e+01 6.100000000000000000e+01
5.658000000000001251e+00 2.650980663299560547e+01 2.000000000000000000e+01 5.400000000000000000e+01
5.889000000000001123e+00 2.650980663299560547e+01 2.100000000000000000e+01 6.200000000000000000e+01
5.998000000000001108e+00 2.650980663299560547e+01 2.200000000000000000e+01 6.100000000000000000e+01
5.841000000000001080e+00 2.650980663299560547e+01 2.300000000000000000e+01 3.900000000000000000e+01
6.104000000000000981e+00 2.650980663299560547e+01 2.400000000000000000e+01 7.200000000000000000e+01
6.303000000000000824e+00 2.650980663299560547e+01 2.500000000000000000e+01 6.300000000000000000e+01
6.389999999999998792e+00 2.650980663299560547e+01 2.600000000000000000e+01 6.200000000000000000e+01
6.676000000000000156e+00 2.650980663299560547e+01 2.700000000000000000e+01 5.800000000000000000e+01
6.942000000000001059e+00 2.650980663299560547e+01 2.800000000000000000e+01 6.900000000000000000e+01
6.835999999999999410e+00 2.650980663299560547e+01 2.900000000000000000e+01 7.500000000000000000e+01
7.190000000000001279e+00 2.650980663299560547e+01 3.000000000000000000e+01 7.000000000000000000e+01
7.323000000000002174e+00 2.650980663299560547e+01 3.100000000000000000e+01 6.400000000000000000e+01
7.603000000000002423e+00 2.650980663299560547e+01 3.200000000000000000e+01 1.120000000000000000e+02
8.042000000000003368e+00 2.650980663299560547e+01 3.300000000000000000e+01 9.600000000000000000e+01
8.181000000000002714e+00 2.650980663299560547e+01 3.400000000000000000e+01 9.800000000000000000e+01
8.905000000000002913e+00 2.650980663299560547e+01 3.500000000000000000e+01 1.440000000000000000e+02
0.000000000000000000e+00 2.650980663299560547e+01 3.600000000000000000e+01 1.660000000000000000e+02
9.073000000000003951e+00 2.650980663299560547e+01 3.700000000000000000e+01 2.020000000000000000e+02
9.201000000000004064e+00 2.650980663299560547e+01 3.800000000000000000e+01 1.610000000000000000e+02
9.445999999999999730e+00 2.650980663299560547e+01 3.900000000000000000e+01 1.820000000000000000e+02
1.010700000000000287e+01 2.650980663299560547e+01 4.000000000000000000e+01 2.550000000000000000e+02
1.048100000000000520e+01 2.650980663299560547e+01 4.100000000000000000e+01 2.410000000000000000e+02
1.090600000000000591e+01 2.650980663299560547e+01 4.200000000000000000e+01 2.300000000000000000e+02
1.117300000000000537e+01 2.650980663299560547e+01 4.300000000000000000e+01 2.800000000000000000e+02
1.147900000000000453e+01 2.650980663299560547e+01 4.400000000000000000e+01 2.570000000000000000e+02
1.161100000000000421e+01 2.650980663299560547e+01 4.500000000000000000e+01 3.780000000000000000e+02
1.223099999999999987e+01 2.650980663299560547e+01 4.600000000000000000e+01 4.380000000000000000e+02
1.264800000000000502e+01 2.650980663299560547e+01 4.700000000000000000e+01 4.340000000000000000e+02
1.280800000000000516e+01 2.650980663299560547e+01 4.800000000000000000e+01 4.520000000000000000e+02
1.325500000000000433e+01 2.650980663299560547e+01 4.900000000000000000e+01 5.460000000000000000e+02
1.374500000000000988e+01 2.650980663299560547e+01 5.000000000000000000e+01 5.870000000000000000e+02
1.420800000000000551e+01 2.650980663299560547e+01 5.100000000000000000e+01 6.020000000000000000e+02
1.457000000000000561e+01 2.650980663299560547e+01 5.200000000000000000e+01 4.560000000000000000e+02
1.477200000000000379e+01 2.650980663299560547e+01 5.300000000000000000e+01 6.440000000000000000e+02
1.526199999999999690e+01 2.650980663299560547e+01 5.400000000000000000e+01 6.220000000000000000e+02
1.584499999999999531e+01 2.650980663299560547e+01 5.500000000000000000e+01 8.430000000000000000e+02
1.622800000000001575e+01 2.650980663299560547e+01 5.600000000000000000e+01 5.790000000000000000e+02
1.665000000000000213e+01 2.650980663299560547e+01 5.700000000000000000e+01 6.380000000000000000e+02
1.706600000000000605e+01 2.650980663299560547e+01 5.800000000000000000e+01 9.500000000000000000e+02
1.761699999999997246e+01 2.650980663299560547e+01 5.900000000000000000e+01 7.720000000000000000e+02
1.838799999999997326e+01 2.650980663299560547e+01 6.000000000000000000e+01 1.213000000000000000e+03
1.845199999999996976e+01 2.650980663299560547e+01 6.100000000000000000e+01 1.206000000000000000e+03
1.940399999999999991e+01 2.650980663299560547e+01 6.200000000000000000e+01 7.850000000000000000e+02
1.985900000000001953e+01 2.650980663299560547e+01 6.300000000000000000e+01 1.017000000000000000e+03
2.084800000000004871e+01 2.650980663299560547e+01 6.400000000000000000e+01 1.283000000000000000e+03
2.221200000000009567e+01 2.650980663299560547e+01 6.500000000000000000e+01 1.034000000000000000e+03
2.199700000000009936e+01 2.650980663299560547e+01 6.600000000000000000e+01 9.790000000000000000e+02
2.262000000000011823e+01 2.650980663299560547e+01 6.700000000000000000e+01 1.931000000000000000e+03
2.360100000000015541e+01 2.650980663299560547e+01 6.800000000000000000e+01 8.010000000000000000e+02
2.449100000000018440e+01 2.650980663299560547e+01 6.900000000000000000e+01 1.385000000000000000e+03
2.549500000000022482e+01 2.650980663299560547e+01 7.000000000000000000e+01 1.239000000000000000e+03
2.647200000000026066e+01 2.650980663299560547e+01 7.100000000000000000e+01 2.475000000000000000e+03
0.000000000000000000e+00 2.650980663299560547e+01 0.000000000000000000e+00 0.000000000000000000e+00
2.650980663299560547e+01 2.650980663299560547e+01 0.000000000000000000e+00 0.000000000000000000e+00
2.650980663299560547e+01 2.650980663299560547e+01 0.000000000000000000e+00 0.000000000000000000e+00
1.697999999999999954e+00 2.527115869522094727e+01 0.000000000000000000e+00 1.000000000000000000e+00
2.463999999999999968e+00 2.527115869522094727e+01 1.000000000000000000e+00 1.000000000000000000e+01
3.214999999999999858e+00 2.527115869522094727e+01 2.000000000000000000e+00 8.000000000000000000e+00
3.214999999999999858e+00 2.527115869522094727e+01 3.000000000000000000e+00 1.000000000000000000e+01
3.397999999999999687e+00 2.527115869522094727e+01 4.000000000000000000e+00 1.900000000000000000e+01
3.397999999999999687e+00 2.527115869522094727e+01 5.000000000000000000e+00 2.100000000000000000e+01
3.574999999999999734e+00 2.527115869522094727e+01 6.000000000000000000e+00 4.000000000000000000e+00
3.763999999999999790e+00 2.527115869522094727e+01 7.000000000000000000e+00 1.000000000000000000e+00
4.107000000000000206e+00 2.527115869522094727e+01 8.000000000000000000e+00 3.300000000000000000e+01
0.000000000000000000e+00 2.527115869522094727e+01 9.000000000000000000e+00 3.000000000000000000e+00
0.000000000000000000e+00 2.527115869522094727e+01 1.000000000000000000e+01 3.000000000000000000e+01
4.427999999999999936e+00 2.527115869522094727e+01 1.100000000000000000e+01 2.300000000000000000e+01
4.250999999999999446e+00 2.527115869522094727e+01 1.200000000000000000e+01 4.000000000000000000e+00
4.427999999999999936e+00 2.527115869522094727e+01 1.300000000000000000e+01 1.500000000000000000e+01
4.683000000000000718e+00 2.527115869522094727e+01 1.400000000000000000e+01 1.900000000000000000e+01
4.942999999999999616e+00 2.527115869522094727e+01 1.500000000000000000e+01 3.100000000000000000e+01
4.955000000000000071e+00 2.527115869522094727e+01 1.600000000000000000e+01 1.500000000000000000e+01
5.126000000000001222e+00 2.527115869522094727e+01 1.700000000000000000e+01 1.800000000000000000e+01
5.390000000000001457e+00 2.527115869522094727e+01 1.800000000000000000e+01 2.200000000000000000e+01
5.633000000000000895e+00 2.527115869522094727e+01 1.900000000000000000e+01 2.400000000000000000e+01
5.724999999999999645e+00 2.527115869522094727e+01 2.000000000000000000e+01 1.100000000000000000e+01
5.974000000000001087e+00 2.527115869522094727e+01 2.100000000000000000e+01 4.300000000000000000e+01
0.000000000000000000e+00 2.527115869522094727e+01 2.200000000000000000e+01 1.100000000000000000e+01
6.396000000000001684e+00 2.527115869522094727e+01 2.300000000000000000e+01 3.700000000000000000e+01
6.379000000000002224e+00 2.527115869522094727e+01 2.400000000000000000e+01 4.200000000000000000e+01
6.494000000000001549e+00 2.527115869522094727e+01 2.500000000000000000e+01 3.400000000000000000e+01
6.692000000000001947e+00 2.527115869522094727e+01 2.600000000000000000e+01 6.400000000000000000e+01
6.692000000000001947e+00 2.527115869522094727e+01 2.700000000000000000e+01 2.100000000000000000e+01
7.130000000000001670e+00 2.527115869522094727e+01 2.800000000000000000e+01 2.900000000000000000e+01
7.310000000000002274e+00 2.527115869522094727e+01 2.900000000000000000e+01 2.400000000000000000e+01
7.757000000000002338e+00 2.527115869522094727e+01 3.000000000000000000e+01 3.100000000000000000e+01
8.033000000000001251e+00 2.527115869522094727e+01 3.100000000000000000e+01 8.900000000000000000e+01
8.437000000000001165e+00 2.527115869522094727e+01 3.200000000000000000e+01 7.700000000000000000e+01
8.945000000000003837e+00 2.527115869522094727e+01 3.300000000000000000e+01 9.000000000000000000e+01
9.040000000000004476e+00 2.527115869522094727e+01 3.400000000000000000e+01 1.050000000000000000e+02
9.017000000000003013e+00 2.527115869522094727e+01 3.500000000000000000e+01 7.600000000000000000e+01
9.252000000000004221e+00 2.527115869522094727e+01 3.600000000000000000e+01 1.240000000000000000e+02
9.572000000000004505e+00 2.527115869522094727e+01 3.700000000000000000e+01 1.330000000000000000e+02
9.575000000000004619e+00 2.527115869522094727e+01 3.800000000000000000e+01 1.090000000000000000e+02
9.870000000000006324e+00 2.527115869522094727e+01 3.900000000000000000e+01 1.200000000000000000e+02
1.034900000000000730e+01 2.527115869522094727e+01 4.000000000000000000e+01 1.460000000000000000e+02
1.070900000000000851e+01 2.527115869522094727e+01 4.100000000000000000e+01 1.940000000000000000e+02
1.095200000000000884e+01 2.527115869522094727e+01 4.200000000000000000e+01 2.390000000000000000e+02
1.135700000000000998e+01 2.527115869522094727e+01 4.300000000000000000e+01 1.790000000000000000e+02
1.145400000000000773e+01 2.527115869522094727e+01 4.400000000000000000e+01 2.490000000000000000e+02
1.174300000000000743e+01 2.527115869522094727e+01 4.500000000000000000e+01 2.100000000000000000e+02
1.201200000000000578e+01 2.527115869522094727e+01 4.600000000000000000e+01 3.210000000000000000e+02
1.217900000000000915e+01 2.527115869522094727e+01 4.700000000000000000e+01 3.230000000000000000e+02
1.288300000000001155e+01 2.527115869522094727e+01 4.800000000000000000e+01 3.460000000000000000e+02
1.330600000000000804e+01 2.527115869522094727e+01 4.900000000000000000e+01 3.700000000000000000e+02
1.345900000000000674e+01 2.527115869522094727e+01 5.000000000000000000e+01 4.900000000000000000e+02
1.388400000000000745e+01 2.527115869522094727e+01 5.100000000000000000e+01 5.330000000000000000e+02
1.439500000000000668e+01 2.527115869522094727e+01 5.200000000000000000e+01 4.990000000000000000e+02
1.449400000000000333e+01 2.527115869522094727e+01 5.300000000000000000e+01 5.050000000000000000e+02
1.504599999999999405e+01 2.527115869522094727e+01 5.400000000000000000e+01 6.870000000000000000e+02
1.553199999999998759e+01 2.527115869522094727e+01 5.500000000000000000e+01 4.880000000000000000e+02
1.594599999999999440e+01 2.527115869522094727e+01 5.600000000000000000e+01 5.440000000000000000e+02
1.613199999999999079e+01 2.527115869522094727e+01 5.700000000000000000e+01 7.540000000000000000e+02
1.656599999999998474e+01 2.527115869522094727e+01 5.800000000000000000e+01 8.930000000000000000e+02
1.662199999999997857e+01 2.527115869522094727e+01 5.900000000000000000e+01 9.270000000000000000e+02
1.748299999999995435e+01 2.527115869522094727e+01 6.000000000000000000e+01 8.060000000000000000e+02
1.825999999999993406e+01 2.527115869522094727e+01 6.100000000000000000e+01 7.290000000000000000e+02
1.896799999999995734e+01 2.527115869522094727e+01 6.200000000000000000e+01 9.220000000000000000e+02
1.911199999999995924e+01 2.527115869522094727e+01 6.300000000000000000e+01 1.067000000000000000e+03
1.968299999999997851e+01 2.527115869522094727e+01 6.400000000000000000e+01 1.344000000000000000e+03
2.054000000000000981e+01 2.527115869522094727e+01 6.500000000000000000e+01 9.060000000000000000e+02
2.086600000000002098e+01 2.527115869522094727e+01 6.600000000000000000e+01 9.580000000000000000e+02
2.168800000000004857e+01 2.527115869522094727e+01 6.700000000000000000e+01 1.684000000000000000e+03
2.232900000000008234e+01 2.527115869522094727e+01 6.800000000000000000e+01 1.136000000000000000e+03
2.343900000000011374e+01 2.527115869522094727e+01 6.900000000000000000e+01 1.150000000000000000e+03
2.412100000000013367e+01 2.527115869522094727e+01 7.000000000000000000e+01 9.430000000000000000e+02
2.510800000000018173e+01 2.527115869522094727e+01 7.100000000000000000e+01 2.198000000000000000e+03
0.000000000000000000e+00 2.527115869522094727e+01 0.000000000000000000e+00 0.000000000000000000e+00
2.527115869522094727e+01 2.527115869522094727e+01 0.000000000000000000e+00 0.000000000000000000e+00
2.527115869522094727e+01 2.527115869522094727e+01 0.000000000000000000e+00 0.000000000000000000e+00
1.161999999999999922e+00 2.562720823287963867e+01 0.000000000000000000e+00 2.000000000000000000e+00
1.737999999999999989e+00 2.562720823287963867e+01 1.000000000000000000e+00 5.000000000000000000e+00
2.302999999999999936e+00 2.562720823287963867e+01 2.000000000000000000e+00 1.000000000000000000e+01
2.497999999999999776e+00 2.562720823287963867e+01 3.000000000000000000e+00 1.700000000000000000e+01
2.704999999999999627e+00 2.562720823287963867e+01 4.000000000000000000e+00 1.600000000000000000e+01
2.893999999999999684e+00 2.562720823287963867e+01 5.000000000000000000e+00 1.800000000000000000e+01
3.065999999999999837e+00 2.562720823287963867e+01 6.000000000000000000e+00 1.100000000000000000e+01
3.231999999999999762e+00 2.562720823287963867e+01 7.000000000000000000e+00 2.200000000000000000e+01
3.398999999999999577e+00 2.562720823287963867e+01 8.000000000000000000e+00 1.900000000000000000e+01
3.398999999999999577e+00 2.562720823287963867e+01 9.000000000000000000e+00 2.200000000000000000e+01
4.190999999999999837e+00 2.562720823287963867e+01 1.000000000000000000e+01 2.800000000000000000e+01
4.190999999999999837e+00 2.562720823287963867e+01 1.100000000000000000e+01 5.000000000000000000e+00
4.349000000000000199e+00 2.562720823287963867e+01 1.200000000000000000e+01 1.700000000000000000e+01
4.495000000000000107e+00 2.562720823287963867e+01 1.300000000000000000e+01 2.200000000000000000e+01
4.327999999999999403e+00 2.562720823287963867e+01 1.400000000000000000e+01 3.900000000000000000e+01
4.633000000000000007e+00 2.562720823287963867e+01 1.500000000000000000e+01 3.800000000000000000e+01
0.000000000000000000e+00 2.562720823287963867e+01 1.600000000000000000e+01 2.400000000000000000e+01
5.008999999999999453e+00 2.562720823287963867e+01 1.700000000000000000e+01 3.000000000000000000e+01
5.250999999999999446e+00 2.562720823287963867e+01 1.800000000000000000e+01 2.000000000000000000e+00
5.231999999999999318e+00 2.562720823287963867e+01 1.900000000000000000e+01 3.600000000000000000e+01
5.369999999999999218e+00 2.562720823287963867e+01 2.000000000000000000e+01 3.400000000000000000e+01
5.598999999999999311e+00 2.562720823287963867e+01 2.100000000000000000e+01 6.400000000000000000e+01
5.918999999999999595e+00 2.562720823287963867e+01 2.200000000000000000e+01 5.400000000000000000e+01
5.537999999999999368e+00 2.562720823287963867e+01 2.300000000000000000e+01 6.600000000000000000e+01
6.320999999999999730e+00 2.562720823287963867e+01 2.400000000000000000e+01 5.100000000000000000e+01
6.517000000000000348e+00 2.562720823287963867e+01 2.500000000000000000e+01 7.500000000000000000e+01
6.413000000000000256e+00 2.562720823287963867e+01 2.600000000000000000e+01 9.800000000000000000e+01
6.639000000000000234e+00 2.562720823287963867e+01 2.700000000000000000e+01 7.000000000000000000e+01
7.236000000000000654e+00 2.562720823287963867e+01 2.800000000000000000e+01 1.280000000000000000e+02
7.757000000000001450e+00 2.562720823287963867e+01 2.900000000000000000e+01 1.120000000000000000e+02
7.757000000000001450e+00 2.562720823287963867e+01 3.000000000000000000e+01 1.010000000000000000e+02
7.844000000000001194e+00 2.562720823287963867e+01 3.100000000000000000e+01 1.530000000000000000e+02
8.118000000000000327e+00 2.562720823287963867e+01 3.200000000000000000e+01 1.030000000000000000e+02
8.662999999999998479e+00 2.562720823287963867e+01 3.300000000000000000e+01 1.740000000000000000e+02
0.000000000000000000e+00 2.562720823287963867e+01 3.400000000000000000e+01 1.480000000000000000e+02
9.131999999999999673e+00 2.562720823287963867e+01 3.500000000000000000e+01 1.510000000000000000e+02
9.233000000000000540e+00 2.562720823287963867e+01 3.600000000000000000e+01 1.980000000000000000e+02
9.758000000000000895e+00 2.562720823287963867e+01 3.700000000000000000e+01 1.580000000000000000e+02
9.871999999999999886e+00 2.562720823287963867e+01 3.800000000000000000e+01 2.270000000000000000e+02
1.001299999999999990e+01 2.562720823287963867e+01 3.900000000000000000e+01 2.760000000000000000e+02
1.013599999999999923e+01 2.562720823287963867e+01 4.000000000000000000e+01 1.800000000000000000e+02
1.062400000000000233e+01 2.562720823287963867e+01 4.100000000000000000e+01 2.170000000000000000e+02
1.067500000000000249e+01 2.562720823287963867e+01 4.200000000000000000e+01 2.920000000000000000e+02
1.100800000000000090e+01 2.562720823287963867e+01 4.300000000000000000e+01 3.120000000000000000e+02
1.124300000000000033e+01 2.562720823287963867e+01 4.400000000000000000e+01 2.740000000000000000e+02
1.189599999999999724e+01 2.562720823287963867e+01 4.500000000000000000e+01 3.590000000000000000e+02
1.195599999999999774e+01 2.562720823287963867e+01 4.600000000000000000e+01 2.830000000000000000e+02
1.278800000000000026e+01 2.562720823287963867e+01 4.700000000000000000e+01 4.420000000000000000e+02
1.308399999999999963e+01 2.562720823287963867e+01 4.800000000000000000e+01 4.930000000000000000e+02
1.344999999999999929e+01 2.562720823287963867e+01 4.900000000000000000e+01 3.870000000000000000e+02
1.364699999999999847e+01 2.562720823287963867e+01 5.000000000000000000e+01 4.220000000000000000e+02
1.390199999999999747e+01 2.562720823287963867e+01 5.100000000000000000e+01 5.690000000000000000e+02
1.461999999999999389e+01 2.562720823287963867e+01 5.200000000000000000e+01 5.450000000000000000e+02
1.487199999999999278e+01 2.562720823287963867e+01 5.300000000000000000e+01 6.690000000000000000e+02
1.549899999999997924e+01 2.562720823287963867e+01 5.400000000000000000e+01 6.070000000000000000e+02
1.561499999999997712e+01 2.562720823287963867e+01 5.500000000000000000e+01 7.860000000000000000e+02
1.569099999999998474e+01 2.562720823287963867e+01 5.600000000000000000e+01 1.500000000000000000e+01
1.618999999999997286e+01 2.562720823287963867e+01 5.700000000000000000e+01 5.690000000000000000e+02
1.668799999999998107e+01 2.562720823287963867e+01 5.800000000000000000e+01 9.380000000000000000e+02
1.732799999999994611e+01 2.562720823287963867e+01 5.900000000000000000e+01 8.230000000000000000e+02
1.782099999999992690e+01 2.562720823287963867e+01 6.000000000000000000e+01 1.008000000000000000e+03
1.826099999999993173e+01 2.562720823287963867e+01 6.100000000000000000e+01 1.152000000000000000e+03
1.906199999999995498e+01 2.562720823287963867e+01 6.200000000000000000e+01 7.520000000000000000e+02
1.965999999999998238e+01 2.562720823287963867e+01 6.300000000000000000e+01 1.318000000000000000e+03
2.028100000000000591e+01 2.562720823287963867e+01 6.400000000000000000e+01 8.770000000000000000e+02
2.073700000000002319e+01 2.562720823287963867e+01 6.500000000000000000e+01 1.025000000000000000e+03
2.124900000000003431e+01 2.562720823287963867e+01 6.600000000000000000e+01 1.867000000000000000e+03
2.217800000000005767e+01 2.562720823287963867e+01 6.700000000000000000e+01 1.895000000000000000e+03
2.272600000000007725e+01 2.562720823287963867e+01 6.800000000000000000e+01 1.261000000000000000e+03
2.363600000000010937e+01 2.562720823287963867e+01 6.900000000000000000e+01 1.042000000000000000e+03
2.481400000000017414e+01 2.562720823287963867e+01 7.000000000000000000e+01 1.223000000000000000e+03
2.539700000000020452e+01 2.562720823287963867e+01 7.100000000000000000e+01 1.712000000000000000e+03
0.000000000000000000e+00 2.562720823287963867e+01 0.000000000000000000e+00 0.000000000000000000e+00
2.562720823287963867e+01 2.562720823287963867e+01 0.000000000000000000e+00 0.000000000000000000e+00
2.562720823287963867e+01 2.562720823287963867e+01 0.000000000000000000e+00 0.000000000000000000e+00
2.669000000000000483e+00 2.537260961532592773e+01 0.000000000000000000e+00 1.200000000000000000e+01
2.669000000000000483e+00 2.537260961532592773e+01 1.000000000000000000e+00 9.000000000000000000e+00
2.669000000000000483e+00 2.537260961532592773e+01 2.000000000000000000e+00 9.000000000000000000e+00
2.865000000000000657e+00 2.537260961532592773e+01 3.000000000000000000e+00 1.300000000000000000e+01
3.415000000000000480e+00 2.537260961532592773e+01 4.000000000000000000e+00 2.100000000000000000e+01
3.415000000000000480e+00 2.537260961532592773e+01 5.000000000000000000e+00 2.000000000000000000e+01
3.935000000000000497e+00 2.537260961532592773e+01 6.000000000000000000e+00 2.700000000000000000e+01
0.000000000000000000e+00 2.537260961532592773e+01 7.000000000000000000e+00 1.600000000000000000e+01
0.000000000000000000e+00 2.537260961532592773e+01 8.000000000000000000e+00 1.200000000000000000e+01
4.118000000000000327e+00 2.537260961532592773e+01 9.000000000000000000e+00 2.100000000000000000e+01
4.286999999999999922e+00 2.537260961532592773e+01 1.000000000000000000e+01 3.200000000000000000e+01
4.286999999999999922e+00 2.537260961532592773e+01 1.100000000000000000e+01 3.100000000000000000e+01
4.585999999999999410e+00 2.537260961532592773e+01 1.200000000000000000e+01 2.800000000000000000e+01
4.545999999999999375e+00 2.537260961532592773e+01 1.300000000000000000e+01 1.700000000000000000e+01
4.867999999999999439e+00 2.537260961532592773e+01 1.400000000000000000e+01 3.100000000000000000e+01
4.684999999999999609e+00 2.537260961532592773e+01 1.500000000000000000e+01 4.500000000000000000e+01
5.398999999999999133e+00 2.537260961532592773e+01 1.600000000000000000e+01 3.100000000000000000e+01
5.202999999999999403e+00 2.537260961532592773e+01 1.700000000000000000e+01 4.100000000000000000e+01
5.537999999999999368e+00 2.537260961532592773e+01 1.800000000000000000e+01 3.500000000000000000e+01
5.664999999999999147e+00 2.537260961532592773e+01 1.900000000000000000e+01 2.400000000000000000e+01
5.995999999999998664e+00 2.537260961532592773e+01 2.000000000000000000e+01 6.500000000000000000e+01
5.967999999999999972e+00 2.537260961532592773e+01 2.100000000000000000e+01 4.800000000000000000e+01
6.461999999999998856e+00 2.537260961532592773e+01 2.200000000000000000e+01 6.900000000000000000e+01
6.567999999999998728e+00 2.537260961532592773e+01 2.300000000000000000e+01 5.400000000000000000e+01
6.769999999999998685e+00 2.537260961532592773e+01 2.400000000000000000e+01 6.900000000000000000e+01
7.060999999999998167e+00 2.537260961532592773e+01 2.500000000000000000e+01 8.000000000000000000e+01
7.158999999999998032e+00 2.537260961532592773e+01 2.600000000000000000e+01 6.000000000000000000e+01
7.015999999999999126e+00 2.537260961532592773e+01 2.700000000000000000e+01 8.600000000000000000e+01
7.152999999999997804e+00 2.537260961532592773e+01 2.800000000000000000e+01 9.400000000000000000e+01
7.281999999999999140e+00 2.537260961532592773e+01 2.900000000000000000e+01 9.100000000000000000e+01
7.504999999999998117e+00 2.537260961532592773e+01 3.000000000000000000e+01 8.500000000000000000e+01
7.536999999999998145e+00 2.537260961532592773e+01 3.100000000000000000e+01 7.600000000000000000e+01
7.771999999999998465e+00 2.537260961532592773e+01 3.200000000000000000e+01 8.600000000000000000e+01
8.642999999999995353e+00 2.537260961532592773e+01 3.300000000000000000e+01 1.070000000000000000e+02
8.557999999999998053e+00 2.537260961532592773e+01 3.400000000000000000e+01 1.690000000000000000e+02
9.184999999999998721e+00 2.537260961532592773e+01 3.500000000000000000e+01 1.630000000000000000e+02
9.474000000000001975e+00 2.537260961532592773e+01 3.600000000000000000e+01 1.470000000000000000e+02
1.000400000000000134e+01 2.537260961532592773e+01 3.700000000000000000e+01 1.510000000000000000e+02
1.023900000000000077e+01 2.537260961532592773e+01 3.800000000000000000e+01 1.870000000000000000e+02
1.040899999999999892e+01 2.537260961532592773e+01 3.900000000000000000e+01 1.610000000000000000e+02
1.027600000000000158e+01 2.537260961532592773e+01 4.000000000000000000e+01 1.720000000000000000e+02
1.055900000000000105e+01 2.537260961532592773e+01 4.100000000000000000e+01 2.270000000000000000e+02
1.110899999999999999e+01 2.537260961532592773e+01 4.200000000000000000e+01 2.920000000000000000e+02
1.143299999999999805e+01 2.537260961532592773e+01 4.300000000000000000e+01 3.500000000000000000e+02
1.169899999999999629e+01 2.537260961532592773e+01 4.400000000000000000e+01 2.740000000000000000e+02
1.197599999999999909e+01 2.537260961532592773e+01 4.500000000000000000e+01 4.370000000000000000e+02
1.240799999999999237e+01 2.537260961532592773e+01 4.600000000000000000e+01 2.860000000000000000e+02
1.265599999999999881e+01 2.537260961532592773e+01 4.700000000000000000e+01 4.190000000000000000e+02
1.303200000000000003e+01 2.537260961532592773e+01 4.800000000000000000e+01 4.840000000000000000e+02
1.354299999999999748e+01 2.537260961532592773e+01 4.900000000000000000e+01 5.040000000000000000e+02
1.387700000000000422e+01 2.537260961532592773e+01 5.000000000000000000e+01 5.060000000000000000e+02
1.444799999999999685e+01 2.537260961532592773e+01 5.100000000000000000e+01 5.520000000000000000e+02
1.427699999999999925e+01 2.537260961532592773e+01 5.200000000000000000e+01 4.960000000000000000e+02
1.471899999999999764e+01 2.537260961532592773e+01 5.300000000000000000e+01 6.880000000000000000e+02
1.538299999999998668e+01 2.537260961532592773e+01 5.400000000000000000e+01 6.770000000000000000e+02
1.580999999999998451e+01 2.537260961532592773e+01 5.500000000000000000e+01 6.220000000000000000e+02
1.605399999999999494e+01 2.537260961532592773e+01 5.600000000000000000e+01 6.320000000000000000e+02
1.649199999999997956e+01 2.537260961532592773e+01 5.700000000000000000e+01 7.910000000000000000e+02
1.705699999999999150e+01 2.537260961532592773e+01 5.800000000000000000e+01 9.390000000000000000e+02
1.726899999999997348e+01 2.537260961532592773e+01 5.900000000000000000e+01 8.100000000000000000e+02
1.797599999999997067e+01 2.537260961532592773e+01 6.000000000000000000e+01 1.097000000000000000e+03
1.837899999999997647e+01 2.537260961532592773e+01 6.100000000000000000e+01 8.500000000000000000e+02
1.928899999999998727e+01 2.537260961532592773e+01 6.200000000000000000e+01 9.980000000000000000e+02
1.916599999999999326e+01 2.537260961532592773e+01 6.300000000000000000e+01 1.361000000000000000e+03
2.005400000000001626e+01 2.537260961532592773e+01 6.400000000000000000e+01 1.127000000000000000e+03
2.047400000000003573e+01 2.537260961532592773e+01 6.500000000000000000e+01 1.758000000000000000e+03
2.108300000000005880e+01 2.537260961532592773e+01 6.600000000000000000e+01 1.435000000000000000e+03
2.212500000000009592e+01 2.537260961532592773e+01 6.700000000000000000e+01 1.132000000000000000e+03
2.273100000000010823e+01 2.537260961532592773e+01 6.800000000000000000e+01 1.036000000000000000e+03
2.350800000000013412e+01 2.537260961532592773e+01 6.900000000000000000e+01 1.631000000000000000e+03
2.457800000000017349e+01 2.537260961532592773e+01 7.000000000000000000e+01 1.299000000000000000e+03
2.539200000000020196e+01 2.537260961532592773e+01 7.100000000000000000e+01 1.202000000000000000e+03
0.000000000000000000e+00 2.537260961532592773e+01 0.000000000000000000e+00 0.000000000000000000e+00
2.537260961532592773e+01 2.537260961532592773e+01 0.000000000000000000e+00 0.000000000000000000e+00
2.537260961532592773e+01 2.537260961532592773e+01 0.000000000000000000e+00 0.000000000000000000e+00
