1.519999999999999796e+00 1.154679298400878906e+01 0.000000000000000000e+00 0.000000000000000000e+00
1.906999999999999806e+00 1.154679298400878906e+01 1.000000000000000000e+00 0.000000000000000000e+00
2.284999999999999698e+00 1.154679298400878906e+01 2.000000000000000000e+00 0.000000000000000000e+00
2.658999999999999808e+00 1.154679298400878906e+01 3.000000000000000000e+00 0.000000000000000000e+00
2.834999999999999520e+00 1.154679298400878906e+01 4.000000000000000000e+00 0.000000000000000000e+00
0.000000000000000000e+00 1.154679298400878906e+01 5.000000000000000000e+00 0.000000000000000000e+00
3.367999999999999439e+00 1.154679298400878906e+01 6.000000000000000000e+00 0.000000000000000000e+00
4.028999999999999027e+00 1.154679298400878906e+01 7.000000000000000000e+00 3.000000000000000000e+00
4.195999999999998842e+00 1.154679298400878906e+01 8.000000000000000000e+00 0.000000000000000000e+00
4.195999999999998842e+00 1.154679298400878906e+01 9.000000000000000000e+00 0.000000000000000000e+00
4.195999999999998842e+00 1.154679298400878906e+01 1.000000000000000000e+01 2.000000000000000000e+00
4.339999999999998970e+00 1.154679298400878906e+01 1.100000000000000000e+01 0.000000000000000000e+00
4.463999999999999524e+00 1.154679298400878906e+01 1.200000000000000000e+01 1.000000000000000000e+00
4.650999999999998913e+00 1.154679298400878906e+01 1.300000000000000000e+01 0.000000000000000000e+00
4.794999999999999041e+00 1.154679298400878906e+01 1.400000000000000000e+01 0.000000000000000000e+00
5.091999999999998749e+00 1.154679298400878906e+01 1.500000000000000000e+01 0.000000000000000000e+00
5.223999999999998423e+00 1.154679298400878906e+01 1.600000000000000000e+01 0.000000000000000000e+00
5.212999999999998302e+00 1.154679298400878906e+01 1.700000000000000000e+01 0.000000000000000000e+00
5.598999999999998423e+00 1.154679298400878906e+01 1.800000000000000000e+01 2.000000000000000000e+00
5.598999999999998423e+00 1.154679298400878906e+01 1.900000000000000000e+01 0.000000000000000000e+00
0.000000000000000000e+00 1.154679298400878906e+01 2.000000000000000000e+01 0.000000000000000000e+00
5.661999999999998145e+00 1.154679298400878906e+01 2.100000000000000000e+01 0.000000000000000000e+00
5.810999999999998167e+00 1.154679298400878906e+01 2.200000000000000000e+01 0.000000000000000000e+00
0.000000000000000000e+00 1.154679298400878906e+01 2.300000000000000000e+01 0.000000000000000000e+00
6.047999999999998266e+00 1.154679298400878906e+01 2.400000000000000000e+01 0.000000000000000000e+00
6.148999999999998245e+00 1.154679298400878906e+01 2.500000000000000000e+01 0.000000000000000000e+00
0.000000000000000000e+00 1.154679298400878906e+01 2.600000000000000000e+01 0.000000000000000000e+00
6.332999999999997520e+00 1.154679298400878906e+01 2.700000000000000000e+01 3.000000000000000000e+00
6.416999999999997151e+00 1.154679298400878906e+01 2.800000000000000000e+01 0.000000000000000000e+00
6.410999999999997812e+00 1.154679298400878906e+01 2.900000000000000000e+01 0.000000000000000000e+00
6.502999999999997449e+00 1.154679298400878906e+01 3.000000000000000000e+01 1.000000000000000000e+00
6.660999999999996923e+00 1.154679298400878906e+01 3.100000000000000000e+01 0.000000000000000000e+00
6.388999999999997570e+00 1.154679298400878906e+01 3.200000000000000000e+01 0.000000000000000000e+00
6.703999999999997961e+00 1.154679298400878906e+01 3.300000000000000000e+01 1.000000000000000000e+00
6.779999999999997584e+00 1.154679298400878906e+01 3.400000000000000000e+01 0.000000000000000000e+00
6.969999999999997087e+00 1.154679298400878906e+01 3.500000000000000000e+01 0.000000000000000000e+00
7.103999999999997428e+00 1.154679298400878906e+01 3.600000000000000000e+01 0.000000000000000000e+00
7.280999999999997030e+00 1.154679298400878906e+01 3.700000000000000000e+01 0.000000000000000000e+00
7.338999999999996859e+00 1.154679298400878906e+01 3.800000000000000000e+01 0.000000000000000000e+00
7.262999999999996348e+00 1.154679298400878906e+01 3.900000000000000000e+01 0.000000000000000000e+00
7.502999999999996561e+00 1.154679298400878906e+01 4.000000000000000000e+01 0.000000000000000000e+00
7.698999999999997179e+00 1.154679298400878906e+01 4.100000000000000000e+01 0.000000000000000000e+00
7.731999999999997542e+00 1.154679298400878906e+01 4.200000000000000000e+01 0.000000000000000000e+00
0.000000000000000000e+00 1.154679298400878906e+01 4.300000000000000000e+01 0.000000000000000000e+00
8.070999999999996177e+00 1.154679298400878906e+01 4.400000000000000000e+01 0.000000000000000000e+00
8.192999999999997840e+00 1.154679298400878906e+01 4.500000000000000000e+01 0.000000000000000000e+00
0.000000000000000000e+00 1.154679298400878906e+01 4.600000000000000000e+01 0.000000000000000000e+00
8.217999999999998195e+00 1.154679298400878906e+01 4.700000000000000000e+01 0.000000000000000000e+00
8.400999999999998025e+00 1.154679298400878906e+01 4.800000000000000000e+01 0.000000000000000000e+00
8.309999999999996945e+00 1.154679298400878906e+01 4.900000000000000000e+01 0.000000000000000000e+00
0.000000000000000000e+00 1.154679298400878906e+01 5.000000000000000000e+01 0.000000000000000000e+00
8.526999999999995694e+00 1.154679298400878906e+01 5.100000000000000000e+01 0.000000000000000000e+00
8.727999999999994429e+00 1.154679298400878906e+01 5.200000000000000000e+01 0.000000000000000000e+00
0.000000000000000000e+00 1.154679298400878906e+01 5.300000000000000000e+01 0.000000000000000000e+00
0.000000000000000000e+00 1.154679298400878906e+01 5.400000000000000000e+01 0.000000000000000000e+00
8.759000000000000341e+00 1.154679298400878906e+01 5.500000000000000000e+01 0.000000000000000000e+00
0.000000000000000000e+00 1.154679298400878906e+01 5.600000000000000000e+01 0.000000000000000000e+00
9.080999999999995964e+00 1.154679298400878906e+01 5.700000000000000000e+01 0.000000000000000000e+00
9.132999999999995566e+00 1.154679298400878906e+01 5.800000000000000000e+01 0.000000000000000000e+00
9.123999999999998778e+00 1.154679298400878906e+01 5.900000000000000000e+01 0.000000000000000000e+00
9.461999999999996191e+00 1.154679298400878906e+01 6.000000000000000000e+01 0.000000000000000000e+00
9.378000000000000114e+00 1.154679298400878906e+01 6.100000000000000000e+01 0.000000000000000000e+00
9.425000000000006040e+00 1.154679298400878906e+01 6.200000000000000000e+01 0.000000000000000000e+00
9.575000000000013500e+00 1.154679298400878906e+01 6.300000000000000000e+01 0.000000000000000000e+00
1.012400000000003075e+01 1.154679298400878906e+01 6.400000000000000000e+01 0.000000000000000000e+00
1.039500000000003688e+01 1.154679298400878906e+01 6.500000000000000000e+01 0.000000000000000000e+00
1.056300000000004147e+01 1.154679298400878906e+01 6.600000000000000000e+01 0.000000000000000000e+00
1.073200000000004550e+01 1.154679298400878906e+01 6.700000000000000000e+01 0.000000000000000000e+00
1.092700000000005289e+01 1.154679298400878906e+01 6.800000000000000000e+01 0.000000000000000000e+00
1.109600000000006403e+01 1.154679298400878906e+01 6.900000000000000000e+01 0.000000000000000000e+00
1.116800000000006676e+01 1.154679298400878906e+01 7.000000000000000000e+01 0.000000000000000000e+00
1.147300000000007714e+01 1.154679298400878906e+01 7.100000000000000000e+01 0.000000000000000000e+00
0.000000000000000000e+00 1.154679298400878906e+01 0.000000000000000000e+00 0.000000000000000000e+00
1.154679298400878906e+01 1.154679298400878906e+01 0.000000000000000000e+00 0.000000000000000000e+00
1.154679298400878906e+01 1.154679298400878906e+01 0.000000000000000000e+00 0.000000000000000000e+00
2.074999999999999734e+00 1.198844552040100098e+01 0.000000000000000000e+00 0.000000000000000000e+00
2.459000000000000075e+00 1.198844552040100098e+01 1.000000000000000000e+00 0.000000000000000000e+00
2.828999999999999737e+00 1.198844552040100098e+01 2.000000000000000000e+00 0.000000000000000000e+00
3.240999999999999659e+00 1.198844552040100098e+01 3.000000000000000000e+00 0.000000000000000000e+00
3.421999999999999709e+00 1.198844552040100098e+01 4.000000000000000000e+00 0.000000000000000000e+00
3.953999999999999737e+00 1.198844552040100098e+01 5.000000000000000000e+00 2.000000000000000000e+00
3.953999999999999737e+00 1.198844552040100098e+01 6.000000000000000000e+00 0.000000000000000000e+00
4.283999999999999808e+00 1.198844552040100098e+01 7.000000000000000000e+00 0.000000000000000000e+00
4.444999999999999396e+00 1.198844552040100098e+01 8.000000000000000000e+00 0.000000000000000000e+00
4.751999999999998892e+00 1.198844552040100098e+01 9.000000000000000000e+00 0.000000000000000000e+00
4.751999999999998892e+00 1.198844552040100098e+01 1.000000000000000000e+01 0.000000000000000000e+00
4.735999999999998877e+00 1.198844552040100098e+01 1.100000000000000000e+01 0.000000000000000000e+00
5.064999999999998614e+00 1.198844552040100098e+01 1.200000000000000000e+01 3.000000000000000000e+00
5.217999999999998195e+00 1.198844552040100098e+01 1.300000000000000000e+01 0.000000000000000000e+00
5.217999999999998195e+00 1.198844552040100098e+01 1.400000000000000000e+01 0.000000000000000000e+00
5.630999999999998451e+00 1.198844552040100098e+01 1.500000000000000000e+01 0.000000000000000000e+00
5.897999999999998799e+00 1.198844552040100098e+01 1.600000000000000000e+01 3.000000000000000000e+00
5.897999999999998799e+00 1.198844552040100098e+01 1.700000000000000000e+01 0.000000000000000000e+00
6.086999999999997968e+00 1.198844552040100098e+01 1.800000000000000000e+01 0.000000000000000000e+00
6.263999999999999346e+00 1.198844552040100098e+01 1.900000000000000000e+01 0.000000000000000000e+00
6.384999999999999787e+00 1.198844552040100098e+01 2.000000000000000000e+01 0.000000000000000000e+00
6.501999999999999780e+00 1.198844552040100098e+01 2.100000000000000000e+01 0.000000000000000000e+00
6.605999999999999872e+00 1.198844552040100098e+01 2.200000000000000000e+01 0.000000000000000000e+00
0.000000000000000000e+00 1.198844552040100098e+01 2.300000000000000000e+01 0.000000000000000000e+00
6.806999999999999496e+00 1.198844552040100098e+01 2.400000000000000000e+01 0.000000000000000000e+00
6.783999999999998920e+00 1.198844552040100098e+01 2.500000000000000000e+01 0.000000000000000000e+00
7.024999999999999467e+00 1.198844552040100098e+01 2.600000000000000000e+01 0.000000000000000000e+00
0.000000000000000000e+00 1.198844552040100098e+01 2.700000000000000000e+01 0.000000000000000000e+00
7.117999999999999439e+00 1.198844552040100098e+01 2.800000000000000000e+01 0.000000000000000000e+00
7.298000000000000043e+00 1.198844552040100098e+01 2.900000000000000000e+01 0.000000000000000000e+00
7.383000000000000007e+00 1.198844552040100098e+01 3.000000000000000000e+01 3.000000000000000000e+00
0.000000000000000000e+00 1.198844552040100098e+01 3.100000000000000000e+01 0.000000000000000000e+00
7.221999999999998643e+00 1.198844552040100098e+01 3.200000000000000000e+01 0.000000000000000000e+00
7.609000000000000874e+00 1.198844552040100098e+01 3.300000000000000000e+01 2.000000000000000000e+00
7.296000000000001151e+00 1.198844552040100098e+01 3.400000000000000000e+01 0.000000000000000000e+00
7.813000000000000611e+00 1.198844552040100098e+01 3.500000000000000000e+01 0.000000000000000000e+00
7.813000000000000611e+00 1.198844552040100098e+01 3.600000000000000000e+01 0.000000000000000000e+00
7.878000000000001002e+00 1.198844552040100098e+01 3.700000000000000000e+01 0.000000000000000000e+00
8.047000000000000597e+00 1.198844552040100098e+01 3.800000000000000000e+01 4.000000000000000000e+00
8.102000000000000313e+00 1.198844552040100098e+01 3.900000000000000000e+01 0.000000000000000000e+00
7.855999999999999872e+00 1.198844552040100098e+01 4.000000000000000000e+01 0.000000000000000000e+00
8.262999999999999901e+00 1.198844552040100098e+01 4.100000000000000000e+01 0.000000000000000000e+00
8.342000000000000526e+00 1.198844552040100098e+01 4.200000000000000000e+01 0.000000000000000000e+00
8.314000000000000057e+00 1.198844552040100098e+01 4.300000000000000000e+01 0.000000000000000000e+00
8.750999999999997669e+00 1.198844552040100098e+01 4.400000000000000000e+01 0.000000000000000000e+00
8.990999999999996106e+00 1.198844552040100098e+01 4.500000000000000000e+01 0.000000000000000000e+00
9.183999999999997499e+00 1.198844552040100098e+01 4.600000000000000000e+01 0.000000000000000000e+00
0.000000000000000000e+00 1.198844552040100098e+01 4.700000000000000000e+01 0.000000000000000000e+00
9.313999999999998280e+00 1.198844552040100098e+01 4.800000000000000000e+01 0.000000000000000000e+00
9.338999999999998636e+00 1.198844552040100098e+01 4.900000000000000000e+01 0.000000000000000000e+00
9.477999999999999758e+00 1.198844552040100098e+01 5.000000000000000000e+01 0.000000000000000000e+00
9.811999999999994060e+00 1.198844552040100098e+01 5.100000000000000000e+01 0.000000000000000000e+00
9.803999999999994941e+00 1.198844552040100098e+01 5.200000000000000000e+01 0.000000000000000000e+00
9.847999999999993648e+00 1.198844552040100098e+01 5.300000000000000000e+01 0.000000000000000000e+00
1.006599999999999362e+01 1.198844552040100098e+01 5.400000000000000000e+01 0.000000000000000000e+00
0.000000000000000000e+00 1.198844552040100098e+01 5.500000000000000000e+01 0.000000000000000000e+00
1.021099999999999497e+01 1.198844552040100098e+01 5.600000000000000000e+01 0.000000000000000000e+00
1.042599999999999838e+01 1.198844552040100098e+01 5.700000000000000000e+01 0.000000000000000000e+00
1.047699999999999676e+01 1.198844552040100098e+01 5.800000000000000000e+01 0.000000000000000000e+00
1.051499999999999524e+01 1.198844552040100098e+01 5.900000000000000000e+01 0.000000000000000000e+00
1.077999999999999758e+01 1.198844552040100098e+01 6.000000000000000000e+01 0.000000000000000000e+00
1.072300000000000431e+01 1.198844552040100098e+01 6.100000000000000000e+01 0.000000000000000000e+00
1.085100000000000797e+01 1.198844552040100098e+01 6.200000000000000000e+01 0.000000000000000000e+00
1.080800000000001049e+01 1.198844552040100098e+01 6.300000000000000000e+01 0.000000000000000000e+00
1.102100000000001678e+01 1.198844552040100098e+01 6.400000000000000000e+01 0.000000000000000000e+00
1.127300000000001745e+01 1.198844552040100098e+01 6.500000000000000000e+01 0.000000000000000000e+00
1.148200000000002596e+01 1.198844552040100098e+01 6.600000000000000000e+01 0.000000000000000000e+00
0.000000000000000000e+00 1.198844552040100098e+01 6.700000000000000000e+01 0.000000000000000000e+00
1.156400000000003381e+01 1.198844552040100098e+01 6.800000000000000000e+01 0.000000000000000000e+00
0.000000000000000000e+00 1.198844552040100098e+01 6.900000000000000000e+01 0.000000000000000000e+00
1.172200000000003683e+01 1.198844552040100098e+01 7.000000000000000000e+01 0.000000000000000000e+00
1.192400000000004390e+01 1.198844552040100098e+01 7.100000000000000000e+01 0.000000000000000000e+00
0.000000000000000000e+00 1.198844552040100098e+01 0.000000000000000000e+00 0.000000000000000000e+00
1.198844552040100098e+01 1.198844552040100098e+01 0.000000000000000000e+00 0.000000000000000000e+00
1.198844552040100098e+01 1.198844552040100098e+01 0.000000000000000000e+00 0.000000000000000000e+00
1.558000000000000274e+00 1.204768633842468262e+01 0.000000000000000000e+00 0.000000000000000000e+00
1.946000000000000174e+00 1.204768633842468262e+01 1.000000000000000000e+00 1.000000000000000000e+00
2.141000000000000014e+00 1.204768633842468262e+01 2.000000000000000000e+00 0.000000000000000000e+00
2.334000000000000075e+00 1.204768633842468262e+01 3.000000000000000000e+00 0.000000000000000000e+00
3.244999999999999662e+00 1.204768633842468262e+01 4.000000000000000000e+00 0.000000000000000000e+00
3.615999999999999659e+00 1.204768633842468262e+01 5.000000000000000000e+00 0.000000000000000000e+00
3.798999999999999488e+00 1.204768633842468262e+01 6.000000000000000000e+00 0.000000000000000000e+00
4.128999999999999559e+00 1.204768633842468262e+01 7.000000000000000000e+00 2.000000000000000000e+00
4.475999999999999091e+00 1.204768633842468262e+01 8.000000000000000000e+00 1.000000000000000000e+00
4.475999999999999091e+00 1.204768633842468262e+01 9.000000000000000000e+00 1.000000000000000000e+00
4.629999999999999005e+00 1.204768633842468262e+01 1.000000000000000000e+01 2.000000000000000000e+00
4.782999999999998586e+00 1.204768633842468262e+01 1.100000000000000000e+01 0.000000000000000000e+00
4.594999999999998863e+00 1.204768633842468262e+01 1.200000000000000000e+01 0.000000000000000000e+00
5.062999999999998835e+00 1.204768633842468262e+01 1.300000000000000000e+01 0.000000000000000000e+00
5.062999999999998835e+00 1.204768633842468262e+01 1.400000000000000000e+01 0.000000000000000000e+00
5.336999999999998856e+00 1.204768633842468262e+01 1.500000000000000000e+01 2.000000000000000000e+00
5.478999999999999204e+00 1.204768633842468262e+01 1.600000000000000000e+01 0.000000000000000000e+00
0.000000000000000000e+00 1.204768633842468262e+01 1.700000000000000000e+01 2.000000000000000000e+00
5.605999999999998984e+00 1.204768633842468262e+01 1.800000000000000000e+01 0.000000000000000000e+00
5.605999999999998984e+00 1.204768633842468262e+01 1.900000000000000000e+01 0.000000000000000000e+00
5.718999999999999417e+00 1.204768633842468262e+01 2.000000000000000000e+01 0.000000000000000000e+00
5.963000000000000078e+00 1.204768633842468262e+01 2.100000000000000000e+01 0.000000000000000000e+00
6.070000000000000284e+00 1.204768633842468262e+01 2.200000000000000000e+01 0.000000000000000000e+00
6.177999999999999936e+00 1.204768633842468262e+01 2.300000000000000000e+01 3.000000000000000000e+00
5.995999999999999552e+00 1.204768633842468262e+01 2.400000000000000000e+01 0.000000000000000000e+00
6.373000000000000220e+00 1.204768633842468262e+01 2.500000000000000000e+01 0.000000000000000000e+00
6.650000000000000355e+00 1.204768633842468262e+01 2.600000000000000000e+01 0.000000000000000000e+00
6.542000000000000703e+00 1.204768633842468262e+01 2.700000000000000000e+01 0.000000000000000000e+00
6.645999999999999908e+00 1.204768633842468262e+01 2.800000000000000000e+01 0.000000000000000000e+00
6.823000000000000398e+00 1.204768633842468262e+01 2.900000000000000000e+01 2.000000000000000000e+00
6.762000000000000455e+00 1.204768633842468262e+01 3.000000000000000000e+01 0.000000000000000000e+00
6.839000000000000412e+00 1.204768633842468262e+01 3.100000000000000000e+01 0.000000000000000000e+00
7.283000000000000362e+00 1.204768633842468262e+01 3.200000000000000000e+01 1.000000000000000000e+00
7.365000000000000213e+00 1.204768633842468262e+01 3.300000000000000000e+01 0.000000000000000000e+00
7.498000000000000220e+00 1.204768633842468262e+01 3.400000000000000000e+01 1.000000000000000000e+00
0.000000000000000000e+00 1.204768633842468262e+01 3.500000000000000000e+01 0.000000000000000000e+00
7.573000000000000398e+00 1.204768633842468262e+01 3.600000000000000000e+01 0.000000000000000000e+00
0.000000000000000000e+00 1.204768633842468262e+01 3.700000000000000000e+01 0.000000000000000000e+00
7.677000000000001378e+00 1.204768633842468262e+01 3.800000000000000000e+01 0.000000000000000000e+00
0.000000000000000000e+00 1.204768633842468262e+01 3.900000000000000000e+01 0.000000000000000000e+00
8.025000000000000355e+00 1.204768633842468262e+01 4.000000000000000000e+01 0.000000000000000000e+00
8.085000000000000853e+00 1.204768633842468262e+01 4.100000000000000000e+01 0.000000000000000000e+00
0.000000000000000000e+00 1.204768633842468262e+01 4.200000000000000000e+01 0.000000000000000000e+00
8.253000000000000114e+00 1.204768633842468262e+01 4.300000000000000000e+01 3.000000000000000000e+00
8.266000000000000014e+00 1.204768633842468262e+01 4.400000000000000000e+01 0.000000000000000000e+00
8.440999999999998948e+00 1.204768633842468262e+01 4.500000000000000000e+01 0.000000000000000000e+00
8.557999999999999829e+00 1.204768633842468262e+01 4.600000000000000000e+01 0.000000000000000000e+00
8.635999999999999233e+00 1.204768633842468262e+01 4.700000000000000000e+01 0.000000000000000000e+00
8.739000000000000767e+00 1.204768633842468262e+01 4.800000000000000000e+01 0.000000000000000000e+00
8.622000000000003439e+00 1.204768633842468262e+01 4.900000000000000000e+01 0.000000000000000000e+00
8.587000000000005073e+00 1.204768633842468262e+01 5.000000000000000000e+01 0.000000000000000000e+00
9.027000000000002800e+00 1.204768633842468262e+01 5.100000000000000000e+01 0.000000000000000000e+00
8.928000000000002601e+00 1.204768633842468262e+01 5.200000000000000000e+01 0.000000000000000000e+00
9.103000000000001535e+00 1.204768633842468262e+01 5.300000000000000000e+01 0.000000000000000000e+00
9.357999999999998764e+00 1.204768633842468262e+01 5.400000000000000000e+01 0.000000000000000000e+00
9.284000000000000696e+00 1.204768633842468262e+01 5.500000000000000000e+01 0.000000000000000000e+00
9.576000000000000512e+00 1.204768633842468262e+01 5.600000000000000000e+01 0.000000000000000000e+00
9.758000000000000895e+00 1.204768633842468262e+01 5.700000000000000000e+01 0.000000000000000000e+00
9.556000000000002714e+00 1.204768633842468262e+01 5.800000000000000000e+01 0.000000000000000000e+00
9.788000000000003809e+00 1.204768633842468262e+01 5.900000000000000000e+01 0.000000000000000000e+00
1.003300000000000303e+01 1.204768633842468262e+01 6.000000000000000000e+01 0.000000000000000000e+00
1.040800000000000836e+01 1.204768633842468262e+01 6.100000000000000000e+01 0.000000000000000000e+00
1.051600000000001245e+01 1.204768633842468262e+01 6.200000000000000000e+01 0.000000000000000000e+00
1.049000000000001442e+01 1.204768633842468262e+01 6.300000000000000000e+01 0.000000000000000000e+00
1.068900000000002137e+01 1.204768633842468262e+01 6.400000000000000000e+01 0.000000000000000000e+00
1.089000000000003254e+01 1.204768633842468262e+01 6.500000000000000000e+01 0.000000000000000000e+00
1.134100000000004371e+01 1.204768633842468262e+01 6.600000000000000000e+01 0.000000000000000000e+00
1.125500000000004697e+01 1.204768633842468262e+01 6.700000000000000000e+01 0.000000000000000000e+00
1.153400000000005399e+01 1.204768633842468262e+01 6.800000000000000000e+01 0.000000000000000000e+00
1.165100000000005664e+01 1.204768633842468262e+01 6.900000000000000000e+01 0.000000000000000000e+00
1.165100000000006375e+01 1.204768633842468262e+01 7.000000000000000000e+01 0.000000000000000000e+00
1.207600000000007157e+01 1.204768633842468262e+01 7.100000000000000000e+01 0.000000000000000000e+00
0.000000000000000000e+00 1.204768633842468262e+01 0.000000000000000000e+00 0.000000000000000000e+00
1.204768633842468262e+01 1.204768633842468262e+01 0.000000000000000000e+00 0.000000000000000000e+00
1.204768633842468262e+01 1.204768633842468262e+01 0.000000000000000000e+00 0.000000000000000000e+00
1.909000000000000030e+00 1.215507197380065918e+01 0.000000000000000000e+00 0.000000000000000000e+00
2.097999999999999865e+00 1.215507197380065918e+01 1.000000000000000000e+00 0.000000000000000000e+00
3.220000000000000195e+00 1.215507197380065918e+01 2.000000000000000000e+00 1.000000000000000000e+00
3.220000000000000195e+00 1.215507197380065918e+01 3.000000000000000000e+00 0.000000000000000000e+00
3.404000000000000359e+00 1.215507197380065918e+01 4.000000000000000000e+00 0.000000000000000000e+00
3.580000000000000515e+00 1.215507197380065918e+01 5.000000000000000000e+00 2.000000000000000000e+00
3.928000000000000380e+00 1.215507197380065918e+01 6.000000000000000000e+00 0.000000000000000000e+00
4.094000000000000306e+00 1.215507197380065918e+01 7.000000000000000000e+00 2.000000000000000000e+00
4.260000000000000675e+00 1.215507197380065918e+01 8.000000000000000000e+00 0.000000000000000000e+00
0.000000000000000000e+00 1.215507197380065918e+01 9.000000000000000000e+00 1.000000000000000000e+00
4.424000000000000377e+00 1.215507197380065918e+01 1.000000000000000000e+01 0.000000000000000000e+00
0.000000000000000000e+00 1.215507197380065918e+01 1.100000000000000000e+01 1.000000000000000000e+00
4.564000000000000057e+00 1.215507197380065918e+01 1.200000000000000000e+01 0.000000000000000000e+00
4.730000000000000426e+00 1.215507197380065918e+01 1.300000000000000000e+01 0.000000000000000000e+00
4.878000000000000114e+00 1.215507197380065918e+01 1.400000000000000000e+01 0.000000000000000000e+00
5.014000000000000234e+00 1.215507197380065918e+01 1.500000000000000000e+01 0.000000000000000000e+00
0.000000000000000000e+00 1.215507197380065918e+01 1.600000000000000000e+01 0.000000000000000000e+00
5.004999999999999893e+00 1.215507197380065918e+01 1.700000000000000000e+01 1.000000000000000000e+00
5.267000000000000348e+00 1.215507197380065918e+01 1.800000000000000000e+01 0.000000000000000000e+00
5.402000000000000135e+00 1.215507197380065918e+01 1.900000000000000000e+01 4.000000000000000000e+00
5.318999999999999950e+00 1.215507197380065918e+01 2.000000000000000000e+01 0.000000000000000000e+00
5.379000000000000448e+00 1.215507197380065918e+01 2.100000000000000000e+01 1.000000000000000000e+00
0.000000000000000000e+00 1.215507197380065918e+01 2.200000000000000000e+01 0.000000000000000000e+00
5.834000000000000519e+00 1.215507197380065918e+01 2.300000000000000000e+01 3.000000000000000000e+00
5.668000000000000149e+00 1.215507197380065918e+01 2.400000000000000000e+01 2.000000000000000000e+00
5.832000000000000739e+00 1.215507197380065918e+01 2.500000000000000000e+01 0.000000000000000000e+00
5.935000000000000497e+00 1.215507197380065918e+01 2.600000000000000000e+01 0.000000000000000000e+00
5.935000000000000497e+00 1.215507197380065918e+01 2.700000000000000000e+01 0.000000000000000000e+00
6.204000000000000625e+00 1.215507197380065918e+01 2.800000000000000000e+01 1.000000000000000000e+00
6.204000000000000625e+00 1.215507197380065918e+01 2.900000000000000000e+01 0.000000000000000000e+00
6.540000000000000036e+00 1.215507197380065918e+01 3.000000000000000000e+01 0.000000000000000000e+00
6.618000000000000327e+00 1.215507197380065918e+01 3.100000000000000000e+01 0.000000000000000000e+00
6.691000000000000725e+00 1.215507197380065918e+01 3.200000000000000000e+01 0.000000000000000000e+00
6.778000000000000469e+00 1.215507197380065918e+01 3.300000000000000000e+01 0.000000000000000000e+00
6.681000000000000938e+00 1.215507197380065918e+01 3.400000000000000000e+01 0.000000000000000000e+00
6.908000000000000362e+00 1.215507197380065918e+01 3.500000000000000000e+01 0.000000000000000000e+00
6.894000000000001016e+00 1.215507197380065918e+01 3.600000000000000000e+01 0.000000000000000000e+00
7.103000000000000647e+00 1.215507197380065918e+01 3.700000000000000000e+01 0.000000000000000000e+00
0.000000000000000000e+00 1.215507197380065918e+01 3.800000000000000000e+01 1.000000000000000000e+00
7.218000000000000860e+00 1.215507197380065918e+01 3.900000000000000000e+01 0.000000000000000000e+00
7.132000000000000561e+00 1.215507197380065918e+01 4.000000000000000000e+01 6.000000000000000000e+00
7.304000000000000270e+00 1.215507197380065918e+01 4.100000000000000000e+01 0.000000000000000000e+00
7.426000000000000156e+00 1.215507197380065918e+01 4.200000000000000000e+01 0.000000000000000000e+00
7.524000000000000021e+00 1.215507197380065918e+01 4.300000000000000000e+01 0.000000000000000000e+00
7.604999999999999538e+00 1.215507197380065918e+01 4.400000000000000000e+01 0.000000000000000000e+00
7.644999999999999574e+00 1.215507197380065918e+01 4.500000000000000000e+01 0.000000000000000000e+00
7.667999999999999261e+00 1.215507197380065918e+01 4.600000000000000000e+01 0.000000000000000000e+00
7.641999999999999460e+00 1.215507197380065918e+01 4.700000000000000000e+01 0.000000000000000000e+00
7.627999999999999226e+00 1.215507197380065918e+01 4.800000000000000000e+01 0.000000000000000000e+00
7.875999999999999446e+00 1.215507197380065918e+01 4.900000000000000000e+01 0.000000000000000000e+00
8.147000000000000242e+00 1.215507197380065918e+01 5.000000000000000000e+01 0.000000000000000000e+00
7.935999999999999943e+00 1.215507197380065918e+01 5.100000000000000000e+01 0.000000000000000000e+00
8.381999999999997897e+00 1.215507197380065918e+01 5.200000000000000000e+01 0.000000000000000000e+00
8.538999999999996149e+00 1.215507197380065918e+01 5.300000000000000000e+01 0.000000000000000000e+00
8.593999999999995865e+00 1.215507197380065918e+01 5.400000000000000000e+01 0.000000000000000000e+00
8.720999999999992980e+00 1.215507197380065918e+01 5.500000000000000000e+01 0.000000000000000000e+00
8.799999999999995381e+00 1.215507197380065918e+01 5.600000000000000000e+01 0.000000000000000000e+00
9.017999999999995353e+00 1.215507197380065918e+01 5.700000000000000000e+01 0.000000000000000000e+00
9.091999999999995197e+00 1.215507197380065918e+01 5.800000000000000000e+01 0.000000000000000000e+00
9.597999999999997200e+00 1.215507197380065918e+01 5.900000000000000000e+01 0.000000000000000000e+00
9.593999999999997641e+00 1.215507197380065918e+01 6.000000000000000000e+01 0.000000000000000000e+00
9.644000000000001904e+00 1.215507197380065918e+01 6.100000000000000000e+01 0.000000000000000000e+00
1.001600000000000890e+01 1.215507197380065918e+01 6.200000000000000000e+01 0.000000000000000000e+00
1.002800000000001468e+01 1.215507197380065918e+01 6.300000000000000000e+01 0.000000000000000000e+00
1.032300000000002349e+01 1.215507197380065918e+01 6.400000000000000000e+01 0.000000000000000000e+00
1.040100000000003178e+01 1.215507197380065918e+01 6.500000000000000000e+01 0.000000000000000000e+00
1.064700000000003222e+01 1.215507197380065918e+01 6.600000000000000000e+01 0.000000000000000000e+00
1.080200000000004756e+01 1.215507197380065918e+01 6.700000000000000000e+01 0.000000000000000000e+00
1.119500000000005890e+01 1.215507197380065918e+01 6.800000000000000000e+01 0.000000000000000000e+00
1.108700000000006902e+01 1.215507197380065918e+01 6.900000000000000000e+01 0.000000000000000000e+00
1.151800000000007174e+01 1.215507197380065918e+01 7.000000000000000000e+01 0.000000000000000000e+00
1.194600000000009032e+01 1.215507197380065918e+01 7.100000000000000000e+01 0.000000000000000000e+00
0.000000000000000000e+00 1.215507197380065918e+01 0.000000000000000000e+00 0.000000000000000000e+00
1.215507197380065918e+01 1.215507197380065918e+01 0.000000000000000000e+00 0.000000000000000000e+00
1.215507197380065918e+01 1.215507197380065918e+01 0.000000000000000000e+00 0.000000000000000000e+00
1.542999999999999927e+00 1.186251139640808105e+01 0.000000000000000000e+00 0.000000000000000000e+00
2.109999999999999876e+00 1.186251139640808105e+01 1.000000000000000000e+00 0.000000000000000000e+00
2.298999999999999932e+00 1.186251139640808105e+01 2.000000000000000000e+00 0.000000000000000000e+00
2.679999999999999716e+00 1.186251139640808105e+01 3.000000000000000000e+00 0.000000000000000000e+00
0.000000000000000000e+00 1.186251139640808105e+01 4.000000000000000000e+00 1.000000000000000000e+00
3.380999999999999783e+00 1.186251139640808105e+01 5.000000000000000000e+00 0.000000000000000000e+00
3.380999999999999783e+00 1.186251139640808105e+01 6.000000000000000000e+00 2.000000000000000000e+00
3.383999999999999453e+00 1.186251139640808105e+01 7.000000000000000000e+00 0.000000000000000000e+00
3.716999999999999638e+00 1.186251139640808105e+01 8.000000000000000000e+00 0.000000000000000000e+00
3.872999999999999776e+00 1.186251139640808105e+01 9.000000000000000000e+00 1.000000000000000000e+00
0.000000000000000000e+00 1.186251139640808105e+01 1.000000000000000000e+01 0.000000000000000000e+00
4.029999999999999361e+00 1.186251139640808105e+01 1.100000000000000000e+01 2.000000000000000000e+00
4.186999999999999389e+00 1.186251139640808105e+01 1.200000000000000000e+01 0.000000000000000000e+00
4.759999999999998899e+00 1.186251139640808105e+01 1.300000000000000000e+01 1.000000000000000000e+00
4.759999999999998899e+00 1.186251139640808105e+01 1.400000000000000000e+01 0.000000000000000000e+00
4.849999999999998757e+00 1.186251139640808105e+01 1.500000000000000000e+01 0.000000000000000000e+00
5.027999999999998693e+00 1.186251139640808105e+01 1.600000000000000000e+01 0.000000000000000000e+00
5.156999999999998252e+00 1.186251139640808105e+01 1.700000000000000000e+01 0.000000000000000000e+00
5.278999999999998138e+00 1.186251139640808105e+01 1.800000000000000000e+01 0.000000000000000000e+00
5.397999999999997911e+00 1.186251139640808105e+01 1.900000000000000000e+01 0.000000000000000000e+00
5.397999999999997911e+00 1.186251139640808105e+01 2.000000000000000000e+01 0.000000000000000000e+00
5.512999999999998124e+00 1.186251139640808105e+01 2.100000000000000000e+01 0.000000000000000000e+00
5.620999999999997776e+00 1.186251139640808105e+01 2.200000000000000000e+01 0.000000000000000000e+00
5.828999999999997073e+00 1.186251139640808105e+01 2.300000000000000000e+01 0.000000000000000000e+00
6.044999999999997264e+00 1.186251139640808105e+01 2.400000000000000000e+01 2.000000000000000000e+00
0.000000000000000000e+00 1.186251139640808105e+01 2.500000000000000000e+01 2.000000000000000000e+00
5.995999999999998664e+00 1.186251139640808105e+01 2.600000000000000000e+01 3.000000000000000000e+00
6.138999999999997570e+00 1.186251139640808105e+01 2.700000000000000000e+01 0.000000000000000000e+00
6.187999999999997058e+00 1.186251139640808105e+01 2.800000000000000000e+01 0.000000000000000000e+00
6.434999999999996945e+00 1.186251139640808105e+01 2.900000000000000000e+01 0.000000000000000000e+00
6.435999999999998167e+00 1.186251139640808105e+01 3.000000000000000000e+01 0.000000000000000000e+00
6.670999999999996710e+00 1.186251139640808105e+01 3.100000000000000000e+01 0.000000000000000000e+00
0.000000000000000000e+00 1.186251139640808105e+01 3.200000000000000000e+01 0.000000000000000000e+00
6.679999999999997051e+00 1.186251139640808105e+01 3.300000000000000000e+01 0.000000000000000000e+00
6.679999999999997939e+00 1.186251139640808105e+01 3.400000000000000000e+01 0.000000000000000000e+00
0.000000000000000000e+00 1.186251139640808105e+01 3.500000000000000000e+01 0.000000000000000000e+00
6.975999999999996426e+00 1.186251139640808105e+01 3.600000000000000000e+01 0.000000000000000000e+00
0.000000000000000000e+00 1.186251139640808105e+01 3.700000000000000000e+01 0.000000000000000000e+00
7.257999999999995566e+00 1.186251139640808105e+01 3.800000000000000000e+01 0.000000000000000000e+00
7.173999999999995936e+00 1.186251139640808105e+01 3.900000000000000000e+01 0.000000000000000000e+00
7.311999999999995836e+00 1.186251139640808105e+01 4.000000000000000000e+01 0.000000000000000000e+00
7.385999999999996568e+00 1.186251139640808105e+01 4.100000000000000000e+01 0.000000000000000000e+00
7.559999999999996056e+00 1.186251139640808105e+01 4.200000000000000000e+01 0.000000000000000000e+00
7.663999999999996149e+00 1.186251139640808105e+01 4.300000000000000000e+01 0.000000000000000000e+00
7.574999999999996625e+00 1.186251139640808105e+01 4.400000000000000000e+01 0.000000000000000000e+00
8.029999999999995808e+00 1.186251139640808105e+01 4.500000000000000000e+01 0.000000000000000000e+00
8.142999999999995353e+00 1.186251139640808105e+01 4.600000000000000000e+01 0.000000000000000000e+00
8.114999999999998437e+00 1.186251139640808105e+01 4.700000000000000000e+01 0.000000000000000000e+00
8.543999999999996930e+00 1.186251139640808105e+01 4.800000000000000000e+01 0.000000000000000000e+00
8.700999999999996959e+00 1.186251139640808105e+01 4.900000000000000000e+01 0.000000000000000000e+00
8.823999999999996291e+00 1.186251139640808105e+01 5.000000000000000000e+01 0.000000000000000000e+00
8.911999999999995481e+00 1.186251139640808105e+01 5.100000000000000000e+01 0.000000000000000000e+00
9.093999999999994088e+00 1.186251139640808105e+01 5.200000000000000000e+01 0.000000000000000000e+00
0.000000000000000000e+00 1.186251139640808105e+01 5.300000000000000000e+01 0.000000000000000000e+00
9.017999999999995353e+00 1.186251139640808105e+01 5.400000000000000000e+01 0.000000000000000000e+00
8.990999999999994330e+00 1.186251139640808105e+01 5.500000000000000000e+01 0.000000000000000000e+00
9.359999999999995879e+00 1.186251139640808105e+01 5.600000000000000000e+01 0.000000000000000000e+00
9.618999999999997996e+00 1.186251139640808105e+01 5.700000000000000000e+01 0.000000000000000000e+00
0.000000000000000000e+00 1.186251139640808105e+01 5.800000000000000000e+01 0.000000000000000000e+00
9.797999999999998266e+00 1.186251139640808105e+01 5.900000000000000000e+01 0.000000000000000000e+00
9.816999999999998394e+00 1.186251139640808105e+01 6.000000000000000000e+01 0.000000000000000000e+00
9.836999999999997968e+00 1.186251139640808105e+01 6.100000000000000000e+01 0.000000000000000000e+00
1.008500000000000263e+01 1.186251139640808105e+01 6.200000000000000000e+01 0.000000000000000000e+00
1.026500000000000945e+01 1.186251139640808105e+01 6.300000000000000000e+01 5.000000000000000000e+00
1.000600000000001266e+01 1.186251139640808105e+01 6.400000000000000000e+01 2.000000000000000000e+00
1.045700000000002206e+01 1.186251139640808105e+01 6.500000000000000000e+01 0.000000000000000000e+00
1.112000000000004185e+01 1.186251139640808105e+01 6.600000000000000000e+01 3.000000000000000000e+00
0.000000000000000000e+00 1.186251139640808105e+01 6.700000000000000000e+01 2.000000000000000000e+00
1.127600000000005309e+01 1.186251139640808105e+01 6.800000000000000000e+01 1.000000000000000000e+00
1.124700000000005495e+01 1.186251139640808105e+01 6.900000000000000000e+01 0.000000000000000000e+00
1.123200000000006327e+01 1.186251139640808105e+01 7.000000000000000000e+01 0.000000000000000000e+00
1.187100000000006794e+01 1.186251139640808105e+01 7.100000000000000000e+01 0.000000000000000000e+00
0.000000000000000000e+00 1.186251139640808105e+01 0.000000000000000000e+00 0.000000000000000000e+00
1.186251139640808105e+01 1.186251139640808105e+01 0.000000000000000000e+00 0.000000000000000000e+00
1.186251139640808105e+01 1.186251139640808105e+01 0.000000000000000000e+00 0.000000000000000000e+00
1.443000000000000060e+00 1.178301000595092773e+01 0.000000000000000000e+00 0.000000000000000000e+00
1.443000000000000060e+00 1.178301000595092773e+01 1.000000000000000000e+00 0.000000000000000000e+00
2.068000000000000060e+00 1.178301000595092773e+01 2.000000000000000000e+00 0.000000000000000000e+00
2.068000000000000060e+00 1.178301000595092773e+01 3.000000000000000000e+00 0.000000000000000000e+00
2.853000000000000203e+00 1.178301000595092773e+01 4.000000000000000000e+00 2.000000000000000000e+00
0.000000000000000000e+00 1.178301000595092773e+01 5.000000000000000000e+00 0.000000000000000000e+00
3.050000000000000266e+00 1.178301000595092773e+01 6.000000000000000000e+00 0.000000000000000000e+00
3.412000000000000366e+00 1.178301000595092773e+01 7.000000000000000000e+00 0.000000000000000000e+00
0.000000000000000000e+00 1.178301000595092773e+01 8.000000000000000000e+00 0.000000000000000000e+00
3.772000000000000686e+00 1.178301000595092773e+01 9.000000000000000000e+00 0.000000000000000000e+00
3.554000000000000714e+00 1.178301000595092773e+01 1.000000000000000000e+01 0.000000000000000000e+00
4.118000000000000327e+00 1.178301000595092773e+01 1.100000000000000000e+01 0.000000000000000000e+00
4.118000000000000327e+00 1.178301000595092773e+01 1.200000000000000000e+01 0.000000000000000000e+00
4.439000000000000057e+00 1.178301000595092773e+01 1.300000000000000000e+01 2.000000000000000000e+00
0.000000000000000000e+00 1.178301000595092773e+01 1.400000000000000000e+01 0.000000000000000000e+00
4.589000000000000412e+00 1.178301000595092773e+01 1.500000000000000000e+01 0.000000000000000000e+00
4.589000000000000412e+00 1.178301000595092773e+01 1.600000000000000000e+01 0.000000000000000000e+00
4.733999999999999986e+00 1.178301000595092773e+01 1.700000000000000000e+01 0.000000000000000000e+00
4.865999999999999659e+00 1.178301000595092773e+01 1.800000000000000000e+01 0.000000000000000000e+00
5.003999999999999559e+00 1.178301000595092773e+01 1.900000000000000000e+01 0.000000000000000000e+00
5.258999999999999453e+00 1.178301000595092773e+01 2.000000000000000000e+01 0.000000000000000000e+00
5.276000000000000689e+00 1.178301000595092773e+01 2.100000000000000000e+01 2.000000000000000000e+00
5.451000000000000512e+00 1.178301000595092773e+01 2.200000000000000000e+01 0.000000000000000000e+00
5.769000000000000128e+00 1.178301000595092773e+01 2.300000000000000000e+01 0.000000000000000000e+00
5.769000000000000128e+00 1.178301000595092773e+01 2.400000000000000000e+01 1.000000000000000000e+00
5.769000000000000128e+00 1.178301000595092773e+01 2.500000000000000000e+01 2.000000000000000000e+00
5.987000000000000099e+00 1.178301000595092773e+01 2.600000000000000000e+01 1.000000000000000000e+00
5.987000000000000099e+00 1.178301000595092773e+01 2.700000000000000000e+01 0.000000000000000000e+00
6.197000000000000064e+00 1.178301000595092773e+01 2.800000000000000000e+01 0.000000000000000000e+00
6.383999999999999453e+00 1.178301000595092773e+01 2.900000000000000000e+01 0.000000000000000000e+00
6.475999999999999091e+00 1.178301000595092773e+01 3.000000000000000000e+01 2.000000000000000000e+00
6.438999999999999169e+00 1.178301000595092773e+01 3.100000000000000000e+01 0.000000000000000000e+00
6.645999999999999019e+00 1.178301000595092773e+01 3.200000000000000000e+01 0.000000000000000000e+00
6.664999999999999147e+00 1.178301000595092773e+01 3.300000000000000000e+01 1.000000000000000000e+00
0.000000000000000000e+00 1.178301000595092773e+01 3.400000000000000000e+01 1.000000000000000000e+00
7.103999999999998316e+00 1.178301000595092773e+01 3.500000000000000000e+01 0.000000000000000000e+00
7.321999999999997399e+00 1.178301000595092773e+01 3.600000000000000000e+01 0.000000000000000000e+00
7.309999999999999609e+00 1.178301000595092773e+01 3.700000000000000000e+01 0.000000000000000000e+00
7.727999999999998870e+00 1.178301000595092773e+01 3.800000000000000000e+01 0.000000000000000000e+00
7.876999999999998892e+00 1.178301000595092773e+01 3.900000000000000000e+01 0.000000000000000000e+00
8.083999999999997854e+00 1.178301000595092773e+01 4.000000000000000000e+01 0.000000000000000000e+00
8.366999999999997328e+00 1.178301000595092773e+01 4.100000000000000000e+01 0.000000000000000000e+00
8.723000000000000753e+00 1.178301000595092773e+01 4.200000000000000000e+01 1.000000000000000000e+00
8.580000000000000071e+00 1.178301000595092773e+01 4.300000000000000000e+01 0.000000000000000000e+00
8.967000000000002302e+00 1.178301000595092773e+01 4.400000000000000000e+01 0.000000000000000000e+00
8.917000000000001592e+00 1.178301000595092773e+01 4.500000000000000000e+01 0.000000000000000000e+00
9.144000000000000128e+00 1.178301000595092773e+01 4.600000000000000000e+01 0.000000000000000000e+00
9.124000000000000554e+00 1.178301000595092773e+01 4.700000000000000000e+01 0.000000000000000000e+00
9.189999999999999503e+00 1.178301000595092773e+01 4.800000000000000000e+01 0.000000000000000000e+00
9.518000000000000682e+00 1.178301000595092773e+01 4.900000000000000000e+01 0.000000000000000000e+00
9.400999999999999801e+00 1.178301000595092773e+01 5.000000000000000000e+01 0.000000000000000000e+00
9.615000000000000213e+00 1.178301000595092773e+01 5.100000000000000000e+01 0.000000000000000000e+00
9.725999999999999091e+00 1.178301000595092773e+01 5.200000000000000000e+01 0.000000000000000000e+00
9.963999999999998636e+00 1.178301000595092773e+01 5.300000000000000000e+01 1.000000000000000000e+00
0.000000000000000000e+00 1.178301000595092773e+01 5.400000000000000000e+01 0.000000000000000000e+00
0.000000000000000000e+00 1.178301000595092773e+01 5.500000000000000000e+01 0.000000000000000000e+00
9.847999999999998977e+00 1.178301000595092773e+01 5.600000000000000000e+01 0.000000000000000000e+00
1.007600000000000051e+01 1.178301000595092773e+01 5.700000000000000000e+01 0.000000000000000000e+00
0.000000000000000000e+00 1.178301000595092773e+01 5.800000000000000000e+01 0.000000000000000000e+00
1.022300000000000431e+01 1.178301000595092773e+01 5.900000000000000000e+01 0.000000000000000000e+00
1.035600000000000342e+01 1.178301000595092773e+01 6.000000000000000000e+01 0.000000000000000000e+00
1.050200000000000244e+01 1.178301000595092773e+01 6.100000000000000000e+01 0.000000000000000000e+00
1.038800000000000345e+01 1.178301000595092773e+01 6.200000000000000000e+01 0.000000000000000000e+00
1.066100000000000847e+01 1.178301000595092773e+01 6.300000000000000000e+01 0.000000000000000000e+00
1.080100000000000904e+01 1.178301000595092773e+01 6.400000000000000000e+01 0.000000000000000000e+00
1.103200000000001246e+01 1.178301000595092773e+01 6.500000000000000000e+01 0.000000000000000000e+00
1.098800000000001909e+01 1.178301000595092773e+01 6.600000000000000000e+01 0.000000000000000000e+00
1.129200000000002113e+01 1.178301000595092773e+01 6.700000000000000000e+01 0.000000000000000000e+00
1.135900000000002485e+01 1.178301000595092773e+01 6.800000000000000000e+01 0.000000000000000000e+00
1.131800000000002981e+01 1.178301000595092773e+01 6.900000000000000000e+01 0.000000000000000000e+00
1.133100000000003327e+01 1.178301000595092773e+01 7.000000000000000000e+01 0.000000000000000000e+00
1.180300000000003990e+01 1.178301000595092773e+01 7.100000000000000000e+01 0.000000000000000000e+00
0.000000000000000000e+00 1.178301000595092773e+01 0.000000000000000000e+00 0.000000000000000000e+00
1.178301000595092773e+01 1.178301000595092773e+01 0.000000000000000000e+00 0.000000000000000000e+00
1.178301000595092773e+01 1.178301000595092773e+01 0.000000000000000000e+00 0.000000000000000000e+00
1.731999999999999984e+00 1.212079453468322754e+01 0.000000000000000000e+00 0.000000000000000000e+00
2.121999999999999886e+00 1.212079453468322754e+01 1.000000000000000000e+00 0.000000000000000000e+00
2.316999999999999726e+00 1.212079453468322754e+01 2.000000000000000000e+00 0.000000000000000000e+00
2.492999999999999883e+00 1.212079453468322754e+01 3.000000000000000000e+00 0.000000000000000000e+00
3.409999999999999254e+00 1.212079453468322754e+01 4.000000000000000000e+00 0.000000000000000000e+00
3.590999999999999304e+00 1.212079453468322754e+01 5.000000000000000000e+00 1.000000000000000000e+00
3.778999999999999471e+00 1.212079453468322754e+01 6.000000000000000000e+00 2.000000000000000000e+00
3.785999999999999588e+00 1.212079453468322754e+01 7.000000000000000000e+00 0.000000000000000000e+00
4.134999999999999787e+00 1.212079453468322754e+01 8.000000000000000000e+00 0.000000000000000000e+00
4.134999999999999787e+00 1.212079453468322754e+01 9.000000000000000000e+00 0.000000000000000000e+00
4.621999999999998998e+00 1.212079453468322754e+01 1.000000000000000000e+01 0.000000000000000000e+00
4.769999999999998685e+00 1.212079453468322754e+01 1.100000000000000000e+01 0.000000000000000000e+00
4.769999999999998685e+00 1.212079453468322754e+01 1.200000000000000000e+01 0.000000000000000000e+00
4.922999999999998266e+00 1.212079453468322754e+01 1.300000000000000000e+01 0.000000000000000000e+00
4.909999999999998366e+00 1.212079453468322754e+01 1.400000000000000000e+01 0.000000000000000000e+00
5.331999999999998074e+00 1.212079453468322754e+01 1.500000000000000000e+01 2.000000000000000000e+00
5.460999999999998522e+00 1.212079453468322754e+01 1.600000000000000000e+01 2.000000000000000000e+00
0.000000000000000000e+00 1.212079453468322754e+01 1.700000000000000000e+01 0.000000000000000000e+00
5.586999999999998856e+00 1.212079453468322754e+01 1.800000000000000000e+01 0.000000000000000000e+00
5.586999999999998856e+00 1.212079453468322754e+01 1.900000000000000000e+01 0.000000000000000000e+00
5.839999999999998970e+00 1.212079453468322754e+01 2.000000000000000000e+01 0.000000000000000000e+00
5.839999999999998970e+00 1.212079453468322754e+01 2.100000000000000000e+01 0.000000000000000000e+00
5.990999999999997883e+00 1.212079453468322754e+01 2.200000000000000000e+01 0.000000000000000000e+00
6.178999999999998494e+00 1.212079453468322754e+01 2.300000000000000000e+01 0.000000000000000000e+00
6.385999999999998344e+00 1.212079453468322754e+01 2.400000000000000000e+01 0.000000000000000000e+00
6.482999999999998764e+00 1.212079453468322754e+01 2.500000000000000000e+01 0.000000000000000000e+00
6.281999999999998252e+00 1.212079453468322754e+01 2.600000000000000000e+01 0.000000000000000000e+00
6.667999999999999261e+00 1.212079453468322754e+01 2.700000000000000000e+01 0.000000000000000000e+00
6.668999999999999595e+00 1.212079453468322754e+01 2.800000000000000000e+01 0.000000000000000000e+00
6.578999999999998849e+00 1.212079453468322754e+01 2.900000000000000000e+01 0.000000000000000000e+00
6.923999999999999488e+00 1.212079453468322754e+01 3.000000000000000000e+01 0.000000000000000000e+00
6.991999999999999105e+00 1.212079453468322754e+01 3.100000000000000000e+01 0.000000000000000000e+00
7.080999999999999517e+00 1.212079453468322754e+01 3.200000000000000000e+01 0.000000000000000000e+00
7.300999999999999268e+00 1.212079453468322754e+01 3.300000000000000000e+01 0.000000000000000000e+00
7.438999999999999169e+00 1.212079453468322754e+01 3.400000000000000000e+01 0.000000000000000000e+00
7.573999999999998956e+00 1.212079453468322754e+01 3.500000000000000000e+01 0.000000000000000000e+00
7.834999999999999076e+00 1.212079453468322754e+01 3.600000000000000000e+01 3.000000000000000000e+00
7.908999999999998920e+00 1.212079453468322754e+01 3.700000000000000000e+01 0.000000000000000000e+00
8.031999999999998252e+00 1.212079453468322754e+01 3.800000000000000000e+01 0.000000000000000000e+00
8.031999999999998252e+00 1.212079453468322754e+01 3.900000000000000000e+01 0.000000000000000000e+00
8.200999999999996959e+00 1.212079453468322754e+01 4.000000000000000000e+01 3.000000000000000000e+00
8.074999999999999289e+00 1.212079453468322754e+01 4.100000000000000000e+01 0.000000000000000000e+00
8.342999999999998195e+00 1.212079453468322754e+01 4.200000000000000000e+01 0.000000000000000000e+00
8.163000000000000256e+00 1.212079453468322754e+01 4.300000000000000000e+01 0.000000000000000000e+00
8.298000000000000043e+00 1.212079453468322754e+01 4.400000000000000000e+01 0.000000000000000000e+00
8.579999999999996518e+00 1.212079453468322754e+01 4.500000000000000000e+01 0.000000000000000000e+00
0.000000000000000000e+00 1.212079453468322754e+01 4.600000000000000000e+01 0.000000000000000000e+00
8.672999999999996490e+00 1.212079453468322754e+01 4.700000000000000000e+01 0.000000000000000000e+00
8.525999999999998025e+00 1.212079453468322754e+01 4.800000000000000000e+01 0.000000000000000000e+00
0.000000000000000000e+00 1.212079453468322754e+01 4.900000000000000000e+01 0.000000000000000000e+00
8.965999999999997527e+00 1.212079453468322754e+01 5.000000000000000000e+01 0.000000000000000000e+00
9.052999999999997272e+00 1.212079453468322754e+01 5.100000000000000000e+01 0.000000000000000000e+00
8.969999999999997087e+00 1.212079453468322754e+01 5.200000000000000000e+01 0.000000000000000000e+00
9.238999999999995438e+00 1.212079453468322754e+01 5.300000000000000000e+01 0.000000000000000000e+00
9.271999999999994913e+00 1.212079453468322754e+01 5.400000000000000000e+01 0.000000000000000000e+00
0.000000000000000000e+00 1.212079453468322754e+01 5.500000000000000000e+01 0.000000000000000000e+00
9.606999999999995765e+00 1.212079453468322754e+01 5.600000000000000000e+01 0.000000000000000000e+00
9.769000000000001904e+00 1.212079453468322754e+01 5.700000000000000000e+01 0.000000000000000000e+00
1.009999999999999964e+01 1.212079453468322754e+01 5.800000000000000000e+01 0.000000000000000000e+00
1.003300000000000125e+01 1.212079453468322754e+01 5.900000000000000000e+01 0.000000000000000000e+00
1.028600000000000669e+01 1.212079453468322754e+01 6.000000000000000000e+01 0.000000000000000000e+00
1.065200000000000635e+01 1.212079453468322754e+01 6.100000000000000000e+01 0.000000000000000000e+00
1.102500000000001457e+01 1.212079453468322754e+01 6.200000000000000000e+01 0.000000000000000000e+00
1.095100000000001828e+01 1.212079453468322754e+01 6.300000000000000000e+01 0.000000000000000000e+00
1.105900000000002592e+01 1.212079453468322754e+01 6.400000000000000000e+01 0.000000000000000000e+00
1.143700000000003136e+01 1.212079453468322754e+01 6.500000000000000000e+01 0.000000000000000000e+00
1.160200000000003762e+01 1.212079453468322754e+01 6.600000000000000000e+01 0.000000000000000000e+00
1.159600000000004094e+01 1.212079453468322754e+01 6.700000000000000000e+01 0.000000000000000000e+00
1.168400000000004901e+01 1.212079453468322754e+01 6.800000000000000000e+01 0.000000000000000000e+00
1.178500000000004988e+01 1.212079453468322754e+01 6.900000000000000000e+01 0.000000000000000000e+00
1.207900000000005569e+01 1.212079453468322754e+01 7.000000000000000000e+01 0.000000000000000000e+00
0.000000000000000000e+00 1.212079453468322754e+01 7.100000000000000000e+01 0.000000000000000000e+00
0.000000000000000000e+00 1.212079453468322754e+01 0.000000000000000000e+00 0.000000000000000000e+00
1.212079453468322754e+01 1.212079453468322754e+01 0.000000000000000000e+00 0.000000000000000000e+00
1.212079453468322754e+01 1.212079453468322754e+01 0.000000000000000000e+00 0.000000000000000000e+00
2.339999999999999858e+00 1.256465411186218262e+01 0.000000000000000000e+00 0.000000000000000000e+00
2.726999999999999869e+00 1.256465411186218262e+01 1.000000000000000000e+00 0.000000000000000000e+00
2.920999999999999819e+00 1.256465411186218262e+01 2.000000000000000000e+00 0.000000000000000000e+00
3.655999999999999694e+00 1.256465411186218262e+01 3.000000000000000000e+00 0.000000000000000000e+00
4.028999999999999915e+00 1.256465411186218262e+01 4.000000000000000000e+00 1.000000000000000000e+00
0.000000000000000000e+00 1.256465411186218262e+01 5.000000000000000000e+00 0.000000000000000000e+00
4.028999999999999915e+00 1.256465411186218262e+01 6.000000000000000000e+00 0.000000000000000000e+00
4.201999999999999957e+00 1.256465411186218262e+01 7.000000000000000000e+00 2.000000000000000000e+00
4.378000000000000114e+00 1.256465411186218262e+01 8.000000000000000000e+00 1.000000000000000000e+00
4.378000000000000114e+00 1.256465411186218262e+01 9.000000000000000000e+00 0.000000000000000000e+00
4.689000000000000057e+00 1.256465411186218262e+01 1.000000000000000000e+01 2.000000000000000000e+00
4.990999999999999659e+00 1.256465411186218262e+01 1.100000000000000000e+01 0.000000000000000000e+00
4.990999999999999659e+00 1.256465411186218262e+01 1.200000000000000000e+01 0.000000000000000000e+00
0.000000000000000000e+00 1.256465411186218262e+01 1.300000000000000000e+01 3.000000000000000000e+00
5.086999999999998856e+00 1.256465411186218262e+01 1.400000000000000000e+01 0.000000000000000000e+00
5.091999999999998749e+00 1.256465411186218262e+01 1.500000000000000000e+01 0.000000000000000000e+00
5.543999999999998707e+00 1.256465411186218262e+01 1.600000000000000000e+01 0.000000000000000000e+00
5.798999999999998600e+00 1.256465411186218262e+01 1.700000000000000000e+01 0.000000000000000000e+00
6.056999999999998607e+00 1.256465411186218262e+01 1.800000000000000000e+01 0.000000000000000000e+00
5.814999999999997726e+00 1.256465411186218262e+01 1.900000000000000000e+01 1.000000000000000000e+00
6.030999999999998806e+00 1.256465411186218262e+01 2.000000000000000000e+01 0.000000000000000000e+00
6.420999999999998487e+00 1.256465411186218262e+01 2.100000000000000000e+01 3.000000000000000000e+00
6.528999999999998138e+00 1.256465411186218262e+01 2.200000000000000000e+01 0.000000000000000000e+00
0.000000000000000000e+00 1.256465411186218262e+01 2.300000000000000000e+01 0.000000000000000000e+00
6.260999999999998344e+00 1.256465411186218262e+01 2.400000000000000000e+01 0.000000000000000000e+00
6.631999999999997897e+00 1.256465411186218262e+01 2.500000000000000000e+01 0.000000000000000000e+00
6.724999999999997868e+00 1.256465411186218262e+01 2.600000000000000000e+01 3.000000000000000000e+00
6.357999999999997875e+00 1.256465411186218262e+01 2.700000000000000000e+01 0.000000000000000000e+00
0.000000000000000000e+00 1.256465411186218262e+01 2.800000000000000000e+01 0.000000000000000000e+00
6.901999999999997470e+00 1.256465411186218262e+01 2.900000000000000000e+01 2.000000000000000000e+00
7.142999999999997129e+00 1.256465411186218262e+01 3.000000000000000000e+01 0.000000000000000000e+00
0.000000000000000000e+00 1.256465411186218262e+01 3.100000000000000000e+01 2.000000000000000000e+00
7.140999999999997350e+00 1.256465411186218262e+01 3.200000000000000000e+01 4.000000000000000000e+00
7.169999999999997264e+00 1.256465411186218262e+01 3.300000000000000000e+01 0.000000000000000000e+00
7.505999999999996675e+00 1.256465411186218262e+01 3.400000000000000000e+01 0.000000000000000000e+00
0.000000000000000000e+00 1.256465411186218262e+01 3.500000000000000000e+01 0.000000000000000000e+00
7.702999999999996739e+00 1.256465411186218262e+01 3.600000000000000000e+01 0.000000000000000000e+00
7.947999999999995957e+00 1.256465411186218262e+01 3.700000000000000000e+01 0.000000000000000000e+00
8.065999999999995396e+00 1.256465411186218262e+01 3.800000000000000000e+01 0.000000000000000000e+00
8.396999999999994913e+00 1.256465411186218262e+01 3.900000000000000000e+01 0.000000000000000000e+00
8.560999999999994614e+00 1.256465411186218262e+01 4.000000000000000000e+01 0.000000000000000000e+00
8.865999999999994330e+00 1.256465411186218262e+01 4.100000000000000000e+01 0.000000000000000000e+00
8.995999999999995111e+00 1.256465411186218262e+01 4.200000000000000000e+01 0.000000000000000000e+00
9.500999999999992340e+00 1.256465411186218262e+01 4.300000000000000000e+01 0.000000000000000000e+00
9.667999999999992156e+00 1.256465411186218262e+01 4.400000000000000000e+01 0.000000000000000000e+00
9.833999999999992525e+00 1.256465411186218262e+01 4.500000000000000000e+01 0.000000000000000000e+00
9.868999999999994444e+00 1.256465411186218262e+01 4.600000000000000000e+01 0.000000000000000000e+00
9.888999999999995794e+00 1.256465411186218262e+01 4.700000000000000000e+01 0.000000000000000000e+00
1.002999999999999581e+01 1.256465411186218262e+01 4.800000000000000000e+01 0.000000000000000000e+00
1.022499999999999787e+01 1.256465411186218262e+01 4.900000000000000000e+01 0.000000000000000000e+00
1.044699999999999562e+01 1.256465411186218262e+01 5.000000000000000000e+01 0.000000000000000000e+00
1.058299999999999486e+01 1.256465411186218262e+01 5.100000000000000000e+01 0.000000000000000000e+00
1.071199999999999442e+01 1.256465411186218262e+01 5.200000000000000000e+01 0.000000000000000000e+00
1.055899999999999572e+01 1.256465411186218262e+01 5.300000000000000000e+01 0.000000000000000000e+00
1.065599999999999703e+01 1.256465411186218262e+01 5.400000000000000000e+01 0.000000000000000000e+00
1.092199999999999527e+01 1.256465411186218262e+01 5.500000000000000000e+01 0.000000000000000000e+00
0.000000000000000000e+00 1.256465411186218262e+01 5.600000000000000000e+01 0.000000000000000000e+00
1.105399999999999672e+01 1.256465411186218262e+01 5.700000000000000000e+01 0.000000000000000000e+00
1.118299999999999450e+01 1.256465411186218262e+01 5.800000000000000000e+01 0.000000000000000000e+00
1.139999999999999680e+01 1.256465411186218262e+01 5.900000000000000000e+01 0.000000000000000000e+00
1.149199999999999910e+01 1.256465411186218262e+01 6.000000000000000000e+01 0.000000000000000000e+00
1.156299999999999883e+01 1.256465411186218262e+01 6.100000000000000000e+01 0.000000000000000000e+00
1.146600000000000108e+01 1.256465411186218262e+01 6.200000000000000000e+01 0.000000000000000000e+00
1.174200000000000266e+01 1.256465411186218262e+01 6.300000000000000000e+01 0.000000000000000000e+00
1.187800000000000722e+01 1.256465411186218262e+01 6.400000000000000000e+01 0.000000000000000000e+00
1.188100000000000911e+01 1.256465411186218262e+01 6.500000000000000000e+01 0.000000000000000000e+00
1.207300000000001461e+01 1.256465411186218262e+01 6.600000000000000000e+01 0.000000000000000000e+00
1.204500000000001947e+01 1.256465411186218262e+01 6.700000000000000000e+01 0.000000000000000000e+00
1.223900000000002208e+01 1.256465411186218262e+01 6.800000000000000000e+01 0.000000000000000000e+00
1.216000000000002679e+01 1.256465411186218262e+01 6.900000000000000000e+01 0.000000000000000000e+00
1.252000000000003332e+01 1.256465411186218262e+01 7.000000000000000000e+01 0.000000000000000000e+00
1.242200000000003612e+01 1.256465411186218262e+01 7.100000000000000000e+01 0.000000000000000000e+00
0.000000000000000000e+00 1.256465411186218262e+01 0.000000000000000000e+00 0.000000000000000000e+00
1.256465411186218262e+01 1.256465411186218262e+01 0.000000000000000000e+00 0.000000000000000000e+00
1.256465411186218262e+01 1.256465411186218262e+01 0.000000000000000000e+00 0.000000000000000000e+00
1.727000000000000091e+00 1.178122496604919434e+01 0.000000000000000000e+00 0.000000000000000000e+00
2.532000000000000473e+00 1.178122496604919434e+01 1.000000000000000000e+00 0.000000000000000000e+00
3.285000000000000586e+00 1.178122496604919434e+01 2.000000000000000000e+00 0.000000000000000000e+00
3.652000000000000579e+00 1.178122496604919434e+01 3.000000000000000000e+00 2.000000000000000000e+00
0.000000000000000000e+00 1.178122496604919434e+01 4.000000000000000000e+00 2.000000000000000000e+00
3.652000000000000579e+00 1.178122496604919434e+01 5.000000000000000000e+00 1.000000000000000000e+00
3.861000000000000654e+00 1.178122496604919434e+01 6.000000000000000000e+00 0.000000000000000000e+00
4.046000000000000263e+00 1.178122496604919434e+01 7.000000000000000000e+00 2.000000000000000000e+00
4.203000000000000291e+00 1.178122496604919434e+01 8.000000000000000000e+00 1.000000000000000000e+00
4.379000000000000448e+00 1.178122496604919434e+01 9.000000000000000000e+00 1.000000000000000000e+00
0.000000000000000000e+00 1.178122496604919434e+01 1.000000000000000000e+01 0.000000000000000000e+00
4.379000000000000448e+00 1.178122496604919434e+01 1.100000000000000000e+01 1.000000000000000000e+00
4.492000000000000881e+00 1.178122496604919434e+01 1.200000000000000000e+01 0.000000000000000000e+00
4.814000000000000057e+00 1.178122496604919434e+01 1.300000000000000000e+01 2.000000000000000000e+00
4.814000000000000057e+00 1.178122496604919434e+01 1.400000000000000000e+01 3.000000000000000000e+00
0.000000000000000000e+00 1.178122496604919434e+01 1.500000000000000000e+01 0.000000000000000000e+00
4.963000000000000078e+00 1.178122496604919434e+01 1.600000000000000000e+01 2.000000000000000000e+00
4.963000000000000078e+00 1.178122496604919434e+01 1.700000000000000000e+01 0.000000000000000000e+00
5.213999999999999524e+00 1.178122496604919434e+01 1.800000000000000000e+01 0.000000000000000000e+00
5.213999999999999524e+00 1.178122496604919434e+01 1.900000000000000000e+01 0.000000000000000000e+00
5.452999999999999403e+00 1.178122496604919434e+01 2.000000000000000000e+01 0.000000000000000000e+00
0.000000000000000000e+00 1.178122496604919434e+01 2.100000000000000000e+01 1.000000000000000000e+00
5.574999999999999289e+00 1.178122496604919434e+01 2.200000000000000000e+01 0.000000000000000000e+00
5.911999999999999922e+00 1.178122496604919434e+01 2.300000000000000000e+01 3.000000000000000000e+00
5.793000000000000149e+00 1.178122496604919434e+01 2.400000000000000000e+01 0.000000000000000000e+00
5.967999999999999972e+00 1.178122496604919434e+01 2.500000000000000000e+01 2.000000000000000000e+00
6.213000000000000078e+00 1.178122496604919434e+01 2.600000000000000000e+01 0.000000000000000000e+00
6.304999999999999716e+00 1.178122496604919434e+01 2.700000000000000000e+01 3.000000000000000000e+00
6.304999999999999716e+00 1.178122496604919434e+01 2.800000000000000000e+01 4.000000000000000000e+00
6.331999999999999851e+00 1.178122496604919434e+01 2.900000000000000000e+01 0.000000000000000000e+00
6.562000000000000277e+00 1.178122496604919434e+01 3.000000000000000000e+01 0.000000000000000000e+00
6.793000000000000149e+00 1.178122496604919434e+01 3.100000000000000000e+01 2.000000000000000000e+00
0.000000000000000000e+00 1.178122496604919434e+01 3.200000000000000000e+01 0.000000000000000000e+00
6.692000000000000171e+00 1.178122496604919434e+01 3.300000000000000000e+01 0.000000000000000000e+00
6.565000000000001279e+00 1.178122496604919434e+01 3.400000000000000000e+01 1.000000000000000000e+00
7.069000000000000838e+00 1.178122496604919434e+01 3.500000000000000000e+01 4.000000000000000000e+00
7.132000000000000561e+00 1.178122496604919434e+01 3.600000000000000000e+01 0.000000000000000000e+00
7.262000000000000455e+00 1.178122496604919434e+01 3.700000000000000000e+01 0.000000000000000000e+00
7.260000000000000675e+00 1.178122496604919434e+01 3.800000000000000000e+01 0.000000000000000000e+00
7.509000000000000341e+00 1.178122496604919434e+01 3.900000000000000000e+01 0.000000000000000000e+00
0.000000000000000000e+00 1.178122496604919434e+01 4.000000000000000000e+01 0.000000000000000000e+00
7.180000000000000604e+00 1.178122496604919434e+01 4.100000000000000000e+01 0.000000000000000000e+00
7.596000000000000973e+00 1.178122496604919434e+01 4.200000000000000000e+01 0.000000000000000000e+00
7.761000000000001009e+00 1.178122496604919434e+01 4.300000000000000000e+01 0.000000000000000000e+00
7.997000000000000774e+00 1.178122496604919434e+01 4.400000000000000000e+01 0.000000000000000000e+00
8.126000000000001222e+00 1.178122496604919434e+01 4.500000000000000000e+01 0.000000000000000000e+00
8.329000000000000625e+00 1.178122496604919434e+01 4.600000000000000000e+01 0.000000000000000000e+00
8.379000000000001336e+00 1.178122496604919434e+01 4.700000000000000000e+01 0.000000000000000000e+00
8.497000000000003439e+00 1.178122496604919434e+01 4.800000000000000000e+01 0.000000000000000000e+00
0.000000000000000000e+00 1.178122496604919434e+01 4.900000000000000000e+01 0.000000000000000000e+00
8.671000000000004704e+00 1.178122496604919434e+01 5.000000000000000000e+01 0.000000000000000000e+00
8.818000000000003169e+00 1.178122496604919434e+01 5.100000000000000000e+01 0.000000000000000000e+00
9.207000000000002515e+00 1.178122496604919434e+01 5.200000000000000000e+01 0.000000000000000000e+00
9.089999999999998082e+00 1.178122496604919434e+01 5.300000000000000000e+01 0.000000000000000000e+00
9.569000000000002615e+00 1.178122496604919434e+01 5.400000000000000000e+01 0.000000000000000000e+00
9.739000000000002544e+00 1.178122496604919434e+01 5.500000000000000000e+01 0.000000000000000000e+00
9.851000000000006196e+00 1.178122496604919434e+01 5.600000000000000000e+01 0.000000000000000000e+00
1.008400000000000318e+01 1.178122496604919434e+01 5.700000000000000000e+01 0.000000000000000000e+00
0.000000000000000000e+00 1.178122496604919434e+01 5.800000000000000000e+01 0.000000000000000000e+00
1.019600000000000328e+01 1.178122496604919434e+01 5.900000000000000000e+01 0.000000000000000000e+00
1.023900000000000254e+01 1.178122496604919434e+01 6.000000000000000000e+01 0.000000000000000000e+00
1.033000000000000718e+01 1.178122496604919434e+01 6.100000000000000000e+01 0.000000000000000000e+00
0.000000000000000000e+00 1.178122496604919434e+01 6.200000000000000000e+01 0.000000000000000000e+00
1.054500000000001059e+01 1.178122496604919434e+01 6.300000000000000000e+01 0.000000000000000000e+00
1.056600000000001849e+01 1.178122496604919434e+01 6.400000000000000000e+01 0.000000000000000000e+00
0.000000000000000000e+00 1.178122496604919434e+01 6.500000000000000000e+01 0.000000000000000000e+00
1.082000000000002338e+01 1.178122496604919434e+01 6.600000000000000000e+01 0.000000000000000000e+00
1.101000000000002643e+01 1.178122496604919434e+01 6.700000000000000000e+01 0.000000000000000000e+00
1.109900000000003040e+01 1.178122496604919434e+01 6.800000000000000000e+01 0.000000000000000000e+00
1.133000000000004093e+01 1.178122496604919434e+01 6.900000000000000000e+01 0.000000000000000000e+00
1.135700000000004728e+01 1.178122496604919434e+01 7.000000000000000000e+01 0.000000000000000000e+00
1.171200000000005836e+01 1.178122496604919434e+01 7.100000000000000000e+01 0.000000000000000000e+00
0.000000000000000000e+00 1.178122496604919434e+01 0.000000000000000000e+00 0.000000000000000000e+00
1.178122496604919434e+01 1.178122496604919434e+01 0.000000000000000000e+00 0.000000000000000000e+00
1.178122496604919434e+01 1.178122496604919434e+01 0.000000000000000000e+00 0.000000000000000000e+00
1.967999999999999972e+00 1.211511969566345215e+01 0.000000000000000000e+00 0.000000000000000000e+00
2.564000000000000057e+00 1.211511969566345215e+01 1.000000000000000000e+00 0.000000000000000000e+00
2.757000000000000117e+00 1.211511969566345215e+01 2.000000000000000000e+00 0.000000000000000000e+00
2.953000000000000291e+00 1.211511969566345215e+01 3.000000000000000000e+00 0.000000000000000000e+00
3.189000000000000057e+00 1.211511969566345215e+01 4.000000000000000000e+00 0.000000000000000000e+00
3.423999999999999932e+00 1.211511969566345215e+01 5.000000000000000000e+00 0.000000000000000000e+00
3.423999999999999932e+00 1.211511969566345215e+01 6.000000000000000000e+00 0.000000000000000000e+00
3.859999999999999876e+00 1.211511969566345215e+01 7.000000000000000000e+00 0.000000000000000000e+00
0.000000000000000000e+00 1.211511969566345215e+01 8.000000000000000000e+00 0.000000000000000000e+00
4.225000000000000533e+00 1.211511969566345215e+01 9.000000000000000000e+00 0.000000000000000000e+00
4.556000000000000938e+00 1.211511969566345215e+01 1.000000000000000000e+01 1.000000000000000000e+00
0.000000000000000000e+00 1.211511969566345215e+01 1.100000000000000000e+01 0.000000000000000000e+00
4.874000000000001442e+00 1.211511969566345215e+01 1.200000000000000000e+01 3.000000000000000000e+00
4.874000000000001442e+00 1.211511969566345215e+01 1.300000000000000000e+01 0.000000000000000000e+00
4.798000000000000931e+00 1.211511969566345215e+01 1.400000000000000000e+01 0.000000000000000000e+00
5.034000000000001585e+00 1.211511969566345215e+01 1.500000000000000000e+01 1.000000000000000000e+00
5.175000000000001599e+00 1.211511969566345215e+01 1.600000000000000000e+01 0.000000000000000000e+00
5.582000000000002515e+00 1.211511969566345215e+01 1.700000000000000000e+01 1.000000000000000000e+00
5.554000000000001158e+00 1.211511969566345215e+01 1.800000000000000000e+01 1.000000000000000000e+00
0.000000000000000000e+00 1.211511969566345215e+01 1.900000000000000000e+01 2.000000000000000000e+00
5.709000000000002295e+00 1.211511969566345215e+01 2.000000000000000000e+01 0.000000000000000000e+00
5.679000000000002046e+00 1.211511969566345215e+01 2.100000000000000000e+01 0.000000000000000000e+00
5.959000000000002295e+00 1.211511969566345215e+01 2.200000000000000000e+01 0.000000000000000000e+00
0.000000000000000000e+00 1.211511969566345215e+01 2.300000000000000000e+01 1.000000000000000000e+00
6.078000000000002068e+00 1.211511969566345215e+01 2.400000000000000000e+01 0.000000000000000000e+00
6.280000000000002025e+00 1.211511969566345215e+01 2.500000000000000000e+01 1.000000000000000000e+00
6.102000000000001201e+00 1.211511969566345215e+01 2.600000000000000000e+01 0.000000000000000000e+00
6.385000000000002451e+00 1.211511969566345215e+01 2.700000000000000000e+01 2.000000000000000000e+00
6.354000000000002757e+00 1.211511969566345215e+01 2.800000000000000000e+01 0.000000000000000000e+00
6.481000000000002537e+00 1.211511969566345215e+01 2.900000000000000000e+01 0.000000000000000000e+00
6.288000000000001144e+00 1.211511969566345215e+01 3.000000000000000000e+01 0.000000000000000000e+00
6.544000000000003148e+00 1.211511969566345215e+01 3.100000000000000000e+01 3.000000000000000000e+00
6.689000000000002721e+00 1.211511969566345215e+01 3.200000000000000000e+01 7.000000000000000000e+00
6.895000000000002238e+00 1.211511969566345215e+01 3.300000000000000000e+01 0.000000000000000000e+00
0.000000000000000000e+00 1.211511969566345215e+01 3.400000000000000000e+01 0.000000000000000000e+00
6.879000000000002224e+00 1.211511969566345215e+01 3.500000000000000000e+01 0.000000000000000000e+00
7.117000000000002657e+00 1.211511969566345215e+01 3.600000000000000000e+01 0.000000000000000000e+00
7.257000000000002338e+00 1.211511969566345215e+01 3.700000000000000000e+01 0.000000000000000000e+00
7.236000000000001542e+00 1.211511969566345215e+01 3.800000000000000000e+01 0.000000000000000000e+00
7.788000000000002920e+00 1.211511969566345215e+01 3.900000000000000000e+01 0.000000000000000000e+00
0.000000000000000000e+00 1.211511969566345215e+01 4.000000000000000000e+01 2.000000000000000000e+00
0.000000000000000000e+00 1.211511969566345215e+01 4.100000000000000000e+01 0.000000000000000000e+00
7.577000000000003510e+00 1.211511969566345215e+01 4.200000000000000000e+01 0.000000000000000000e+00
7.977000000000003865e+00 1.211511969566345215e+01 4.300000000000000000e+01 0.000000000000000000e+00
7.910000000000003695e+00 1.211511969566345215e+01 4.400000000000000000e+01 0.000000000000000000e+00
8.324000000000003396e+00 1.211511969566345215e+01 4.500000000000000000e+01 0.000000000000000000e+00
8.209000000000003183e+00 1.211511969566345215e+01 4.600000000000000000e+01 0.000000000000000000e+00
8.481000000000003425e+00 1.211511969566345215e+01 4.700000000000000000e+01 0.000000000000000000e+00
8.518000000000004235e+00 1.211511969566345215e+01 4.800000000000000000e+01 0.000000000000000000e+00
8.941000000000006054e+00 1.211511969566345215e+01 4.900000000000000000e+01 0.000000000000000000e+00
9.247000000000006992e+00 1.211511969566345215e+01 5.000000000000000000e+01 0.000000000000000000e+00
9.320000000000007390e+00 1.211511969566345215e+01 5.100000000000000000e+01 0.000000000000000000e+00
9.663000000000007361e+00 1.211511969566345215e+01 5.200000000000000000e+01 0.000000000000000000e+00
9.725000000000008527e+00 1.211511969566345215e+01 5.300000000000000000e+01 0.000000000000000000e+00
9.956000000000008399e+00 1.211511969566345215e+01 5.400000000000000000e+01 0.000000000000000000e+00
1.012600000000000477e+01 1.211511969566345215e+01 5.500000000000000000e+01 0.000000000000000000e+00
1.020100000000000584e+01 1.211511969566345215e+01 5.600000000000000000e+01 0.000000000000000000e+00
1.014600000000000612e+01 1.211511969566345215e+01 5.700000000000000000e+01 0.000000000000000000e+00
1.021800000000000708e+01 1.211511969566345215e+01 5.800000000000000000e+01 0.000000000000000000e+00
1.043400000000000816e+01 1.211511969566345215e+01 5.900000000000000000e+01 0.000000000000000000e+00
1.055700000000000749e+01 1.211511969566345215e+01 6.000000000000000000e+01 0.000000000000000000e+00
1.069200000000001261e+01 1.211511969566345215e+01 6.100000000000000000e+01 0.000000000000000000e+00
0.000000000000000000e+00 1.211511969566345215e+01 6.200000000000000000e+01 0.000000000000000000e+00
1.089000000000001656e+01 1.211511969566345215e+01 6.300000000000000000e+01 0.000000000000000000e+00
1.088900000000002066e+01 1.211511969566345215e+01 6.400000000000000000e+01 0.000000000000000000e+00
1.094100000000002204e+01 1.211511969566345215e+01 6.500000000000000000e+01 0.000000000000000000e+00
1.133500000000002750e+01 1.211511969566345215e+01 6.600000000000000000e+01 0.000000000000000000e+00
1.141100000000003689e+01 1.211511969566345215e+01 6.700000000000000000e+01 0.000000000000000000e+00
1.163800000000004253e+01 1.211511969566345215e+01 6.800000000000000000e+01 0.000000000000000000e+00
1.167200000000004323e+01 1.211511969566345215e+01 6.900000000000000000e+01 0.000000000000000000e+00
1.196400000000005015e+01 1.211511969566345215e+01 7.000000000000000000e+01 0.000000000000000000e+00
1.197300000000005582e+01 1.211511969566345215e+01 7.100000000000000000e+01 0.000000000000000000e+00
0.000000000000000000e+00 1.211511969566345215e+01 0.000000000000000000e+00 0.000000000000000000e+00
1.211511969566345215e+01 1.211511969566345215e+01 0.000000000000000000e+00 0.000000000000000000e+00
1.211511969566345215e+01 1.211511969566345215e+01 0.000000000000000000e+00 0.000000000000000000e+00
