1.347999999999999865e+00 2.802204227447509766e+01 0.000000000000000000e+00 0.000000000000000000e+00
2.494999999999999662e+00 2.802204227447509766e+01 1.000000000000000000e+00 4.000000000000000000e+00
2.494999999999999662e+00 2.802204227447509766e+01 2.000000000000000000e+00 1.000000000000000000e+01
3.049999999999999822e+00 2.802204227447509766e+01 3.000000000000000000e+00 1.500000000000000000e+01
3.049999999999999822e+00 2.802204227447509766e+01 4.000000000000000000e+00 1.300000000000000000e+01
3.307000000000000384e+00 2.802204227447509766e+01 5.000000000000000000e+00 6.000000000000000000e+00
3.909999999999999698e+00 2.802204227447509766e+01 6.000000000000000000e+00 2.300000000000000000e+01
3.909999999999999698e+00 2.802204227447509766e+01 7.000000000000000000e+00 2.900000000000000000e+01
4.238999999999999879e+00 2.802204227447509766e+01 8.000000000000000000e+00 2.900000000000000000e+01
4.238999999999999879e+00 2.802204227447509766e+01 9.000000000000000000e+00 1.900000000000000000e+01
4.399000000000000021e+00 2.802204227447509766e+01 1.000000000000000000e+01 2.300000000000000000e+01
4.208999999999999631e+00 2.802204227447509766e+01 1.100000000000000000e+01 1.900000000000000000e+01
4.588000000000000078e+00 2.802204227447509766e+01 1.200000000000000000e+01 3.800000000000000000e+01
4.556000000000000050e+00 2.802204227447509766e+01 1.300000000000000000e+01 3.100000000000000000e+01
4.706999999999999851e+00 2.802204227447509766e+01 1.400000000000000000e+01 2.800000000000000000e+01
4.706999999999999851e+00 2.802204227447509766e+01 1.500000000000000000e+01 2.600000000000000000e+01
4.649999999999999467e+00 2.802204227447509766e+01 1.600000000000000000e+01 1.500000000000000000e+01
4.967999999999999972e+00 2.802204227447509766e+01 1.700000000000000000e+01 3.600000000000000000e+01
4.967999999999999972e+00 2.802204227447509766e+01 1.800000000000000000e+01 3.600000000000000000e+01
5.328999999999999737e+00 2.802204227447509766e+01 1.900000000000000000e+01 4.000000000000000000e+01
5.674999999999999822e+00 2.802204227447509766e+01 2.000000000000000000e+01 3.500000000000000000e+01
5.847000000000000419e+00 2.802204227447509766e+01 2.100000000000000000e+01 4.200000000000000000e+01
6.007000000000000561e+00 2.802204227447509766e+01 2.200000000000000000e+01 5.000000000000000000e+01
6.116000000000000547e+00 2.802204227447509766e+01 2.300000000000000000e+01 5.400000000000000000e+01
6.318000000000000504e+00 2.802204227447509766e+01 2.400000000000000000e+01 6.200000000000000000e+01
6.318000000000000504e+00 2.802204227447509766e+01 2.500000000000000000e+01 5.400000000000000000e+01
6.418000000000000149e+00 2.802204227447509766e+01 2.600000000000000000e+01 4.000000000000000000e+01
6.690000000000000391e+00 2.802204227447509766e+01 2.700000000000000000e+01 9.100000000000000000e+01
7.051000000000000156e+00 2.802204227447509766e+01 2.800000000000000000e+01 8.300000000000000000e+01
7.206999999999999851e+00 2.802204227447509766e+01 2.900000000000000000e+01 1.110000000000000000e+02
7.555000000000000604e+00 2.802204227447509766e+01 3.000000000000000000e+01 8.800000000000000000e+01
7.790000000000000036e+00 2.802204227447509766e+01 3.100000000000000000e+01 1.100000000000000000e+02
7.939999999999999503e+00 2.802204227447509766e+01 3.200000000000000000e+01 1.020000000000000000e+02
8.236999999999998323e+00 2.802204227447509766e+01 3.300000000000000000e+01 1.200000000000000000e+02
8.307999999999998053e+00 2.802204227447509766e+01 3.400000000000000000e+01 9.600000000000000000e+01
8.509999999999999787e+00 2.802204227447509766e+01 3.500000000000000000e+01 1.510000000000000000e+02
8.896000000000000796e+00 2.802204227447509766e+01 3.600000000000000000e+01 1.470000000000000000e+02
8.870000000000002771e+00 2.802204227447509766e+01 3.700000000000000000e+01 1.300000000000000000e+02
9.127000000000000668e+00 2.802204227447509766e+01 3.800000000000000000e+01 1.810000000000000000e+02
9.574999999999999289e+00 2.802204227447509766e+01 3.900000000000000000e+01 1.940000000000000000e+02
9.796999999999998820e+00 2.802204227447509766e+01 4.000000000000000000e+01 1.990000000000000000e+02
9.964000000000000412e+00 2.802204227447509766e+01 4.100000000000000000e+01 2.320000000000000000e+02
1.050600000000000200e+01 2.802204227447509766e+01 4.200000000000000000e+01 1.810000000000000000e+02
1.076900000000000013e+01 2.802204227447509766e+01 4.300000000000000000e+01 2.660000000000000000e+02
1.083100000000000129e+01 2.802204227447509766e+01 4.400000000000000000e+01 3.210000000000000000e+02
1.116600000000000037e+01 2.802204227447509766e+01 4.500000000000000000e+01 2.390000000000000000e+02
1.151099999999999746e+01 2.802204227447509766e+01 4.600000000000000000e+01 3.910000000000000000e+02
1.208399999999999963e+01 2.802204227447509766e+01 4.700000000000000000e+01 3.340000000000000000e+02
1.234100000000000286e+01 2.802204227447509766e+01 4.800000000000000000e+01 4.610000000000000000e+02
1.297399999999999842e+01 2.802204227447509766e+01 4.900000000000000000e+01 4.120000000000000000e+02
1.306300000000000239e+01 2.802204227447509766e+01 5.000000000000000000e+01 4.140000000000000000e+02
1.365799999999999592e+01 2.802204227447509766e+01 5.100000000000000000e+01 4.270000000000000000e+02
1.363300000000000445e+01 2.802204227447509766e+01 5.200000000000000000e+01 5.710000000000000000e+02
1.416099999999999248e+01 2.802204227447509766e+01 5.300000000000000000e+01 5.770000000000000000e+02
1.449099999999998900e+01 2.802204227447509766e+01 5.400000000000000000e+01 6.580000000000000000e+02
1.498799999999998533e+01 2.802204227447509766e+01 5.500000000000000000e+01 6.000000000000000000e+02
1.572399999999999665e+01 2.802204227447509766e+01 5.600000000000000000e+01 5.910000000000000000e+02
1.551699999999999946e+01 2.802204227447509766e+01 5.700000000000000000e+01 6.300000000000000000e+02
1.627299999999999258e+01 2.802204227447509766e+01 5.800000000000000000e+01 8.020000000000000000e+02
1.660299999999997667e+01 2.802204227447509766e+01 5.900000000000000000e+01 5.940000000000000000e+02
1.728699999999996351e+01 2.802204227447509766e+01 6.000000000000000000e+01 9.900000000000000000e+02
1.777499999999996305e+01 2.802204227447509766e+01 6.100000000000000000e+01 7.960000000000000000e+02
1.831899999999998130e+01 2.802204227447509766e+01 6.200000000000000000e+01 1.283000000000000000e+03
1.913700000000000756e+01 2.802204227447509766e+01 6.300000000000000000e+01 1.370000000000000000e+03
1.970800000000003749e+01 2.802204227447509766e+01 6.400000000000000000e+01 9.620000000000000000e+02
2.006100000000003547e+01 2.802204227447509766e+01 6.500000000000000000e+01 1.152000000000000000e+03
2.089200000000007407e+01 2.802204227447509766e+01 6.600000000000000000e+01 1.577000000000000000e+03
2.192100000000011306e+01 2.802204227447509766e+01 6.700000000000000000e+01 1.037000000000000000e+03
2.232700000000012608e+01 2.802204227447509766e+01 6.800000000000000000e+01 1.137000000000000000e+03
2.332000000000016726e+01 2.802204227447509766e+01 6.900000000000000000e+01 1.733000000000000000e+03
2.434900000000020270e+01 2.802204227447509766e+01 7.000000000000000000e+01 1.150000000000000000e+03
2.786400000000033472e+01 2.802204227447509766e+01 7.100000000000000000e+01 1.183000000000000000e+03
0.000000000000000000e+00 2.802204227447509766e+01 0.000000000000000000e+00 0.000000000000000000e+00
2.802204227447509766e+01 2.802204227447509766e+01 0.000000000000000000e+00 0.000000000000000000e+00
2.802204227447509766e+01 2.802204227447509766e+01 0.000000000000000000e+00 0.000000000000000000e+00
1.344999999999999973e+00 3.398402547836303711e+01 0.000000000000000000e+00 0.000000000000000000e+00
2.311999999999999833e+00 3.398402547836303711e+01 1.000000000000000000e+00 5.000000000000000000e+00
3.070999999999999286e+00 3.398402547836303711e+01 2.000000000000000000e+00 1.000000000000000000e+01
3.070999999999999286e+00 3.398402547836303711e+01 3.000000000000000000e+00 4.000000000000000000e+00
3.256999999999999229e+00 3.398402547836303711e+01 4.000000000000000000e+00 9.000000000000000000e+00
3.256999999999999229e+00 3.398402547836303711e+01 5.000000000000000000e+00 1.400000000000000000e+01
3.256999999999999229e+00 3.398402547836303711e+01 6.000000000000000000e+00 1.400000000000000000e+01
3.763999999999999346e+00 3.398402547836303711e+01 7.000000000000000000e+00 3.000000000000000000e+00
4.094999999999998863e+00 3.398402547836303711e+01 8.000000000000000000e+00 3.100000000000000000e+01
4.094999999999998863e+00 3.398402547836303711e+01 9.000000000000000000e+00 2.200000000000000000e+01
4.094999999999998863e+00 3.398402547836303711e+01 1.000000000000000000e+01 2.000000000000000000e+01
4.402999999999998693e+00 3.398402547836303711e+01 1.100000000000000000e+01 3.000000000000000000e+01
4.549999999999998934e+00 3.398402547836303711e+01 1.200000000000000000e+01 2.000000000000000000e+01
4.549999999999998934e+00 3.398402547836303711e+01 1.300000000000000000e+01 2.300000000000000000e+01
4.549999999999998934e+00 3.398402547836303711e+01 1.400000000000000000e+01 2.700000000000000000e+01
0.000000000000000000e+00 3.398402547836303711e+01 1.500000000000000000e+01 2.300000000000000000e+01
4.956999999999998963e+00 3.398402547836303711e+01 1.600000000000000000e+01 2.300000000000000000e+01
5.208999999999998742e+00 3.398402547836303711e+01 1.700000000000000000e+01 2.200000000000000000e+01
5.333999999999998742e+00 3.398402547836303711e+01 1.800000000000000000e+01 3.200000000000000000e+01
5.578999999999998849e+00 3.398402547836303711e+01 1.900000000000000000e+01 2.000000000000000000e+00
5.578999999999998849e+00 3.398402547836303711e+01 2.000000000000000000e+01 4.100000000000000000e+01
5.643999999999997463e+00 3.398402547836303711e+01 2.100000000000000000e+01 4.600000000000000000e+01
6.768999999999997463e+00 3.398402547836303711e+01 2.200000000000000000e+01 4.800000000000000000e+01
7.084999999999997300e+00 3.398402547836303711e+01 2.300000000000000000e+01 1.000000000000000000e+00
7.084999999999997300e+00 3.398402547836303711e+01 2.400000000000000000e+01 4.900000000000000000e+01
7.187999999999997058e+00 3.398402547836303711e+01 2.500000000000000000e+01 6.800000000000000000e+01
7.375999999999996781e+00 3.398402547836303711e+01 2.600000000000000000e+01 4.600000000000000000e+01
7.375999999999996781e+00 3.398402547836303711e+01 2.700000000000000000e+01 7.500000000000000000e+01
7.561999999999996724e+00 3.398402547836303711e+01 2.800000000000000000e+01 9.900000000000000000e+01
7.892999999999997129e+00 3.398402547836303711e+01 2.900000000000000000e+01 1.080000000000000000e+02
7.940999999999998060e+00 3.398402547836303711e+01 3.000000000000000000e+01 8.800000000000000000e+01
8.389999999999995239e+00 3.398402547836303711e+01 3.100000000000000000e+01 1.150000000000000000e+02
8.545999999999995822e+00 3.398402547836303711e+01 3.200000000000000000e+01 1.430000000000000000e+02
8.768999999999994799e+00 3.398402547836303711e+01 3.300000000000000000e+01 1.080000000000000000e+02
9.017999999999998906e+00 3.398402547836303711e+01 3.400000000000000000e+01 9.300000000000000000e+01
9.322999999999996845e+00 3.398402547836303711e+01 3.500000000000000000e+01 1.370000000000000000e+02
9.521000000000000796e+00 3.398402547836303711e+01 3.600000000000000000e+01 1.630000000000000000e+02
9.640999999999998238e+00 3.398402547836303711e+01 3.700000000000000000e+01 1.050000000000000000e+02
1.007399999999999629e+01 3.398402547836303711e+01 3.800000000000000000e+01 1.830000000000000000e+02
1.024399999999999444e+01 3.398402547836303711e+01 3.900000000000000000e+01 1.970000000000000000e+02
1.056999999999999496e+01 3.398402547836303711e+01 4.000000000000000000e+01 2.250000000000000000e+02
1.092899999999999672e+01 3.398402547836303711e+01 4.100000000000000000e+01 2.660000000000000000e+02
1.124399999999999622e+01 3.398402547836303711e+01 4.200000000000000000e+01 2.320000000000000000e+02
1.166199999999999370e+01 3.398402547836303711e+01 4.300000000000000000e+01 2.590000000000000000e+02
1.172799999999999621e+01 3.398402547836303711e+01 4.400000000000000000e+01 3.320000000000000000e+02
1.230499999999999439e+01 3.398402547836303711e+01 4.500000000000000000e+01 3.730000000000000000e+02
1.265599999999998992e+01 3.398402547836303711e+01 4.600000000000000000e+01 4.000000000000000000e+02
1.308499999999999552e+01 3.398402547836303711e+01 4.700000000000000000e+01 3.310000000000000000e+02
1.300000000000000000e+01 3.398402547836303711e+01 4.800000000000000000e+01 3.940000000000000000e+02
1.363599999999999923e+01 3.398402547836303711e+01 4.900000000000000000e+01 5.120000000000000000e+02
1.371500000000000341e+01 3.398402547836303711e+01 5.000000000000000000e+01 4.070000000000000000e+02
1.439899999999999736e+01 3.398402547836303711e+01 5.100000000000000000e+01 4.860000000000000000e+02
1.456699999999999839e+01 3.398402547836303711e+01 5.200000000000000000e+01 6.200000000000000000e+02
1.487299999999999578e+01 3.398402547836303711e+01 5.300000000000000000e+01 5.820000000000000000e+02
1.554499999999998394e+01 3.398402547836303711e+01 5.400000000000000000e+01 5.290000000000000000e+02
1.578699999999998127e+01 3.398402547836303711e+01 5.500000000000000000e+01 6.470000000000000000e+02
1.611099999999999000e+01 3.398402547836303711e+01 5.600000000000000000e+01 6.830000000000000000e+02
1.684499999999995978e+01 3.398402547836303711e+01 5.700000000000000000e+01 6.080000000000000000e+02
1.689999999999997016e+01 3.398402547836303711e+01 5.800000000000000000e+01 6.300000000000000000e+02
1.777199999999992741e+01 3.398402547836303711e+01 5.900000000000000000e+01 7.000000000000000000e+00
0.000000000000000000e+00 3.398402547836303711e+01 6.000000000000000000e+01 9.160000000000000000e+02
1.846599999999990160e+01 3.398402547836303711e+01 6.100000000000000000e+01 7.290000000000000000e+02
1.894599999999991979e+01 3.398402547836303711e+01 6.200000000000000000e+01 9.470000000000000000e+02
1.940799999999993730e+01 3.398402547836303711e+01 6.300000000000000000e+01 1.165000000000000000e+03
2.028099999999998104e+01 3.398402547836303711e+01 6.400000000000000000e+01 1.371000000000000000e+03
2.084600000000001074e+01 3.398402547836303711e+01 6.500000000000000000e+01 8.860000000000000000e+02
2.175200000000003087e+01 3.398402547836303711e+01 6.600000000000000000e+01 1.197000000000000000e+03
2.257600000000007512e+01 3.398402547836303711e+01 6.700000000000000000e+01 9.830000000000000000e+02
2.344600000000009032e+01 3.398402547836303711e+01 6.800000000000000000e+01 1.118000000000000000e+03
2.398800000000012744e+01 3.398402547836303711e+01 6.900000000000000000e+01 9.110000000000000000e+02
2.657900000000020668e+01 3.398402547836303711e+01 7.000000000000000000e+01 1.950000000000000000e+03
3.388300000000048584e+01 3.398402547836303711e+01 7.100000000000000000e+01 1.412000000000000000e+03
0.000000000000000000e+00 3.398402547836303711e+01 0.000000000000000000e+00 0.000000000000000000e+00
3.398402547836303711e+01 3.398402547836303711e+01 0.000000000000000000e+00 0.000000000000000000e+00
3.398402547836303711e+01 3.398402547836303711e+01 0.000000000000000000e+00 0.000000000000000000e+00
8.339999999999999636e-01 2.592494869232177734e+01 0.000000000000000000e+00 3.000000000000000000e+00
1.054000000000000048e+00 2.592494869232177734e+01 1.000000000000000000e+00 0.000000000000000000e+00
2.111000000000000210e+00 2.592494869232177734e+01 2.000000000000000000e+00 6.000000000000000000e+00
2.306000000000000050e+00 2.592494869232177734e+01 3.000000000000000000e+00 8.000000000000000000e+00
2.506000000000000227e+00 2.592494869232177734e+01 4.000000000000000000e+00 8.000000000000000000e+00
3.054999999999999716e+00 2.592494869232177734e+01 5.000000000000000000e+00 2.400000000000000000e+01
3.054999999999999716e+00 2.592494869232177734e+01 6.000000000000000000e+00 2.200000000000000000e+01
3.231999999999999762e+00 2.592494869232177734e+01 7.000000000000000000e+00 1.700000000000000000e+01
3.397999999999999687e+00 2.592494869232177734e+01 8.000000000000000000e+00 2.100000000000000000e+01
3.732999999999999652e+00 2.592494869232177734e+01 9.000000000000000000e+00 5.000000000000000000e+00
3.890999999999999570e+00 2.592494869232177734e+01 1.000000000000000000e+01 2.800000000000000000e+01
3.885999999999999677e+00 2.592494869232177734e+01 1.100000000000000000e+01 2.000000000000000000e+01
4.197000000000000064e+00 2.592494869232177734e+01 1.200000000000000000e+01 1.800000000000000000e+01
4.485000000000000320e+00 2.592494869232177734e+01 1.300000000000000000e+01 3.000000000000000000e+01
4.568000000000000504e+00 2.592494869232177734e+01 1.400000000000000000e+01 2.700000000000000000e+01
4.763000000000000789e+00 2.592494869232177734e+01 1.500000000000000000e+01 5.000000000000000000e+01
5.060000000000000497e+00 2.592494869232177734e+01 1.600000000000000000e+01 3.400000000000000000e+01
5.060000000000000497e+00 2.592494869232177734e+01 1.700000000000000000e+01 2.100000000000000000e+01
5.395000000000000462e+00 2.592494869232177734e+01 1.800000000000000000e+01 4.800000000000000000e+01
5.395000000000000462e+00 2.592494869232177734e+01 1.900000000000000000e+01 6.100000000000000000e+01
5.532000000000000028e+00 2.592494869232177734e+01 2.000000000000000000e+01 2.200000000000000000e+01
5.679999999999999716e+00 2.592494869232177734e+01 2.100000000000000000e+01 3.500000000000000000e+01
5.801000000000000156e+00 2.592494869232177734e+01 2.200000000000000000e+01 3.600000000000000000e+01
6.011000000000001009e+00 2.592494869232177734e+01 2.300000000000000000e+01 6.000000000000000000e+00
6.302000000000000490e+00 2.592494869232177734e+01 2.400000000000000000e+01 4.600000000000000000e+01
6.809000000000000163e+00 2.592494869232177734e+01 2.500000000000000000e+01 5.700000000000000000e+01
7.371999999999999886e+00 2.592494869232177734e+01 2.600000000000000000e+01 5.400000000000000000e+01
7.802000000000000490e+00 2.592494869232177734e+01 2.700000000000000000e+01 1.110000000000000000e+02
7.656000000000002359e+00 2.592494869232177734e+01 2.800000000000000000e+01 5.500000000000000000e+01
8.025000000000002132e+00 2.592494869232177734e+01 2.900000000000000000e+01 7.400000000000000000e+01
8.588000000000002743e+00 2.592494869232177734e+01 3.000000000000000000e+01 9.400000000000000000e+01
8.753000000000003666e+00 2.592494869232177734e+01 3.100000000000000000e+01 1.000000000000000000e+02
8.730000000000003979e+00 2.592494869232177734e+01 3.200000000000000000e+01 8.400000000000000000e+01
8.852000000000000313e+00 2.592494869232177734e+01 3.300000000000000000e+01 1.480000000000000000e+02
9.345000000000002416e+00 2.592494869232177734e+01 3.400000000000000000e+01 1.040000000000000000e+02
9.173000000000003595e+00 2.592494869232177734e+01 3.500000000000000000e+01 1.340000000000000000e+02
9.924000000000004817e+00 2.592494869232177734e+01 3.600000000000000000e+01 1.880000000000000000e+02
1.022900000000000453e+01 2.592494869232177734e+01 3.700000000000000000e+01 1.520000000000000000e+02
1.022100000000000541e+01 2.592494869232177734e+01 3.800000000000000000e+01 1.540000000000000000e+02
1.059900000000000553e+01 2.592494869232177734e+01 3.900000000000000000e+01 2.450000000000000000e+02
1.106100000000000527e+01 2.592494869232177734e+01 4.000000000000000000e+01 2.270000000000000000e+02
1.142300000000000715e+01 2.592494869232177734e+01 4.100000000000000000e+01 2.880000000000000000e+02
1.152500000000000746e+01 2.592494869232177734e+01 4.200000000000000000e+01 2.210000000000000000e+02
1.185500000000000576e+01 2.592494869232177734e+01 4.300000000000000000e+01 2.740000000000000000e+02
1.213000000000000611e+01 2.592494869232177734e+01 4.400000000000000000e+01 3.310000000000000000e+02
1.260300000000000864e+01 2.592494869232177734e+01 4.500000000000000000e+01 2.750000000000000000e+02
1.293700000000000649e+01 2.592494869232177734e+01 4.600000000000000000e+01 2.980000000000000000e+02
1.321500000000000519e+01 2.592494869232177734e+01 4.700000000000000000e+01 3.280000000000000000e+02
1.355000000000000782e+01 2.592494869232177734e+01 4.800000000000000000e+01 3.770000000000000000e+02
1.385700000000001353e+01 2.592494869232177734e+01 4.900000000000000000e+01 4.260000000000000000e+02
1.422700000000001275e+01 2.592494869232177734e+01 5.000000000000000000e+01 4.460000000000000000e+02
1.453400000000001135e+01 2.592494869232177734e+01 5.100000000000000000e+01 2.000000000000000000e+01
1.469800000000001106e+01 2.592494869232177734e+01 5.200000000000000000e+01 3.950000000000000000e+02
1.512600000000001010e+01 2.592494869232177734e+01 5.300000000000000000e+01 5.810000000000000000e+02
1.578299999999999415e+01 2.592494869232177734e+01 5.400000000000000000e+01 4.210000000000000000e+02
1.617899999999998428e+01 2.592494869232177734e+01 5.500000000000000000e+01 5.460000000000000000e+02
1.604000000000000270e+01 2.592494869232177734e+01 5.600000000000000000e+01 7.300000000000000000e+02
1.675199999999998113e+01 2.592494869232177734e+01 5.700000000000000000e+01 6.900000000000000000e+01
1.689099999999998403e+01 2.592494869232177734e+01 5.800000000000000000e+01 7.140000000000000000e+02
1.783599999999993813e+01 2.592494869232177734e+01 5.900000000000000000e+01 5.420000000000000000e+02
1.840999999999992909e+01 2.592494869232177734e+01 6.000000000000000000e+01 6.930000000000000000e+02
1.902799999999993474e+01 2.592494869232177734e+01 6.100000000000000000e+01 8.390000000000000000e+02
1.952099999999993329e+01 2.592494869232177734e+01 6.200000000000000000e+01 1.200000000000000000e+01
1.942599999999995930e+01 2.592494869232177734e+01 6.300000000000000000e+01 6.000000000000000000e+00
2.019399999999995288e+01 2.592494869232177734e+01 6.400000000000000000e+01 7.770000000000000000e+02
2.107999999999997343e+01 2.592494869232177734e+01 6.500000000000000000e+01 8.610000000000000000e+02
2.203600000000000847e+01 2.592494869232177734e+01 6.600000000000000000e+01 9.090000000000000000e+02
2.232800000000004559e+01 2.592494869232177734e+01 6.700000000000000000e+01 9.170000000000000000e+02
2.341400000000005832e+01 2.592494869232177734e+01 6.800000000000000000e+01 1.551000000000000000e+03
2.473600000000010368e+01 2.592494869232177734e+01 6.900000000000000000e+01 1.794000000000000000e+03
2.468900000000012085e+01 2.592494869232177734e+01 7.000000000000000000e+01 1.000000000000000000e+00
2.582100000000015783e+01 2.592494869232177734e+01 7.100000000000000000e+01 8.890000000000000000e+02
0.000000000000000000e+00 2.592494869232177734e+01 0.000000000000000000e+00 0.000000000000000000e+00
2.592494869232177734e+01 2.592494869232177734e+01 0.000000000000000000e+00 0.000000000000000000e+00
2.592494869232177734e+01 2.592494869232177734e+01 0.000000000000000000e+00 0.000000000000000000e+00
2.094999999999999751e+00 3.425995039939880371e+01 0.000000000000000000e+00 7.000000000000000000e+00
2.667999999999999705e+00 3.425995039939880371e+01 1.000000000000000000e+00 1.500000000000000000e+01
3.043999999999999595e+00 3.425995039939880371e+01 2.000000000000000000e+00 6.000000000000000000e+00
3.042999999999999705e+00 3.425995039939880371e+01 3.000000000000000000e+00 6.000000000000000000e+00
3.408999999999999808e+00 3.425995039939880371e+01 4.000000000000000000e+00 2.600000000000000000e+01
3.756999999999999673e+00 3.425995039939880371e+01 5.000000000000000000e+00 3.400000000000000000e+01
3.928999999999999826e+00 3.425995039939880371e+01 6.000000000000000000e+00 2.400000000000000000e+01
4.094999999999999751e+00 3.425995039939880371e+01 7.000000000000000000e+00 2.400000000000000000e+01
4.258000000000000007e+00 3.425995039939880371e+01 8.000000000000000000e+00 3.700000000000000000e+01
4.258000000000000007e+00 3.425995039939880371e+01 9.000000000000000000e+00 2.200000000000000000e+01
4.416000000000000369e+00 3.425995039939880371e+01 1.000000000000000000e+01 2.500000000000000000e+01
4.868000000000000327e+00 3.425995039939880371e+01 1.100000000000000000e+01 2.700000000000000000e+01
5.164000000000000590e+00 3.425995039939880371e+01 1.200000000000000000e+01 3.300000000000000000e+01
5.164000000000000590e+00 3.425995039939880371e+01 1.300000000000000000e+01 8.000000000000000000e+00
5.442000000000001059e+00 3.425995039939880371e+01 1.400000000000000000e+01 4.500000000000000000e+01
5.442000000000001059e+00 3.425995039939880371e+01 1.500000000000000000e+01 1.000000000000000000e+01
5.760000000000000675e+00 3.425995039939880371e+01 1.600000000000000000e+01 2.900000000000000000e+01
6.465000000000000746e+00 3.425995039939880371e+01 1.700000000000000000e+01 5.000000000000000000e+01
6.644000000000000128e+00 3.425995039939880371e+01 1.800000000000000000e+01 5.800000000000000000e+01
6.829000000000000625e+00 3.425995039939880371e+01 1.900000000000000000e+01 1.700000000000000000e+01
7.064000000000000945e+00 3.425995039939880371e+01 2.000000000000000000e+01 2.300000000000000000e+01
7.019000000000001016e+00 3.425995039939880371e+01 2.100000000000000000e+01 7.900000000000000000e+01
7.503000000000001002e+00 3.425995039939880371e+01 2.200000000000000000e+01 7.600000000000000000e+01
7.601000000000000867e+00 3.425995039939880371e+01 2.300000000000000000e+01 3.800000000000000000e+01
7.713000000000000966e+00 3.425995039939880371e+01 2.400000000000000000e+01 4.400000000000000000e+01
8.108000000000000540e+00 3.425995039939880371e+01 2.500000000000000000e+01 7.000000000000000000e+01
8.273999999999999133e+00 3.425995039939880371e+01 2.600000000000000000e+01 5.700000000000000000e+01
8.566000000000000725e+00 3.425995039939880371e+01 2.700000000000000000e+01 7.900000000000000000e+01
9.179000000000000270e+00 3.425995039939880371e+01 2.800000000000000000e+01 8.300000000000000000e+01
9.265000000000000568e+00 3.425995039939880371e+01 2.900000000000000000e+01 3.000000000000000000e+01
9.146000000000000796e+00 3.425995039939880371e+01 3.000000000000000000e+01 1.460000000000000000e+02
9.176000000000000156e+00 3.425995039939880371e+01 3.100000000000000000e+01 1.360000000000000000e+02
9.526999999999999247e+00 3.425995039939880371e+01 3.200000000000000000e+01 1.510000000000000000e+02
1.001299999999999812e+01 3.425995039939880371e+01 3.300000000000000000e+01 1.480000000000000000e+02
1.019399999999999729e+01 3.425995039939880371e+01 3.400000000000000000e+01 1.630000000000000000e+02
1.035999999999999766e+01 3.425995039939880371e+01 3.500000000000000000e+01 1.840000000000000000e+02
1.041499999999999915e+01 3.425995039939880371e+01 3.600000000000000000e+01 1.850000000000000000e+02
1.041899999999999871e+01 3.425995039939880371e+01 3.700000000000000000e+01 1.870000000000000000e+02
1.054999999999999893e+01 3.425995039939880371e+01 3.800000000000000000e+01 1.860000000000000000e+02
1.068199999999999861e+01 3.425995039939880371e+01 3.900000000000000000e+01 1.910000000000000000e+02
1.106099999999999994e+01 3.425995039939880371e+01 4.000000000000000000e+01 2.240000000000000000e+02
0.000000000000000000e+00 3.425995039939880371e+01 4.100000000000000000e+01 1.300000000000000000e+01
1.150000000000000000e+01 3.425995039939880371e+01 4.200000000000000000e+01 2.590000000000000000e+02
1.198799999999999599e+01 3.425995039939880371e+01 4.300000000000000000e+01 2.850000000000000000e+02
1.220799999999999486e+01 3.425995039939880371e+01 4.400000000000000000e+01 2.450000000000000000e+02
1.262899999999999601e+01 3.425995039939880371e+01 4.500000000000000000e+01 3.480000000000000000e+02
1.298399999999999288e+01 3.425995039939880371e+01 4.600000000000000000e+01 2.760000000000000000e+02
1.324599999999999689e+01 3.425995039939880371e+01 4.700000000000000000e+01 3.910000000000000000e+02
1.360799999999999876e+01 3.425995039939880371e+01 4.800000000000000000e+01 4.140000000000000000e+02
1.376899999999999835e+01 3.425995039939880371e+01 4.900000000000000000e+01 5.320000000000000000e+02
1.437300000000000111e+01 3.425995039939880371e+01 5.000000000000000000e+01 3.960000000000000000e+02
1.474699999999999633e+01 3.425995039939880371e+01 5.100000000000000000e+01 5.090000000000000000e+02
1.519399999999999551e+01 3.425995039939880371e+01 5.200000000000000000e+01 5.750000000000000000e+02
1.536799999999999500e+01 3.425995039939880371e+01 5.300000000000000000e+01 2.000000000000000000e+00
1.567799999999998128e+01 3.425995039939880371e+01 5.400000000000000000e+01 6.390000000000000000e+02
0.000000000000000000e+00 3.425995039939880371e+01 5.500000000000000000e+01 6.550000000000000000e+02
1.660300000000000153e+01 3.425995039939880371e+01 5.600000000000000000e+01 8.210000000000000000e+02
1.725899999999996837e+01 3.425995039939880371e+01 5.700000000000000000e+01 6.550000000000000000e+02
1.771599999999997621e+01 3.425995039939880371e+01 5.800000000000000000e+01 8.660000000000000000e+02
1.823199999999994958e+01 3.425995039939880371e+01 5.900000000000000000e+01 1.140000000000000000e+03
1.893599999999994665e+01 3.425995039939880371e+01 6.000000000000000000e+01 9.490000000000000000e+02
1.918099999999994409e+01 3.425995039939880371e+01 6.100000000000000000e+01 9.890000000000000000e+02
1.989699999999996649e+01 3.425995039939880371e+01 6.200000000000000000e+01 1.407000000000000000e+03
1.994699999999997431e+01 3.425995039939880371e+01 6.300000000000000000e+01 1.291000000000000000e+03
2.075199999999999889e+01 3.425995039939880371e+01 6.400000000000000000e+01 1.232000000000000000e+03
2.159200000000003072e+01 3.425995039939880371e+01 6.500000000000000000e+01 9.480000000000000000e+02
2.228800000000006065e+01 3.425995039939880371e+01 6.600000000000000000e+01 1.038000000000000000e+03
2.300100000000008649e+01 3.425995039939880371e+01 6.700000000000000000e+01 1.376000000000000000e+03
2.375500000000011980e+01 3.425995039939880371e+01 6.800000000000000000e+01 1.114000000000000000e+03
2.430800000000014194e+01 3.425995039939880371e+01 6.900000000000000000e+01 1.129000000000000000e+03
2.707200000000024431e+01 3.425995039939880371e+01 7.000000000000000000e+01 1.973000000000000000e+03
3.425500000000050704e+01 3.425995039939880371e+01 7.100000000000000000e+01 1.359000000000000000e+03
0.000000000000000000e+00 3.425995039939880371e+01 0.000000000000000000e+00 0.000000000000000000e+00
3.425995039939880371e+01 3.425995039939880371e+01 0.000000000000000000e+00 0.000000000000000000e+00
3.425995039939880371e+01 3.425995039939880371e+01 0.000000000000000000e+00 0.000000000000000000e+00
2.108000000000000540e+00 3.426566314697265625e+01 0.000000000000000000e+00 3.000000000000000000e+00
2.498000000000000220e+00 3.426566314697265625e+01 1.000000000000000000e+00 1.200000000000000000e+01
3.084000000000000519e+00 3.426566314697265625e+01 2.000000000000000000e+00 1.800000000000000000e+01
3.085000000000000853e+00 3.426566314697265625e+01 3.000000000000000000e+00 1.400000000000000000e+01
0.000000000000000000e+00 3.426566314697265625e+01 4.000000000000000000e+00 1.000000000000000000e+00
0.000000000000000000e+00 3.426566314697265625e+01 5.000000000000000000e+00 2.000000000000000000e+00
3.812000000000000721e+00 3.426566314697265625e+01 6.000000000000000000e+00 1.400000000000000000e+01
3.812000000000000721e+00 3.426566314697265625e+01 7.000000000000000000e+00 7.000000000000000000e+00
3.981000000000000760e+00 3.426566314697265625e+01 8.000000000000000000e+00 9.000000000000000000e+00
4.143000000000000682e+00 3.426566314697265625e+01 9.000000000000000000e+00 2.100000000000000000e+01
4.607000000000001094e+00 3.426566314697265625e+01 1.000000000000000000e+01 1.500000000000000000e+01
4.759000000000001229e+00 3.426566314697265625e+01 1.100000000000000000e+01 3.000000000000000000e+01
5.056000000000000938e+00 3.426566314697265625e+01 1.200000000000000000e+01 3.200000000000000000e+01
5.056000000000000938e+00 3.426566314697265625e+01 1.300000000000000000e+01 3.400000000000000000e+01
5.021000000000000796e+00 3.426566314697265625e+01 1.400000000000000000e+01 2.900000000000000000e+01
5.473000000000001641e+00 3.426566314697265625e+01 1.500000000000000000e+01 6.300000000000000000e+01
5.473000000000001641e+00 3.426566314697265625e+01 1.600000000000000000e+01 4.100000000000000000e+01
5.437000000000001165e+00 3.426566314697265625e+01 1.700000000000000000e+01 2.400000000000000000e+01
5.734000000000001762e+00 3.426566314697265625e+01 1.800000000000000000e+01 5.000000000000000000e+01
5.708000000000001073e+00 3.426566314697265625e+01 1.900000000000000000e+01 5.500000000000000000e+01
5.980000000000002203e+00 3.426566314697265625e+01 2.000000000000000000e+01 2.600000000000000000e+01
6.314000000000002721e+00 3.426566314697265625e+01 2.100000000000000000e+01 4.700000000000000000e+01
6.314000000000002721e+00 3.426566314697265625e+01 2.200000000000000000e+01 4.900000000000000000e+01
6.420000000000002593e+00 3.426566314697265625e+01 2.300000000000000000e+01 4.400000000000000000e+01
6.634000000000003006e+00 3.426566314697265625e+01 2.400000000000000000e+01 7.300000000000000000e+01
6.833000000000002849e+00 3.426566314697265625e+01 2.500000000000000000e+01 7.400000000000000000e+01
6.938000000000003276e+00 3.426566314697265625e+01 2.600000000000000000e+01 4.200000000000000000e+01
7.311000000000002608e+00 3.426566314697265625e+01 2.700000000000000000e+01 8.900000000000000000e+01
7.496000000000002217e+00 3.426566314697265625e+01 2.800000000000000000e+01 5.800000000000000000e+01
7.963000000000001855e+00 3.426566314697265625e+01 2.900000000000000000e+01 9.100000000000000000e+01
8.294000000000002260e+00 3.426566314697265625e+01 3.000000000000000000e+01 8.000000000000000000e+01
8.224000000000001975e+00 3.426566314697265625e+01 3.100000000000000000e+01 9.200000000000000000e+01
8.606000000000003425e+00 3.426566314697265625e+01 3.200000000000000000e+01 1.040000000000000000e+02
8.910000000000003695e+00 3.426566314697265625e+01 3.300000000000000000e+01 1.020000000000000000e+02
9.177000000000003155e+00 3.426566314697265625e+01 3.400000000000000000e+01 1.270000000000000000e+02
9.971000000000007191e+00 3.426566314697265625e+01 3.500000000000000000e+01 1.400000000000000000e+02
1.007700000000000884e+01 3.426566314697265625e+01 3.600000000000000000e+01 1.280000000000000000e+02
1.035600000000000698e+01 3.426566314697265625e+01 3.700000000000000000e+01 1.020000000000000000e+02
1.054400000000000759e+01 3.426566314697265625e+01 3.800000000000000000e+01 1.850000000000000000e+02
1.132700000000000884e+01 3.426566314697265625e+01 3.900000000000000000e+01 1.940000000000000000e+02
1.145100000000000762e+01 3.426566314697265625e+01 4.000000000000000000e+01 2.130000000000000000e+02
1.188300000000000622e+01 3.426566314697265625e+01 4.100000000000000000e+01 1.780000000000000000e+02
1.166500000000000448e+01 3.426566314697265625e+01 4.200000000000000000e+01 2.300000000000000000e+02
1.205300000000000615e+01 3.426566314697265625e+01 4.300000000000000000e+01 2.870000000000000000e+02
1.235200000000000387e+01 3.426566314697265625e+01 4.400000000000000000e+01 3.020000000000000000e+02
0.000000000000000000e+00 3.426566314697265625e+01 4.500000000000000000e+01 5.000000000000000000e+01
1.264400000000000546e+01 3.426566314697265625e+01 4.600000000000000000e+01 3.260000000000000000e+02
1.298900000000000432e+01 3.426566314697265625e+01 4.700000000000000000e+01 3.980000000000000000e+02
1.355500000000000860e+01 3.426566314697265625e+01 4.800000000000000000e+01 3.040000000000000000e+02
1.387800000000000900e+01 3.426566314697265625e+01 4.900000000000000000e+01 4.020000000000000000e+02
1.422300000000001319e+01 3.426566314697265625e+01 5.000000000000000000e+01 4.640000000000000000e+02
1.459400000000001185e+01 3.426566314697265625e+01 5.100000000000000000e+01 3.340000000000000000e+02
1.463300000000000978e+01 3.426566314697265625e+01 5.200000000000000000e+01 3.720000000000000000e+02
1.507900000000000418e+01 3.426566314697265625e+01 5.300000000000000000e+01 5.080000000000000000e+02
1.573899999999999544e+01 3.426566314697265625e+01 5.400000000000000000e+01 8.140000000000000000e+02
1.662299999999998690e+01 3.426566314697265625e+01 5.500000000000000000e+01 5.090000000000000000e+02
1.681299999999998818e+01 3.426566314697265625e+01 5.600000000000000000e+01 1.000000000000000000e+00
1.694799999999997908e+01 3.426566314697265625e+01 5.700000000000000000e+01 7.080000000000000000e+02
1.734299999999997510e+01 3.426566314697265625e+01 5.800000000000000000e+01 8.080000000000000000e+02
1.804499999999994841e+01 3.426566314697265625e+01 5.900000000000000000e+01 5.780000000000000000e+02
1.846099999999994168e+01 3.426566314697265625e+01 6.000000000000000000e+01 1.012000000000000000e+03
1.861199999999992727e+01 3.426566314697265625e+01 6.100000000000000000e+01 1.148000000000000000e+03
1.945199999999994489e+01 3.426566314697265625e+01 6.200000000000000000e+01 8.750000000000000000e+02
2.020899999999997476e+01 3.426566314697265625e+01 6.300000000000000000e+01 7.330000000000000000e+02
2.104999999999999361e+01 3.426566314697265625e+01 6.400000000000000000e+01 1.097000000000000000e+03
2.121300000000000097e+01 3.426566314697265625e+01 6.500000000000000000e+01 1.002000000000000000e+03
2.306600000000007000e+01 3.426566314697265625e+01 6.600000000000000000e+01 1.012000000000000000e+03
2.378300000000009007e+01 3.426566314697265625e+01 6.700000000000000000e+01 1.194000000000000000e+03
2.438400000000011403e+01 3.426566314697265625e+01 6.800000000000000000e+01 1.923000000000000000e+03
2.531500000000015405e+01 3.426566314697265625e+01 6.900000000000000000e+01 1.151000000000000000e+03
2.678800000000020276e+01 3.426566314697265625e+01 7.000000000000000000e+01 2.204000000000000000e+03
3.425700000000047396e+01 3.426566314697265625e+01 7.100000000000000000e+01 1.474000000000000000e+03
0.000000000000000000e+00 3.426566314697265625e+01 0.000000000000000000e+00 0.000000000000000000e+00
3.426566314697265625e+01 3.426566314697265625e+01 0.000000000000000000e+00 0.000000000000000000e+00
3.426566314697265625e+01 3.426566314697265625e+01 0.000000000000000000e+00 0.000000000000000000e+00
1.533000000000000140e+00 3.388601684570312500e+01 0.000000000000000000e+00 2.000000000000000000e+00
2.320000000000000284e+00 3.388601684570312500e+01 1.000000000000000000e+00 6.000000000000000000e+00
2.893000000000000238e+00 3.388601684570312500e+01 2.000000000000000000e+00 2.000000000000000000e+01
0.000000000000000000e+00 3.388601684570312500e+01 3.000000000000000000e+00 2.000000000000000000e+00
3.080000000000000071e+00 3.388601684570312500e+01 4.000000000000000000e+00 2.000000000000000000e+00
3.080000000000000071e+00 3.388601684570312500e+01 5.000000000000000000e+00 4.000000000000000000e+00
3.603000000000000203e+00 3.388601684570312500e+01 6.000000000000000000e+00 1.000000000000000000e+01
3.603000000000000203e+00 3.388601684570312500e+01 7.000000000000000000e+00 3.000000000000000000e+01
3.771000000000000352e+00 3.388601684570312500e+01 8.000000000000000000e+00 2.200000000000000000e+01
0.000000000000000000e+00 3.388601684570312500e+01 9.000000000000000000e+00 1.000000000000000000e+00
4.097999999999999865e+00 3.388601684570312500e+01 1.000000000000000000e+01 2.800000000000000000e+01
4.410999999999999588e+00 3.388601684570312500e+01 1.100000000000000000e+01 1.500000000000000000e+01
4.366999999999999993e+00 3.388601684570312500e+01 1.200000000000000000e+01 3.000000000000000000e+01
4.859999999999999432e+00 3.388601684570312500e+01 1.300000000000000000e+01 3.900000000000000000e+01
4.802999999999999936e+00 3.388601684570312500e+01 1.400000000000000000e+01 1.800000000000000000e+01
5.136999999999999567e+00 3.388601684570312500e+01 1.500000000000000000e+01 6.000000000000000000e+00
5.412999999999999368e+00 3.388601684570312500e+01 1.600000000000000000e+01 2.600000000000000000e+01
5.412999999999999368e+00 3.388601684570312500e+01 1.700000000000000000e+01 2.900000000000000000e+01
5.543999999999999595e+00 3.388601684570312500e+01 1.800000000000000000e+01 2.900000000000000000e+01
5.676999999999999602e+00 3.388601684570312500e+01 1.900000000000000000e+01 4.600000000000000000e+01
6.029999999999999361e+00 3.388601684570312500e+01 2.000000000000000000e+01 4.800000000000000000e+01
6.142999999999999794e+00 3.388601684570312500e+01 2.100000000000000000e+01 4.900000000000000000e+01
6.945999999999999730e+00 3.388601684570312500e+01 2.200000000000000000e+01 3.800000000000000000e+01
6.945999999999999730e+00 3.388601684570312500e+01 2.300000000000000000e+01 5.500000000000000000e+01
7.179999999999999716e+00 3.388601684570312500e+01 2.400000000000000000e+01 4.800000000000000000e+01
7.179999999999999716e+00 3.388601684570312500e+01 2.500000000000000000e+01 4.400000000000000000e+01
7.179999999999999716e+00 3.388601684570312500e+01 2.600000000000000000e+01 6.800000000000000000e+01
7.299999999999999822e+00 3.388601684570312500e+01 2.700000000000000000e+01 7.800000000000000000e+01
7.516999999999999460e+00 3.388601684570312500e+01 2.800000000000000000e+01 7.100000000000000000e+01
7.619999999999999218e+00 3.388601684570312500e+01 2.900000000000000000e+01 6.300000000000000000e+01
7.885999999999999233e+00 3.388601684570312500e+01 3.000000000000000000e+01 5.900000000000000000e+01
8.042999999999999261e+00 3.388601684570312500e+01 3.100000000000000000e+01 5.200000000000000000e+01
8.738999999999997215e+00 3.388601684570312500e+01 3.200000000000000000e+01 6.600000000000000000e+01
8.871999999999996334e+00 3.388601684570312500e+01 3.300000000000000000e+01 7.600000000000000000e+01
9.179999999999996163e+00 3.388601684570312500e+01 3.400000000000000000e+01 1.020000000000000000e+02
9.446999999999997399e+00 3.388601684570312500e+01 3.500000000000000000e+01 1.190000000000000000e+02
9.707999999999998408e+00 3.388601684570312500e+01 3.600000000000000000e+01 1.480000000000000000e+02
9.709999999999997300e+00 3.388601684570312500e+01 3.700000000000000000e+01 1.270000000000000000e+02
1.036999999999999389e+01 3.388601684570312500e+01 3.800000000000000000e+01 1.720000000000000000e+02
1.056099999999999284e+01 3.388601684570312500e+01 3.900000000000000000e+01 1.790000000000000000e+02
1.084199999999999164e+01 3.388601684570312500e+01 4.000000000000000000e+01 2.750000000000000000e+02
1.099999999999998934e+01 3.388601684570312500e+01 4.100000000000000000e+01 2.390000000000000000e+02
1.112799999999998946e+01 3.388601684570312500e+01 4.200000000000000000e+01 2.740000000000000000e+02
1.176599999999998758e+01 3.388601684570312500e+01 4.300000000000000000e+01 2.700000000000000000e+01
1.164899999999998670e+01 3.388601684570312500e+01 4.400000000000000000e+01 2.270000000000000000e+02
1.228499999999998593e+01 3.388601684570312500e+01 4.500000000000000000e+01 2.280000000000000000e+02
1.236399999999998123e+01 3.388601684570312500e+01 4.600000000000000000e+01 3.320000000000000000e+02
1.291699999999998205e+01 3.388601684570312500e+01 4.700000000000000000e+01 3.660000000000000000e+02
1.343199999999997907e+01 3.388601684570312500e+01 4.800000000000000000e+01 3.730000000000000000e+02
1.368999999999997996e+01 3.388601684570312500e+01 4.900000000000000000e+01 3.740000000000000000e+02
1.420199999999997864e+01 3.388601684570312500e+01 5.000000000000000000e+01 4.330000000000000000e+02
1.421699999999998099e+01 3.388601684570312500e+01 5.100000000000000000e+01 3.910000000000000000e+02
1.495699999999998120e+01 3.388601684570312500e+01 5.200000000000000000e+01 5.410000000000000000e+02
1.533599999999998076e+01 3.388601684570312500e+01 5.300000000000000000e+01 6.170000000000000000e+02
1.567199999999997750e+01 3.388601684570312500e+01 5.400000000000000000e+01 5.350000000000000000e+02
1.555699999999997907e+01 3.388601684570312500e+01 5.500000000000000000e+01 4.930000000000000000e+02
1.603899999999997661e+01 3.388601684570312500e+01 5.600000000000000000e+01 6.860000000000000000e+02
1.700999999999995183e+01 3.388601684570312500e+01 5.700000000000000000e+01 5.120000000000000000e+02
1.757199999999994944e+01 3.388601684570312500e+01 5.800000000000000000e+01 7.350000000000000000e+02
1.793599999999993244e+01 3.388601684570312500e+01 5.900000000000000000e+01 9.670000000000000000e+02
1.827499999999992397e+01 3.388601684570312500e+01 6.000000000000000000e+01 8.320000000000000000e+02
1.915499999999991232e+01 3.388601684570312500e+01 6.100000000000000000e+01 7.500000000000000000e+02
1.987399999999993483e+01 3.388601684570312500e+01 6.200000000000000000e+01 7.240000000000000000e+02
2.037599999999995859e+01 3.388601684570312500e+01 6.300000000000000000e+01 1.171000000000000000e+03
2.126899999999998769e+01 3.388601684570312500e+01 6.400000000000000000e+01 1.125000000000000000e+03
2.239400000000003033e+01 3.388601684570312500e+01 6.500000000000000000e+01 9.910000000000000000e+02
2.303100000000005565e+01 3.388601684570312500e+01 6.600000000000000000e+01 1.199000000000000000e+03
2.370900000000008490e+01 3.388601684570312500e+01 6.700000000000000000e+01 1.929000000000000000e+03
2.478700000000012338e+01 3.388601684570312500e+01 6.800000000000000000e+01 1.320000000000000000e+03
2.560900000000015098e+01 3.388601684570312500e+01 6.900000000000000000e+01 1.196000000000000000e+03
2.735400000000021947e+01 3.388601684570312500e+01 7.000000000000000000e+01 2.420000000000000000e+03
3.389800000000045088e+01 3.388601684570312500e+01 7.100000000000000000e+01 1.471000000000000000e+03
0.000000000000000000e+00 3.388601684570312500e+01 0.000000000000000000e+00 0.000000000000000000e+00
3.388601684570312500e+01 3.388601684570312500e+01 0.000000000000000000e+00 0.000000000000000000e+00
3.388601684570312500e+01 3.388601684570312500e+01 0.000000000000000000e+00 0.000000000000000000e+00
1.919000000000000039e+00 3.333760261535644531e+01 0.000000000000000000e+00 1.100000000000000000e+01
2.314000000000000057e+00 3.333760261535644531e+01 1.000000000000000000e+00 6.000000000000000000e+00
2.693999999999999950e+00 3.333760261535644531e+01 2.000000000000000000e+00 1.700000000000000000e+01
2.883999999999999897e+00 3.333760261535644531e+01 3.000000000000000000e+00 1.300000000000000000e+01
3.244999999999999662e+00 3.333760261535644531e+01 4.000000000000000000e+00 1.800000000000000000e+01
3.599999999999999645e+00 3.333760261535644531e+01 5.000000000000000000e+00 2.100000000000000000e+01
3.599999999999999645e+00 3.333760261535644531e+01 6.000000000000000000e+00 1.900000000000000000e+01
3.774999999999999467e+00 3.333760261535644531e+01 7.000000000000000000e+00 2.000000000000000000e+01
3.950999999999999623e+00 3.333760261535644531e+01 8.000000000000000000e+00 3.700000000000000000e+01
4.271999999999999353e+00 3.333760261535644531e+01 9.000000000000000000e+00 2.400000000000000000e+01
4.271999999999999353e+00 3.333760261535644531e+01 1.000000000000000000e+01 2.900000000000000000e+01
4.432999999999998941e+00 3.333760261535644531e+01 1.100000000000000000e+01 3.100000000000000000e+01
4.729999999999999538e+00 3.333760261535644531e+01 1.200000000000000000e+01 4.500000000000000000e+01
4.701999999999999957e+00 3.333760261535644531e+01 1.300000000000000000e+01 2.900000000000000000e+01
5.022999999999999687e+00 3.333760261535644531e+01 1.400000000000000000e+01 3.500000000000000000e+01
5.022999999999999687e+00 3.333760261535644531e+01 1.500000000000000000e+01 4.000000000000000000e+01
5.165999999999999481e+00 3.333760261535644531e+01 1.600000000000000000e+01 3.600000000000000000e+01
5.165999999999999481e+00 3.333760261535644531e+01 1.700000000000000000e+01 3.500000000000000000e+01
5.296999999999999709e+00 3.333760261535644531e+01 1.800000000000000000e+01 3.400000000000000000e+01
5.237999999999999545e+00 3.333760261535644531e+01 1.900000000000000000e+01 2.700000000000000000e+01
5.521999999999999353e+00 3.333760261535644531e+01 2.000000000000000000e+01 4.500000000000000000e+01
5.904999999999998472e+00 3.333760261535644531e+01 2.100000000000000000e+01 4.800000000000000000e+01
6.126999999999998003e+00 3.333760261535644531e+01 2.200000000000000000e+01 2.100000000000000000e+01
0.000000000000000000e+00 3.333760261535644531e+01 2.300000000000000000e+01 5.300000000000000000e+01
6.476999999999998536e+00 3.333760261535644531e+01 2.400000000000000000e+01 4.900000000000000000e+01
6.582999999999998408e+00 3.333760261535644531e+01 2.500000000000000000e+01 4.800000000000000000e+01
0.000000000000000000e+00 3.333760261535644531e+01 2.600000000000000000e+01 5.200000000000000000e+01
6.670999999999998487e+00 3.333760261535644531e+01 2.700000000000000000e+01 5.600000000000000000e+01
7.048999999999998600e+00 3.333760261535644531e+01 2.800000000000000000e+01 4.200000000000000000e+01
7.220999999999999197e+00 3.333760261535644531e+01 2.900000000000000000e+01 7.100000000000000000e+01
0.000000000000000000e+00 3.333760261535644531e+01 3.000000000000000000e+01 7.300000000000000000e+01
7.375999999999998558e+00 3.333760261535644531e+01 3.100000000000000000e+01 8.000000000000000000e+01
7.427999999999999936e+00 3.333760261535644531e+01 3.200000000000000000e+01 7.200000000000000000e+01
7.975999999999999979e+00 3.333760261535644531e+01 3.300000000000000000e+01 8.600000000000000000e+01
8.392000000000001236e+00 3.333760261535644531e+01 3.400000000000000000e+01 9.600000000000000000e+01
8.378000000000000114e+00 3.333760261535644531e+01 3.500000000000000000e+01 1.200000000000000000e+02
8.929000000000002046e+00 3.333760261535644531e+01 3.600000000000000000e+01 1.000000000000000000e+02
9.054000000000002046e+00 3.333760261535644531e+01 3.700000000000000000e+01 1.240000000000000000e+02
9.356000000000001648e+00 3.333760261535644531e+01 3.800000000000000000e+01 1.330000000000000000e+02
9.747999999999997556e+00 3.333760261535644531e+01 3.900000000000000000e+01 1.880000000000000000e+02
9.890000000000000568e+00 3.333760261535644531e+01 4.000000000000000000e+01 2.000000000000000000e+02
1.022400000000000020e+01 3.333760261535644531e+01 4.100000000000000000e+01 2.520000000000000000e+02
1.052100000000000080e+01 3.333760261535644531e+01 4.200000000000000000e+01 1.760000000000000000e+02
1.075599999999999845e+01 3.333760261535644531e+01 4.300000000000000000e+01 2.940000000000000000e+02
1.106599999999999895e+01 3.333760261535644531e+01 4.400000000000000000e+01 3.350000000000000000e+02
1.142600000000000016e+01 3.333760261535644531e+01 4.500000000000000000e+01 3.450000000000000000e+02
1.189599999999999724e+01 3.333760261535644531e+01 4.600000000000000000e+01 3.800000000000000000e+02
1.238100000000000200e+01 3.333760261535644531e+01 4.700000000000000000e+01 3.320000000000000000e+02
1.232800000000000296e+01 3.333760261535644531e+01 4.800000000000000000e+01 3.830000000000000000e+02
1.257600000000000229e+01 3.333760261535644531e+01 4.900000000000000000e+01 4.230000000000000000e+02
1.310700000000000820e+01 3.333760261535644531e+01 5.000000000000000000e+01 4.700000000000000000e+02
1.331800000000000672e+01 3.333760261535644531e+01 5.100000000000000000e+01 5.040000000000000000e+02
1.373700000000001076e+01 3.333760261535644531e+01 5.200000000000000000e+01 5.230000000000000000e+02
1.403100000000000591e+01 3.333760261535644531e+01 5.300000000000000000e+01 4.290000000000000000e+02
1.449100000000000144e+01 3.333760261535644531e+01 5.400000000000000000e+01 5.030000000000000000e+02
1.513699999999999868e+01 3.333760261535644531e+01 5.500000000000000000e+01 7.320000000000000000e+02
1.578300000000000658e+01 3.333760261535644531e+01 5.600000000000000000e+01 8.080000000000000000e+02
1.573300000000000765e+01 3.333760261535644531e+01 5.700000000000000000e+01 6.850000000000000000e+02
1.631200000000000117e+01 3.333760261535644531e+01 5.800000000000000000e+01 1.024000000000000000e+03
1.689499999999997115e+01 3.333760261535644531e+01 5.900000000000000000e+01 9.510000000000000000e+02
1.703099999999996683e+01 3.333760261535644531e+01 6.000000000000000000e+01 3.000000000000000000e+00
1.711899999999997135e+01 3.333760261535644531e+01 6.100000000000000000e+01 6.000000000000000000e+02
1.765899999999998471e+01 3.333760261535644531e+01 6.200000000000000000e+01 1.223000000000000000e+03
1.856100000000000350e+01 3.333760261535644531e+01 6.300000000000000000e+01 8.430000000000000000e+02
1.945200000000001594e+01 3.333760261535644531e+01 6.400000000000000000e+01 1.181000000000000000e+03
2.061400000000006827e+01 3.333760261535644531e+01 6.500000000000000000e+01 1.008000000000000000e+03
2.069800000000007145e+01 3.333760261535644531e+01 6.600000000000000000e+01 8.340000000000000000e+02
2.172100000000009246e+01 3.333760261535644531e+01 6.700000000000000000e+01 1.700000000000000000e+03
2.271600000000013964e+01 3.333760261535644531e+01 6.800000000000000000e+01 1.171000000000000000e+03
2.311400000000014288e+01 3.333760261535644531e+01 6.900000000000000000e+01 1.162000000000000000e+03
2.374900000000017641e+01 3.333760261535644531e+01 7.000000000000000000e+01 1.522000000000000000e+03
3.332400000000052387e+01 3.333760261535644531e+01 7.100000000000000000e+01 1.360000000000000000e+03
0.000000000000000000e+00 3.333760261535644531e+01 0.000000000000000000e+00 0.000000000000000000e+00
3.333760261535644531e+01 3.333760261535644531e+01 0.000000000000000000e+00 0.000000000000000000e+00
3.333760261535644531e+01 3.333760261535644531e+01 0.000000000000000000e+00 0.000000000000000000e+00
1.497999999999999998e+00 3.372729206085205078e+01 0.000000000000000000e+00 0.000000000000000000e+00
2.464999999999999858e+00 3.372729206085205078e+01 1.000000000000000000e+00 1.000000000000000000e+01
3.215999999999999748e+00 3.372729206085205078e+01 2.000000000000000000e+00 8.000000000000000000e+00
3.404999999999999805e+00 3.372729206085205078e+01 3.000000000000000000e+00 2.300000000000000000e+01
3.586999999999999744e+00 3.372729206085205078e+01 4.000000000000000000e+00 2.200000000000000000e+01
3.586999999999999744e+00 3.372729206085205078e+01 5.000000000000000000e+00 2.700000000000000000e+01
3.586999999999999744e+00 3.372729206085205078e+01 6.000000000000000000e+00 2.300000000000000000e+01
3.929999999999999716e+00 3.372729206085205078e+01 7.000000000000000000e+00 9.000000000000000000e+00
0.000000000000000000e+00 3.372729206085205078e+01 8.000000000000000000e+00 1.000000000000000000e+01
3.893999999999999684e+00 3.372729206085205078e+01 9.000000000000000000e+00 1.900000000000000000e+01
4.091999999999999638e+00 3.372729206085205078e+01 1.000000000000000000e+01 1.000000000000000000e+00
4.394000000000000128e+00 3.372729206085205078e+01 1.100000000000000000e+01 3.300000000000000000e+01
4.684000000000000163e+00 3.372729206085205078e+01 1.200000000000000000e+01 3.300000000000000000e+01
4.826999999999999957e+00 3.372729206085205078e+01 1.300000000000000000e+01 2.600000000000000000e+01
4.966000000000000192e+00 3.372729206085205078e+01 1.400000000000000000e+01 3.800000000000000000e+01
5.100000000000000533e+00 3.372729206085205078e+01 1.500000000000000000e+01 2.100000000000000000e+01
4.918000000000000149e+00 3.372729206085205078e+01 1.600000000000000000e+01 3.300000000000000000e+01
5.232000000000000206e+00 3.372729206085205078e+01 1.700000000000000000e+01 3.500000000000000000e+01
5.232000000000000206e+00 3.372729206085205078e+01 1.800000000000000000e+01 1.500000000000000000e+01
5.174999999999999822e+00 3.372729206085205078e+01 1.900000000000000000e+01 4.500000000000000000e+01
5.425000000000000711e+00 3.372729206085205078e+01 2.000000000000000000e+01 2.400000000000000000e+01
6.030000000000002025e+00 3.372729206085205078e+01 2.100000000000000000e+01 4.900000000000000000e+01
6.352000000000002089e+00 3.372729206085205078e+01 2.200000000000000000e+01 6.400000000000000000e+01
6.403000000000002245e+00 3.372729206085205078e+01 2.300000000000000000e+01 6.400000000000000000e+01
6.642000000000002125e+00 3.372729206085205078e+01 2.400000000000000000e+01 9.000000000000000000e+01
6.866000000000002323e+00 3.372729206085205078e+01 2.500000000000000000e+01 6.400000000000000000e+01
6.965000000000002522e+00 3.372729206085205078e+01 2.600000000000000000e+01 4.700000000000000000e+01
7.148000000000003240e+00 3.372729206085205078e+01 2.700000000000000000e+01 5.300000000000000000e+01
7.094000000000002970e+00 3.372729206085205078e+01 2.800000000000000000e+01 7.200000000000000000e+01
7.844000000000004746e+00 3.372729206085205078e+01 2.900000000000000000e+01 8.100000000000000000e+01
8.247000000000003439e+00 3.372729206085205078e+01 3.000000000000000000e+01 9.400000000000000000e+01
8.223000000000004306e+00 3.372729206085205078e+01 3.100000000000000000e+01 1.130000000000000000e+02
8.396000000000002572e+00 3.372729206085205078e+01 3.200000000000000000e+01 1.000000000000000000e+02
8.843000000000001748e+00 3.372729206085205078e+01 3.300000000000000000e+01 1.340000000000000000e+02
9.121000000000002217e+00 3.372729206085205078e+01 3.400000000000000000e+01 1.770000000000000000e+02
9.583000000000003737e+00 3.372729206085205078e+01 3.500000000000000000e+01 1.480000000000000000e+02
9.824000000000005173e+00 3.372729206085205078e+01 3.600000000000000000e+01 1.970000000000000000e+02
1.003200000000000536e+01 3.372729206085205078e+01 3.700000000000000000e+01 2.360000000000000000e+02
1.033600000000000740e+01 3.372729206085205078e+01 3.800000000000000000e+01 1.850000000000000000e+02
1.049900000000000588e+01 3.372729206085205078e+01 3.900000000000000000e+01 2.030000000000000000e+02
1.070800000000000729e+01 3.372729206085205078e+01 4.000000000000000000e+01 1.870000000000000000e+02
1.124800000000001177e+01 3.372729206085205078e+01 4.100000000000000000e+01 2.890000000000000000e+02
1.172200000000001019e+01 3.372729206085205078e+01 4.200000000000000000e+01 2.360000000000000000e+02
1.218700000000000827e+01 3.372729206085205078e+01 4.300000000000000000e+01 2.000000000000000000e+00
1.223300000000000765e+01 3.372729206085205078e+01 4.400000000000000000e+01 3.130000000000000000e+02
1.223200000000000820e+01 3.372729206085205078e+01 4.500000000000000000e+01 2.860000000000000000e+02
1.272400000000000375e+01 3.372729206085205078e+01 4.600000000000000000e+01 4.050000000000000000e+02
1.318000000000001037e+01 3.372729206085205078e+01 4.700000000000000000e+01 4.040000000000000000e+02
1.325500000000001144e+01 3.372729206085205078e+01 4.800000000000000000e+01 2.970000000000000000e+02
1.355700000000001282e+01 3.372729206085205078e+01 4.900000000000000000e+01 4.350000000000000000e+02
1.432800000000001894e+01 3.372729206085205078e+01 5.000000000000000000e+01 5.270000000000000000e+02
1.474500000000001343e+01 3.372729206085205078e+01 5.100000000000000000e+01 4.750000000000000000e+02
1.508400000000001207e+01 3.372729206085205078e+01 5.200000000000000000e+01 6.010000000000000000e+02
1.531200000000001005e+01 3.372729206085205078e+01 5.300000000000000000e+01 5.400000000000000000e+02
1.597799999999999976e+01 3.372729206085205078e+01 5.400000000000000000e+01 6.930000000000000000e+02
1.673099999999997323e+01 3.372729206085205078e+01 5.500000000000000000e+01 6.270000000000000000e+02
0.000000000000000000e+00 3.372729206085205078e+01 5.600000000000000000e+01 6.170000000000000000e+02
1.746099999999993102e+01 3.372729206085205078e+01 5.700000000000000000e+01 8.260000000000000000e+02
1.752599999999993230e+01 3.372729206085205078e+01 5.800000000000000000e+01 1.022000000000000000e+03
1.827099999999988711e+01 3.372729206085205078e+01 5.900000000000000000e+01 7.340000000000000000e+02
1.905899999999987315e+01 3.372729206085205078e+01 6.000000000000000000e+01 7.390000000000000000e+02
1.889599999999987645e+01 3.372729206085205078e+01 6.100000000000000000e+01 1.426000000000000000e+03
1.968999999999986983e+01 3.372729206085205078e+01 6.200000000000000000e+01 1.413000000000000000e+03
2.020699999999989060e+01 3.372729206085205078e+01 6.300000000000000000e+01 1.597000000000000000e+03
2.078999999999991388e+01 3.372729206085205078e+01 6.400000000000000000e+01 1.184000000000000000e+03
2.159099999999994424e+01 3.372729206085205078e+01 6.500000000000000000e+01 9.520000000000000000e+02
2.211699999999997246e+01 3.372729206085205078e+01 6.600000000000000000e+01 1.041000000000000000e+03
2.293199999999999861e+01 3.372729206085205078e+01 6.700000000000000000e+01 1.054000000000000000e+03
2.369400000000002038e+01 3.372729206085205078e+01 6.800000000000000000e+01 1.258000000000000000e+03
2.481800000000005468e+01 3.372729206085205078e+01 6.900000000000000000e+01 1.128000000000000000e+03
2.702100000000013225e+01 3.372729206085205078e+01 7.000000000000000000e+01 2.128000000000000000e+03
3.354900000000038318e+01 3.372729206085205078e+01 7.100000000000000000e+01 1.459000000000000000e+03
0.000000000000000000e+00 3.372729206085205078e+01 0.000000000000000000e+00 0.000000000000000000e+00
3.372729206085205078e+01 3.372729206085205078e+01 0.000000000000000000e+00 0.000000000000000000e+00
3.372729206085205078e+01 3.372729206085205078e+01 0.000000000000000000e+00 0.000000000000000000e+00
1.302999999999999936e+00 3.571837735176086426e+01 0.000000000000000000e+00 4.000000000000000000e+00
2.069999999999999840e+00 3.571837735176086426e+01 1.000000000000000000e+00 9.000000000000000000e+00
2.259999999999999787e+00 3.571837735176086426e+01 2.000000000000000000e+00 1.700000000000000000e+01
2.632999999999999563e+00 3.571837735176086426e+01 3.000000000000000000e+00 1.000000000000000000e+00
2.816999999999999726e+00 3.571837735176086426e+01 4.000000000000000000e+00 1.500000000000000000e+01
2.816999999999999726e+00 3.571837735176086426e+01 5.000000000000000000e+00 1.300000000000000000e+01
2.992999999999999883e+00 3.571837735176086426e+01 6.000000000000000000e+00 1.500000000000000000e+01
2.992999999999999883e+00 3.571837735176086426e+01 7.000000000000000000e+00 8.000000000000000000e+00
2.992999999999999883e+00 3.571837735176086426e+01 8.000000000000000000e+00 1.000000000000000000e+00
3.472999999999999865e+00 3.571837735176086426e+01 9.000000000000000000e+00 1.000000000000000000e+00
3.472999999999999865e+00 3.571837735176086426e+01 1.000000000000000000e+01 2.200000000000000000e+01
3.472999999999999865e+00 3.571837735176086426e+01 1.100000000000000000e+01 2.400000000000000000e+01
3.627999999999999670e+00 3.571837735176086426e+01 1.200000000000000000e+01 2.000000000000000000e+01
3.627999999999999670e+00 3.571837735176086426e+01 1.300000000000000000e+01 1.700000000000000000e+01
3.905999999999999694e+00 3.571837735176086426e+01 1.400000000000000000e+01 1.500000000000000000e+01
3.905999999999999694e+00 3.571837735176086426e+01 1.500000000000000000e+01 1.200000000000000000e+01
4.016999999999999460e+00 3.571837735176086426e+01 1.600000000000000000e+01 9.000000000000000000e+00
4.272999999999999687e+00 3.571837735176086426e+01 1.700000000000000000e+01 2.800000000000000000e+01
4.427999999999999048e+00 3.571837735176086426e+01 1.800000000000000000e+01 5.000000000000000000e+01
4.551999999999998714e+00 3.571837735176086426e+01 1.900000000000000000e+01 2.700000000000000000e+01
5.008999999999999453e+00 3.571837735176086426e+01 2.000000000000000000e+01 4.400000000000000000e+01
4.986000000000000654e+00 3.571837735176086426e+01 2.100000000000000000e+01 4.900000000000000000e+01
5.475999999999999979e+00 3.571837735176086426e+01 2.200000000000000000e+01 4.300000000000000000e+01
5.784000000000001585e+00 3.571837735176086426e+01 2.300000000000000000e+01 6.100000000000000000e+01
5.978000000000000647e+00 3.571837735176086426e+01 2.400000000000000000e+01 6.200000000000000000e+01
6.274000000000000909e+00 3.571837735176086426e+01 2.500000000000000000e+01 8.100000000000000000e+01
6.274000000000000909e+00 3.571837735176086426e+01 2.600000000000000000e+01 6.400000000000000000e+01
6.457000000000000739e+00 3.571837735176086426e+01 2.700000000000000000e+01 9.400000000000000000e+01
6.892000000000000348e+00 3.571837735176086426e+01 2.800000000000000000e+01 9.100000000000000000e+01
7.230000000000000426e+00 3.571837735176086426e+01 2.900000000000000000e+01 1.140000000000000000e+02
7.393000000000000682e+00 3.571837735176086426e+01 3.000000000000000000e+01 1.050000000000000000e+02
7.465000000000001634e+00 3.571837735176086426e+01 3.100000000000000000e+01 1.020000000000000000e+02
7.855000000000001315e+00 3.571837735176086426e+01 3.200000000000000000e+01 1.450000000000000000e+02
8.049000000000001265e+00 3.571837735176086426e+01 3.300000000000000000e+01 1.690000000000000000e+02
8.359000000000001762e+00 3.571837735176086426e+01 3.400000000000000000e+01 1.190000000000000000e+02
8.427000000000001378e+00 3.571837735176086426e+01 3.500000000000000000e+01 1.580000000000000000e+02
8.563000000000004164e+00 3.571837735176086426e+01 3.600000000000000000e+01 1.670000000000000000e+02
9.055000000000003268e+00 3.571837735176086426e+01 3.700000000000000000e+01 1.440000000000000000e+02
9.050000000000000711e+00 3.571837735176086426e+01 3.800000000000000000e+01 2.450000000000000000e+02
9.355999999999999872e+00 3.571837735176086426e+01 3.900000000000000000e+01 2.000000000000000000e+02
9.715000000000003411e+00 3.571837735176086426e+01 4.000000000000000000e+01 2.000000000000000000e+02
9.947000000000000952e+00 3.571837735176086426e+01 4.100000000000000000e+01 2.410000000000000000e+02
1.019100000000000072e+01 3.571837735176086426e+01 4.200000000000000000e+01 2.590000000000000000e+02
1.013299999999999912e+01 3.571837735176086426e+01 4.300000000000000000e+01 2.920000000000000000e+02
1.064499999999999780e+01 3.571837735176086426e+01 4.400000000000000000e+01 2.680000000000000000e+02
1.055699999999999861e+01 3.571837735176086426e+01 4.500000000000000000e+01 3.300000000000000000e+02
1.129199999999999449e+01 3.571837735176086426e+01 4.600000000000000000e+01 3.170000000000000000e+02
1.181400000000000361e+01 3.571837735176086426e+01 4.700000000000000000e+01 3.190000000000000000e+02
1.190100000000000513e+01 3.571837735176086426e+01 4.800000000000000000e+01 3.380000000000000000e+02
1.221799999999999997e+01 3.571837735176086426e+01 4.900000000000000000e+01 3.870000000000000000e+02
1.297100000000000541e+01 3.571837735176086426e+01 5.000000000000000000e+01 5.250000000000000000e+02
1.309100000000000286e+01 3.571837735176086426e+01 5.100000000000000000e+01 5.690000000000000000e+02
1.358900000000000041e+01 3.571837735176086426e+01 5.200000000000000000e+01 5.270000000000000000e+02
1.377300000000000146e+01 3.571837735176086426e+01 5.300000000000000000e+01 4.450000000000000000e+02
1.411699999999999378e+01 3.571837735176086426e+01 5.400000000000000000e+01 7.040000000000000000e+02
1.492499999999998828e+01 3.571837735176086426e+01 5.500000000000000000e+01 5.550000000000000000e+02
0.000000000000000000e+00 3.571837735176086426e+01 5.600000000000000000e+01 7.240000000000000000e+02
1.522099999999998765e+01 3.571837735176086426e+01 5.700000000000000000e+01 8.250000000000000000e+02
1.582199999999999918e+01 3.571837735176086426e+01 5.800000000000000000e+01 8.050000000000000000e+02
1.635099999999997067e+01 3.571837735176086426e+01 5.900000000000000000e+01 7.370000000000000000e+02
1.665299999999996317e+01 3.571837735176086426e+01 6.000000000000000000e+01 6.640000000000000000e+02
1.698699999999996635e+01 3.571837735176086426e+01 6.100000000000000000e+01 1.224000000000000000e+03
1.758799999999997965e+01 3.571837735176086426e+01 6.200000000000000000e+01 1.224000000000000000e+03
1.827899999999999991e+01 3.571837735176086426e+01 6.300000000000000000e+01 8.650000000000000000e+02
1.855400000000002692e+01 3.571837735176086426e+01 6.400000000000000000e+01 1.452000000000000000e+03
1.926300000000004431e+01 3.571837735176086426e+01 6.500000000000000000e+01 1.421000000000000000e+03
1.963900000000005264e+01 3.571837735176086426e+01 6.600000000000000000e+01 1.012000000000000000e+03
2.098600000000009302e+01 3.571837735176086426e+01 6.700000000000000000e+01 1.835000000000000000e+03
2.198000000000013543e+01 3.571837735176086426e+01 6.800000000000000000e+01 1.079000000000000000e+03
2.269700000000015550e+01 3.571837735176086426e+01 6.900000000000000000e+01 1.263000000000000000e+03
2.470300000000023388e+01 3.571837735176086426e+01 7.000000000000000000e+01 1.967000000000000000e+03
3.572800000000063392e+01 3.571837735176086426e+01 7.100000000000000000e+01 1.779000000000000000e+03
0.000000000000000000e+00 3.571837735176086426e+01 0.000000000000000000e+00 0.000000000000000000e+00
3.571837735176086426e+01 3.571837735176086426e+01 0.000000000000000000e+00 0.000000000000000000e+00
3.571837735176086426e+01 3.571837735176086426e+01 0.000000000000000000e+00 0.000000000000000000e+00
2.261999999999999567e+00 2.940540099143981934e+01 0.000000000000000000e+00 5.000000000000000000e+00
2.845999999999999641e+00 2.940540099143981934e+01 1.000000000000000000e+00 1.000000000000000000e+01
2.845999999999999641e+00 2.940540099143981934e+01 2.000000000000000000e+00 1.000000000000000000e+01
2.845999999999999641e+00 2.940540099143981934e+01 3.000000000000000000e+00 1.300000000000000000e+01
3.217999999999999972e+00 2.940540099143981934e+01 4.000000000000000000e+00 1.400000000000000000e+01
3.394000000000000128e+00 2.940540099143981934e+01 5.000000000000000000e+00 3.000000000000000000e+00
3.568000000000000060e+00 2.940540099143981934e+01 6.000000000000000000e+00 2.400000000000000000e+01
3.568000000000000060e+00 2.940540099143981934e+01 7.000000000000000000e+00 7.000000000000000000e+00
3.705999999999999961e+00 2.940540099143981934e+01 8.000000000000000000e+00 1.600000000000000000e+01
4.060999999999999943e+00 2.940540099143981934e+01 9.000000000000000000e+00 9.000000000000000000e+00
4.060999999999999943e+00 2.940540099143981934e+01 1.000000000000000000e+01 1.600000000000000000e+01
0.000000000000000000e+00 2.940540099143981934e+01 1.100000000000000000e+01 2.400000000000000000e+01
4.216000000000000192e+00 2.940540099143981934e+01 1.200000000000000000e+01 2.900000000000000000e+01
4.358999999999999986e+00 2.940540099143981934e+01 1.300000000000000000e+01 1.700000000000000000e+01
4.500000000000000000e+00 2.940540099143981934e+01 1.400000000000000000e+01 1.200000000000000000e+01
4.500000000000000000e+00 2.940540099143981934e+01 1.500000000000000000e+01 7.000000000000000000e+00
5.022999999999999687e+00 2.940540099143981934e+01 1.600000000000000000e+01 1.000000000000000000e+01
5.149999999999999467e+00 2.940540099143981934e+01 1.700000000000000000e+01 4.200000000000000000e+01
5.149999999999999467e+00 2.940540099143981934e+01 1.800000000000000000e+01 1.000000000000000000e+00
5.273999999999999133e+00 2.940540099143981934e+01 1.900000000000000000e+01 3.000000000000000000e+01
5.315999999999998948e+00 2.940540099143981934e+01 2.000000000000000000e+01 4.800000000000000000e+01
5.507999999999999119e+00 2.940540099143981934e+01 2.100000000000000000e+01 5.300000000000000000e+01
5.537999999999999368e+00 2.940540099143981934e+01 2.200000000000000000e+01 6.600000000000000000e+01
5.902999999999999581e+00 2.940540099143981934e+01 2.300000000000000000e+01 5.500000000000000000e+01
6.246999999999999886e+00 2.940540099143981934e+01 2.400000000000000000e+01 4.500000000000000000e+01
6.346999999999999531e+00 2.940540099143981934e+01 2.500000000000000000e+01 3.800000000000000000e+01
6.441999999999999282e+00 2.940540099143981934e+01 2.600000000000000000e+01 1.900000000000000000e+01
6.625999999999999446e+00 2.940540099143981934e+01 2.700000000000000000e+01 5.600000000000000000e+01
7.148000000000000576e+00 2.940540099143981934e+01 2.800000000000000000e+01 6.100000000000000000e+01
7.483000000000001428e+00 2.940540099143981934e+01 2.900000000000000000e+01 7.100000000000000000e+01
7.648000000000001464e+00 2.940540099143981934e+01 3.000000000000000000e+01 7.600000000000000000e+01
7.962000000000002409e+00 2.940540099143981934e+01 3.100000000000000000e+01 1.010000000000000000e+02
8.384000000000000341e+00 2.940540099143981934e+01 3.200000000000000000e+01 1.030000000000000000e+02
8.715999999999997527e+00 2.940540099143981934e+01 3.300000000000000000e+01 8.200000000000000000e+01
8.706000000000001293e+00 2.940540099143981934e+01 3.400000000000000000e+01 1.210000000000000000e+02
9.399000000000000909e+00 2.940540099143981934e+01 3.500000000000000000e+01 1.460000000000000000e+02
9.657000000000001805e+00 2.940540099143981934e+01 3.600000000000000000e+01 1.080000000000000000e+02
1.002500000000000213e+01 2.940540099143981934e+01 3.700000000000000000e+01 1.500000000000000000e+02
9.973000000000002530e+00 2.940540099143981934e+01 3.800000000000000000e+01 1.370000000000000000e+02
1.036300000000000132e+01 2.940540099143981934e+01 3.900000000000000000e+01 2.570000000000000000e+02
1.060700000000000465e+01 2.940540099143981934e+01 4.000000000000000000e+01 1.780000000000000000e+02
1.106600000000000250e+01 2.940540099143981934e+01 4.100000000000000000e+01 2.890000000000000000e+02
1.114400000000000368e+01 2.940540099143981934e+01 4.200000000000000000e+01 2.900000000000000000e+02
1.173200000000000109e+01 2.940540099143981934e+01 4.300000000000000000e+01 2.810000000000000000e+02
1.149800000000000644e+01 2.940540099143981934e+01 4.400000000000000000e+01 2.560000000000000000e+02
1.228700000000000259e+01 2.940540099143981934e+01 4.500000000000000000e+01 5.000000000000000000e+00
1.230300000000000260e+01 2.940540099143981934e+01 4.600000000000000000e+01 3.220000000000000000e+02
1.268600000000000705e+01 2.940540099143981934e+01 4.700000000000000000e+01 4.020000000000000000e+02
1.324700000000000522e+01 2.940540099143981934e+01 4.800000000000000000e+01 3.600000000000000000e+02
1.326100000000000634e+01 2.940540099143981934e+01 4.900000000000000000e+01 3.910000000000000000e+02
1.373300000000000942e+01 2.940540099143981934e+01 5.000000000000000000e+01 5.560000000000000000e+02
1.426200000000000401e+01 2.940540099143981934e+01 5.100000000000000000e+01 5.580000000000000000e+02
1.481900000000000794e+01 2.940540099143981934e+01 5.200000000000000000e+01 6.240000000000000000e+02
1.519700000000000450e+01 2.940540099143981934e+01 5.300000000000000000e+01 5.030000000000000000e+02
1.530500000000000149e+01 2.940540099143981934e+01 5.400000000000000000e+01 4.420000000000000000e+02
1.582200000000000095e+01 2.940540099143981934e+01 5.500000000000000000e+01 7.920000000000000000e+02
1.633500000000001862e+01 2.940540099143981934e+01 5.600000000000000000e+01 5.800000000000000000e+02
1.678400000000000958e+01 2.940540099143981934e+01 5.700000000000000000e+01 8.030000000000000000e+02
1.692700000000001737e+01 2.940540099143981934e+01 5.800000000000000000e+01 8.950000000000000000e+02
1.762899999999998002e+01 2.940540099143981934e+01 5.900000000000000000e+01 1.002000000000000000e+03
1.822399999999998599e+01 2.940540099143981934e+01 6.000000000000000000e+01 6.620000000000000000e+02
1.841199999999998838e+01 2.940540099143981934e+01 6.100000000000000000e+01 8.120000000000000000e+02
1.884199999999999520e+01 2.940540099143981934e+01 6.200000000000000000e+01 1.280000000000000000e+03
2.003400000000003800e+01 2.940540099143981934e+01 6.300000000000000000e+01 8.760000000000000000e+02
2.093100000000007199e+01 2.940540099143981934e+01 6.400000000000000000e+01 9.790000000000000000e+02
2.152000000000009550e+01 2.940540099143981934e+01 6.500000000000000000e+01 9.950000000000000000e+02
2.235900000000012255e+01 2.940540099143981934e+01 6.600000000000000000e+01 1.886000000000000000e+03
2.351900000000016533e+01 2.940540099143981934e+01 6.700000000000000000e+01 1.193000000000000000e+03
2.380700000000017624e+01 2.940540099143981934e+01 6.800000000000000000e+01 1.096000000000000000e+03
2.445200000000020069e+01 2.940540099143981934e+01 6.900000000000000000e+01 1.893000000000000000e+03
2.586500000000025068e+01 2.940540099143981934e+01 7.000000000000000000e+01 9.550000000000000000e+02
2.941100000000037085e+01 2.940540099143981934e+01 7.100000000000000000e+01 1.317000000000000000e+03
0.000000000000000000e+00 2.940540099143981934e+01 0.000000000000000000e+00 0.000000000000000000e+00
2.940540099143981934e+01 2.940540099143981934e+01 0.000000000000000000e+00 0.000000000000000000e+00
2.940540099143981934e+01 2.940540099143981934e+01 0.000000000000000000e+00 0.000000000000000000e+00
