3.175000000000000266e+00 5.059308266639709473e+01 0.000000000000000000e+00 0.000000000000000000e+00
5.222000000000000419e+00 5.059308266639709473e+01 1.000000000000000000e+00 4.000000000000000000e+00
7.046000000000000263e+00 5.059308266639709473e+01 2.000000000000000000e+00 1.000000000000000000e+01
8.007000000000001450e+00 5.059308266639709473e+01 3.000000000000000000e+00 1.700000000000000000e+01
8.570000000000000284e+00 5.059308266639709473e+01 4.000000000000000000e+00 1.900000000000000000e+01
8.933999999999999275e+00 5.059308266639709473e+01 5.000000000000000000e+00 1.800000000000000000e+01
9.794999999999998153e+00 5.059308266639709473e+01 6.000000000000000000e+00 2.300000000000000000e+01
1.107999999999999474e+01 5.059308266639709473e+01 7.000000000000000000e+00 5.400000000000000000e+01
1.121199999999999442e+01 5.059308266639709473e+01 8.000000000000000000e+00 3.900000000000000000e+01
1.141699999999999449e+01 5.059308266639709473e+01 9.000000000000000000e+00 4.000000000000000000e+01
1.174399999999999444e+01 5.059308266639709473e+01 1.000000000000000000e+01 6.000000000000000000e+01
1.222199999999999420e+01 5.059308266639709473e+01 1.100000000000000000e+01 3.200000000000000000e+01
1.237999999999999368e+01 5.059308266639709473e+01 1.200000000000000000e+01 3.900000000000000000e+01
1.282999999999999297e+01 5.059308266639709473e+01 1.300000000000000000e+01 7.600000000000000000e+01
1.322799999999999265e+01 5.059308266639709473e+01 1.400000000000000000e+01 1.030000000000000000e+02
1.396099999999999319e+01 5.059308266639709473e+01 1.500000000000000000e+01 6.100000000000000000e+01
1.503599999999999426e+01 5.059308266639709473e+01 1.600000000000000000e+01 1.050000000000000000e+02
1.517999999999999439e+01 5.059308266639709473e+01 1.700000000000000000e+01 8.700000000000000000e+01
1.594199999999999662e+01 5.059308266639709473e+01 1.800000000000000000e+01 1.230000000000000000e+02
1.667599999999999483e+01 5.059308266639709473e+01 1.900000000000000000e+01 1.070000000000000000e+02
1.679899999999999594e+01 5.059308266639709473e+01 2.000000000000000000e+01 1.060000000000000000e+02
1.689300000000000068e+01 5.059308266639709473e+01 2.100000000000000000e+01 1.190000000000000000e+02
1.750000000000000000e+01 5.059308266639709473e+01 2.200000000000000000e+01 1.330000000000000000e+02
1.853000000000000469e+01 5.059308266639709473e+01 2.300000000000000000e+01 1.490000000000000000e+02
1.908400000000000318e+01 5.059308266639709473e+01 2.400000000000000000e+01 1.370000000000000000e+02
1.909000000000001052e+01 5.059308266639709473e+01 2.500000000000000000e+01 9.400000000000000000e+01
1.957400000000000517e+01 5.059308266639709473e+01 2.600000000000000000e+01 1.590000000000000000e+02
2.013800000000000523e+01 5.059308266639709473e+01 2.700000000000000000e+01 1.600000000000000000e+02
2.059500000000000597e+01 5.059308266639709473e+01 2.800000000000000000e+01 2.040000000000000000e+02
2.076700000000000657e+01 5.059308266639709473e+01 2.900000000000000000e+01 1.840000000000000000e+02
2.129000000000000625e+01 5.059308266639709473e+01 3.000000000000000000e+01 1.950000000000000000e+02
2.124800000000000466e+01 5.059308266639709473e+01 3.100000000000000000e+01 2.230000000000000000e+02
2.231000000000000938e+01 5.059308266639709473e+01 3.200000000000000000e+01 2.310000000000000000e+02
2.231000000000000938e+01 5.059308266639709473e+01 3.300000000000000000e+01 2.010000000000000000e+02
2.260800000000000765e+01 5.059308266639709473e+01 3.400000000000000000e+01 2.070000000000000000e+02
2.353000000000000824e+01 5.059308266639709473e+01 3.500000000000000000e+01 2.300000000000000000e+02
2.358400000000001029e+01 5.059308266639709473e+01 3.600000000000000000e+01 1.960000000000000000e+02
2.430800000000002115e+01 5.059308266639709473e+01 3.700000000000000000e+01 3.060000000000000000e+02
2.512300000000001532e+01 5.059308266639709473e+01 3.800000000000000000e+01 3.200000000000000000e+02
2.554900000000002080e+01 5.059308266639709473e+01 3.900000000000000000e+01 2.810000000000000000e+02
2.626800000000001845e+01 5.059308266639709473e+01 4.000000000000000000e+01 3.390000000000000000e+02
2.706500000000000838e+01 5.059308266639709473e+01 4.100000000000000000e+01 3.470000000000000000e+02
2.748200000000000287e+01 5.059308266639709473e+01 4.200000000000000000e+01 3.440000000000000000e+02
2.801999999999999957e+01 5.059308266639709473e+01 4.300000000000000000e+01 2.620000000000000000e+02
2.846799999999999997e+01 5.059308266639709473e+01 4.400000000000000000e+01 3.990000000000000000e+02
2.853799999999999670e+01 5.059308266639709473e+01 4.500000000000000000e+01 3.280000000000000000e+02
2.881999999999999673e+01 5.059308266639709473e+01 4.600000000000000000e+01 4.780000000000000000e+02
2.964799999999999613e+01 5.059308266639709473e+01 4.700000000000000000e+01 2.220000000000000000e+02
3.018100000000000449e+01 5.059308266639709473e+01 4.800000000000000000e+01 4.500000000000000000e+02
3.036300000000000310e+01 5.059308266639709473e+01 4.900000000000000000e+01 5.630000000000000000e+02
3.087700000000000955e+01 5.059308266639709473e+01 5.000000000000000000e+01 6.290000000000000000e+02
3.171000000000002217e+01 5.059308266639709473e+01 5.100000000000000000e+01 5.120000000000000000e+02
3.226600000000000534e+01 5.059308266639709473e+01 5.200000000000000000e+01 8.050000000000000000e+02
3.322700000000005360e+01 5.059308266639709473e+01 5.300000000000000000e+01 7.500000000000000000e+02
3.404300000000007032e+01 5.059308266639709473e+01 5.400000000000000000e+01 7.000000000000000000e+02
3.492900000000012284e+01 5.059308266639709473e+01 5.500000000000000000e+01 7.430000000000000000e+02
3.507300000000012119e+01 5.059308266639709473e+01 5.600000000000000000e+01 7.360000000000000000e+02
3.569100000000020145e+01 5.059308266639709473e+01 5.700000000000000000e+01 6.250000000000000000e+02
3.630400000000017968e+01 5.059308266639709473e+01 5.800000000000000000e+01 5.600000000000000000e+02
3.695400000000023510e+01 5.059308266639709473e+01 5.900000000000000000e+01 8.300000000000000000e+02
3.816000000000024528e+01 5.059308266639709473e+01 6.000000000000000000e+01 9.100000000000000000e+02
3.878500000000026660e+01 5.059308266639709473e+01 6.100000000000000000e+01 5.670000000000000000e+02
3.973900000000035249e+01 5.059308266639709473e+01 6.200000000000000000e+01 9.070000000000000000e+02
4.062800000000042644e+01 5.059308266639709473e+01 6.300000000000000000e+01 1.636000000000000000e+03
4.054400000000043036e+01 5.059308266639709473e+01 6.400000000000000000e+01 5.660000000000000000e+02
4.135500000000044452e+01 5.059308266639709473e+01 6.500000000000000000e+01 1.893000000000000000e+03
4.267200000000050153e+01 5.059308266639709473e+01 6.600000000000000000e+01 1.861000000000000000e+03
4.433100000000056440e+01 5.059308266639709473e+01 6.700000000000000000e+01 1.312000000000000000e+03
4.517000000000059856e+01 5.059308266639709473e+01 6.800000000000000000e+01 9.120000000000000000e+02
4.701700000000067092e+01 5.059308266639709473e+01 6.900000000000000000e+01 8.800000000000000000e+02
4.794000000000070116e+01 5.059308266639709473e+01 7.000000000000000000e+01 1.285000000000000000e+03
4.891300000000074277e+01 5.059308266639709473e+01 7.100000000000000000e+01 1.458000000000000000e+03
5.059800000000080189e+01 5.059308266639709473e+01 7.200000000000000000e+01 1.178000000000000000e+03
0.000000000000000000e+00 5.059308266639709473e+01 0.000000000000000000e+00 0.000000000000000000e+00
0.000000000000000000e+00 5.059308266639709473e+01 0.000000000000000000e+00 0.000000000000000000e+00
4.073000000000000398e+00 5.730087041854858398e+01 0.000000000000000000e+00 1.200000000000000000e+01
5.294000000000001371e+00 5.730087041854858398e+01 1.000000000000000000e+00 1.300000000000000000e+01
6.091000000000002856e+00 5.730087041854858398e+01 2.000000000000000000e+00 1.500000000000000000e+01
7.060000000000002274e+00 5.730087041854858398e+01 3.000000000000000000e+00 2.000000000000000000e+01
7.253000000000001890e+00 5.730087041854858398e+01 4.000000000000000000e+00 8.000000000000000000e+00
7.624000000000001442e+00 5.730087041854858398e+01 5.000000000000000000e+00 2.100000000000000000e+01
8.348000000000000753e+00 5.730087041854858398e+01 6.000000000000000000e+00 2.100000000000000000e+01
9.393000000000000682e+00 5.730087041854858398e+01 7.000000000000000000e+00 2.300000000000000000e+01
9.907000000000000028e+00 5.730087041854858398e+01 8.000000000000000000e+00 2.000000000000000000e+01
1.005000000000000249e+01 5.730087041854858398e+01 9.000000000000000000e+00 4.500000000000000000e+01
1.103300000000000125e+01 5.730087041854858398e+01 1.000000000000000000e+01 1.400000000000000000e+01
1.137800000000000189e+01 5.730087041854858398e+01 1.100000000000000000e+01 3.400000000000000000e+01
1.214100000000000001e+01 5.730087041854858398e+01 1.200000000000000000e+01 5.400000000000000000e+01
1.273799999999999777e+01 5.730087041854858398e+01 1.300000000000000000e+01 6.000000000000000000e+01
1.302999999999999758e+01 5.730087041854858398e+01 1.400000000000000000e+01 6.200000000000000000e+01
1.331399999999999828e+01 5.730087041854858398e+01 1.500000000000000000e+01 8.400000000000000000e+01
1.370999999999999730e+01 5.730087041854858398e+01 1.600000000000000000e+01 3.000000000000000000e+01
1.386199999999999655e+01 5.730087041854858398e+01 1.700000000000000000e+01 6.700000000000000000e+01
1.430199999999999783e+01 5.730087041854858398e+01 1.800000000000000000e+01 7.200000000000000000e+01
1.437099999999999689e+01 5.730087041854858398e+01 1.900000000000000000e+01 6.600000000000000000e+01
1.511899999999999444e+01 5.730087041854858398e+01 2.000000000000000000e+01 7.600000000000000000e+01
1.570199999999999463e+01 5.730087041854858398e+01 2.100000000000000000e+01 9.300000000000000000e+01
1.607299999999999685e+01 5.730087041854858398e+01 2.200000000000000000e+01 8.900000000000000000e+01
1.637799999999999301e+01 5.730087041854858398e+01 2.300000000000000000e+01 1.210000000000000000e+02
1.732199999999999207e+01 5.730087041854858398e+01 2.400000000000000000e+01 1.200000000000000000e+02
1.793499999999999162e+01 5.730087041854858398e+01 2.500000000000000000e+01 1.250000000000000000e+02
1.872199999999998710e+01 5.730087041854858398e+01 2.600000000000000000e+01 1.250000000000000000e+02
1.910099999999998843e+01 5.730087041854858398e+01 2.700000000000000000e+01 1.600000000000000000e+02
1.937899999999998712e+01 5.730087041854858398e+01 2.800000000000000000e+01 1.050000000000000000e+02
2.017599999999998772e+01 5.730087041854858398e+01 2.900000000000000000e+01 2.340000000000000000e+02
2.054699999999998283e+01 5.730087041854858398e+01 3.000000000000000000e+01 1.550000000000000000e+02
2.159599999999998232e+01 5.730087041854858398e+01 3.100000000000000000e+01 1.850000000000000000e+02
2.207399999999998386e+01 5.730087041854858398e+01 3.200000000000000000e+01 2.280000000000000000e+02
2.204899999999998528e+01 5.730087041854858398e+01 3.300000000000000000e+01 2.130000000000000000e+02
2.256799999999998008e+01 5.730087041854858398e+01 3.400000000000000000e+01 1.880000000000000000e+02
2.298399999999998400e+01 5.730087041854858398e+01 3.500000000000000000e+01 3.090000000000000000e+02
2.422899999999997789e+01 5.730087041854858398e+01 3.600000000000000000e+01 2.620000000000000000e+02
2.446199999999998198e+01 5.730087041854858398e+01 3.700000000000000000e+01 3.010000000000000000e+02
2.491199999999998127e+01 5.730087041854858398e+01 3.800000000000000000e+01 3.560000000000000000e+02
2.589499999999998536e+01 5.730087041854858398e+01 3.900000000000000000e+01 3.870000000000000000e+02
2.638699999999999335e+01 5.730087041854858398e+01 4.000000000000000000e+01 3.390000000000000000e+02
2.714099999999999469e+01 5.730087041854858398e+01 4.100000000000000000e+01 4.200000000000000000e+02
2.745699999999999363e+01 5.730087041854858398e+01 4.200000000000000000e+01 4.150000000000000000e+02
2.789299999999998292e+01 5.730087041854858398e+01 4.300000000000000000e+01 4.020000000000000000e+02
2.830899999999997974e+01 5.730087041854858398e+01 4.400000000000000000e+01 4.010000000000000000e+02
2.888199999999998013e+01 5.730087041854858398e+01 4.500000000000000000e+01 4.660000000000000000e+02
2.917099999999998872e+01 5.730087041854858398e+01 4.600000000000000000e+01 4.060000000000000000e+02
2.981099999999999639e+01 5.730087041854858398e+01 4.700000000000000000e+01 3.710000000000000000e+02
3.051699999999999235e+01 5.730087041854858398e+01 4.800000000000000000e+01 6.020000000000000000e+02
3.090499999999999403e+01 5.730087041854858398e+01 4.900000000000000000e+01 6.130000000000000000e+02
3.112300000000001532e+01 5.730087041854858398e+01 5.000000000000000000e+01 6.690000000000000000e+02
3.205299999999999017e+01 5.730087041854858398e+01 5.100000000000000000e+01 5.730000000000000000e+02
3.376200000000011414e+01 5.730087041854858398e+01 5.200000000000000000e+01 7.310000000000000000e+02
3.364400000000011914e+01 5.730087041854858398e+01 5.300000000000000000e+01 6.990000000000000000e+02
3.481700000000014938e+01 5.730087041854858398e+01 5.400000000000000000e+01 9.260000000000000000e+02
3.565100000000020941e+01 5.730087041854858398e+01 5.500000000000000000e+01 6.590000000000000000e+02
3.566800000000020532e+01 5.730087041854858398e+01 5.600000000000000000e+01 7.840000000000000000e+02
3.672000000000029019e+01 5.730087041854858398e+01 5.700000000000000000e+01 1.241000000000000000e+03
3.815500000000021430e+01 5.730087041854858398e+01 5.800000000000000000e+01 1.061000000000000000e+03
4.093700000000046657e+01 5.730087041854858398e+01 5.900000000000000000e+01 1.654000000000000000e+03
4.200500000000046441e+01 5.730087041854858398e+01 6.000000000000000000e+01 1.107000000000000000e+03
4.328000000000052694e+01 5.730087041854858398e+01 6.100000000000000000e+01 2.181000000000000000e+03
4.478900000000061965e+01 5.730087041854858398e+01 6.200000000000000000e+01 2.249000000000000000e+03
4.585100000000067411e+01 5.730087041854858398e+01 6.300000000000000000e+01 1.601000000000000000e+03
4.654400000000070037e+01 5.730087041854858398e+01 6.400000000000000000e+01 2.284000000000000000e+03
4.739300000000072544e+01 5.730087041854858398e+01 6.500000000000000000e+01 2.235000000000000000e+03
5.120700000000086760e+01 5.730087041854858398e+01 6.600000000000000000e+01 2.685000000000000000e+03
5.180900000000089989e+01 5.730087041854858398e+01 6.700000000000000000e+01 2.128000000000000000e+03
5.235600000000093246e+01 5.730087041854858398e+01 6.800000000000000000e+01 2.024000000000000000e+03
5.331700000000096651e+01 5.730087041854858398e+01 6.900000000000000000e+01 1.879000000000000000e+03
5.436700000000099919e+01 5.730087041854858398e+01 7.000000000000000000e+01 1.532000000000000000e+03
5.580700000000105376e+01 5.730087041854858398e+01 7.100000000000000000e+01 2.202000000000000000e+03
5.703000000000111669e+01 5.730087041854858398e+01 7.200000000000000000e+01 1.686000000000000000e+03
0.000000000000000000e+00 5.730087041854858398e+01 0.000000000000000000e+00 0.000000000000000000e+00
0.000000000000000000e+00 5.730087041854858398e+01 0.000000000000000000e+00 0.000000000000000000e+00
5.021000000000000796e+00 5.678502750396728516e+01 0.000000000000000000e+00 7.000000000000000000e+00
5.642000000000000348e+00 5.678502750396728516e+01 1.000000000000000000e+00 1.400000000000000000e+01
6.432000000000000384e+00 5.678502750396728516e+01 2.000000000000000000e+00 1.700000000000000000e+01
6.818000000000000504e+00 5.678502750396728516e+01 3.000000000000000000e+00 1.000000000000000000e+01
7.589000000000000412e+00 5.678502750396728516e+01 4.000000000000000000e+00 1.200000000000000000e+01
8.141999999999999460e+00 5.678502750396728516e+01 5.000000000000000000e+00 1.200000000000000000e+01
8.684999999999998721e+00 5.678502750396728516e+01 6.000000000000000000e+00 2.300000000000000000e+01
9.211999999999999744e+00 5.678502750396728516e+01 7.000000000000000000e+00 3.000000000000000000e+01
9.546999999999998820e+00 5.678502750396728516e+01 8.000000000000000000e+00 3.300000000000000000e+01
9.866000000000001435e+00 5.678502750396728516e+01 9.000000000000000000e+00 3.600000000000000000e+01
1.051600000000000001e+01 5.678502750396728516e+01 1.000000000000000000e+01 3.900000000000000000e+01
1.068699999999999939e+01 5.678502750396728516e+01 1.100000000000000000e+01 5.000000000000000000e+01
1.110700000000000109e+01 5.678502750396728516e+01 1.200000000000000000e+01 5.100000000000000000e+01
1.201999999999999957e+01 5.678502750396728516e+01 1.300000000000000000e+01 2.600000000000000000e+01
1.202199999999999847e+01 5.678502750396728516e+01 1.400000000000000000e+01 2.900000000000000000e+01
1.257600000000000051e+01 5.678502750396728516e+01 1.500000000000000000e+01 7.600000000000000000e+01
1.311700000000000088e+01 5.678502750396728516e+01 1.600000000000000000e+01 5.600000000000000000e+01
1.350300000000000011e+01 5.678502750396728516e+01 1.700000000000000000e+01 6.200000000000000000e+01
1.438800000000000168e+01 5.678502750396728516e+01 1.800000000000000000e+01 1.100000000000000000e+02
1.498600000000000243e+01 5.678502750396728516e+01 1.900000000000000000e+01 1.080000000000000000e+02
1.557800000000000473e+01 5.678502750396728516e+01 2.000000000000000000e+01 1.010000000000000000e+02
1.563400000000000389e+01 5.678502750396728516e+01 2.100000000000000000e+01 6.500000000000000000e+01
1.659000000000000696e+01 5.678502750396728516e+01 2.200000000000000000e+01 1.300000000000000000e+02
1.701500000000001123e+01 5.678502750396728516e+01 2.300000000000000000e+01 1.820000000000000000e+02
1.743600000000001060e+01 5.678502750396728516e+01 2.400000000000000000e+01 1.150000000000000000e+02
1.783000000000001251e+01 5.678502750396728516e+01 2.500000000000000000e+01 9.800000000000000000e+01
1.822000000000001307e+01 5.678502750396728516e+01 2.600000000000000000e+01 1.590000000000000000e+02
1.870000000000001350e+01 5.678502750396728516e+01 2.700000000000000000e+01 1.270000000000000000e+02
1.911600000000001032e+01 5.678502750396728516e+01 2.800000000000000000e+01 1.460000000000000000e+02
1.944200000000000728e+01 5.678502750396728516e+01 2.900000000000000000e+01 2.160000000000000000e+02
1.996400000000000574e+01 5.678502750396728516e+01 3.000000000000000000e+01 1.560000000000000000e+02
2.006100000000000705e+01 5.678502750396728516e+01 3.100000000000000000e+01 1.630000000000000000e+02
2.054600000000000648e+01 5.678502750396728516e+01 3.200000000000000000e+01 2.800000000000000000e+02
2.182800000000000296e+01 5.678502750396728516e+01 3.300000000000000000e+01 1.850000000000000000e+02
2.239800000000001035e+01 5.678502750396728516e+01 3.400000000000000000e+01 1.780000000000000000e+02
2.343700000000001182e+01 5.678502750396728516e+01 3.500000000000000000e+01 3.010000000000000000e+02
2.391000000000001435e+01 5.678502750396728516e+01 3.600000000000000000e+01 2.510000000000000000e+02
2.389500000000001734e+01 5.678502750396728516e+01 3.700000000000000000e+01 3.760000000000000000e+02
2.466400000000001569e+01 5.678502750396728516e+01 3.800000000000000000e+01 3.470000000000000000e+02
2.541000000000001435e+01 5.678502750396728516e+01 3.900000000000000000e+01 3.780000000000000000e+02
2.589200000000001367e+01 5.678502750396728516e+01 4.000000000000000000e+01 3.000000000000000000e+02
2.642400000000000659e+01 5.678502750396728516e+01 4.100000000000000000e+01 4.310000000000000000e+02
2.647300000000000608e+01 5.678502750396728516e+01 4.200000000000000000e+01 3.330000000000000000e+02
2.753600000000000492e+01 5.678502750396728516e+01 4.300000000000000000e+01 3.650000000000000000e+02
2.807500000000000995e+01 5.678502750396728516e+01 4.400000000000000000e+01 5.770000000000000000e+02
2.920100000000002538e+01 5.678502750396728516e+01 4.500000000000000000e+01 7.330000000000000000e+02
3.017700000000002802e+01 5.678502750396728516e+01 4.600000000000000000e+01 5.410000000000000000e+02
3.082000000000003226e+01 5.678502750396728516e+01 4.700000000000000000e+01 5.860000000000000000e+02
3.142100000000003845e+01 5.678502750396728516e+01 4.800000000000000000e+01 7.410000000000000000e+02
3.204300000000002058e+01 5.678502750396728516e+01 4.900000000000000000e+01 7.430000000000000000e+02
3.238200000000000500e+01 5.678502750396728516e+01 5.000000000000000000e+01 6.010000000000000000e+02
3.310699999999999221e+01 5.678502750396728516e+01 5.100000000000000000e+01 5.060000000000000000e+02
3.378199999999997516e+01 5.678502750396728516e+01 5.200000000000000000e+01 7.260000000000000000e+02
3.496800000000003195e+01 5.678502750396728516e+01 5.300000000000000000e+01 9.630000000000000000e+02
3.584500000000005571e+01 5.678502750396728516e+01 5.400000000000000000e+01 9.860000000000000000e+02
3.648000000000010346e+01 5.678502750396728516e+01 5.500000000000000000e+01 8.650000000000000000e+02
3.756600000000010198e+01 5.678502750396728516e+01 5.600000000000000000e+01 6.420000000000000000e+02
3.828400000000016945e+01 5.678502750396728516e+01 5.700000000000000000e+01 9.820000000000000000e+02
3.894600000000016848e+01 5.678502750396728516e+01 5.800000000000000000e+01 7.670000000000000000e+02
3.985400000000024079e+01 5.678502750396728516e+01 5.900000000000000000e+01 5.740000000000000000e+02
4.091300000000021697e+01 5.678502750396728516e+01 6.000000000000000000e+01 1.341000000000000000e+03
4.138900000000027291e+01 5.678502750396728516e+01 6.100000000000000000e+01 1.811000000000000000e+03
4.228800000000033066e+01 5.678502750396728516e+01 6.200000000000000000e+01 1.315000000000000000e+03
4.262600000000035294e+01 5.678502750396728516e+01 6.300000000000000000e+01 1.152000000000000000e+03
4.356800000000040285e+01 5.678502750396728516e+01 6.400000000000000000e+01 1.466000000000000000e+03
4.459400000000044173e+01 5.678502750396728516e+01 6.500000000000000000e+01 2.621000000000000000e+03
4.575000000000047606e+01 5.678502750396728516e+01 6.600000000000000000e+01 1.056000000000000000e+03
4.624200000000050181e+01 5.678502750396728516e+01 6.700000000000000000e+01 1.553000000000000000e+03
4.717800000000053728e+01 5.678502750396728516e+01 6.800000000000000000e+01 1.101000000000000000e+03
4.837800000000058276e+01 5.678502750396728516e+01 6.900000000000000000e+01 1.175000000000000000e+03
5.442000000000080462e+01 5.678502750396728516e+01 7.000000000000000000e+01 1.487000000000000000e+03
5.557300000000084594e+01 5.678502750396728516e+01 7.100000000000000000e+01 1.793000000000000000e+03
5.673500000000089472e+01 5.678502750396728516e+01 7.200000000000000000e+01 1.848000000000000000e+03
5.366900000000061510e+01 5.678502750396728516e+01 0.000000000000000000e+00 0.000000000000000000e+00
0.000000000000000000e+00 5.678502750396728516e+01 0.000000000000000000e+00 0.000000000000000000e+00
4.876999999999999780e+00 5.453207683563232422e+01 0.000000000000000000e+00 2.000000000000000000e+00
6.512999999999999901e+00 5.453207683563232422e+01 1.000000000000000000e+00 7.000000000000000000e+00
7.301000000000000156e+00 5.453207683563232422e+01 2.000000000000000000e+00 1.300000000000000000e+01
8.289999999999999147e+00 5.453207683563232422e+01 3.000000000000000000e+00 1.300000000000000000e+01
8.868000000000000327e+00 5.453207683563232422e+01 4.000000000000000000e+00 1.100000000000000000e+01
9.717000000000000526e+00 5.453207683563232422e+01 5.000000000000000000e+00 1.500000000000000000e+01
9.717000000000000526e+00 5.453207683563232422e+01 6.000000000000000000e+00 4.000000000000000000e+00
1.028600000000000136e+01 5.453207683563232422e+01 7.000000000000000000e+00 1.900000000000000000e+01
1.066500000000000092e+01 5.453207683563232422e+01 8.000000000000000000e+00 3.100000000000000000e+01
1.084000000000000163e+01 5.453207683563232422e+01 9.000000000000000000e+00 1.800000000000000000e+01
1.139000000000000234e+01 5.453207683563232422e+01 1.000000000000000000e+01 2.900000000000000000e+01
1.172500000000000320e+01 5.453207683563232422e+01 1.100000000000000000e+01 2.700000000000000000e+01
1.250700000000000145e+01 5.453207683563232422e+01 1.200000000000000000e+01 3.200000000000000000e+01
1.248600000000000243e+01 5.453207683563232422e+01 1.300000000000000000e+01 6.700000000000000000e+01
1.291000000000000192e+01 5.453207683563232422e+01 1.400000000000000000e+01 6.200000000000000000e+01
1.354800000000000182e+01 5.453207683563232422e+01 1.500000000000000000e+01 5.500000000000000000e+01
1.382100000000000151e+01 5.453207683563232422e+01 1.600000000000000000e+01 6.200000000000000000e+01
1.460100000000000264e+01 5.453207683563232422e+01 1.700000000000000000e+01 4.100000000000000000e+01
1.474900000000000233e+01 5.453207683563232422e+01 1.800000000000000000e+01 5.900000000000000000e+01
1.516200000000000259e+01 5.453207683563232422e+01 1.900000000000000000e+01 4.900000000000000000e+01
1.572500000000000320e+01 5.453207683563232422e+01 2.000000000000000000e+01 7.600000000000000000e+01
1.602200000000000202e+01 5.453207683563232422e+01 2.100000000000000000e+01 1.210000000000000000e+02
1.657000000000000739e+01 5.453207683563232422e+01 2.200000000000000000e+01 5.300000000000000000e+01
1.694600000000000506e+01 5.453207683563232422e+01 2.300000000000000000e+01 8.100000000000000000e+01
1.753400000000000603e+01 5.453207683563232422e+01 2.400000000000000000e+01 1.010000000000000000e+02
1.808400000000000674e+01 5.453207683563232422e+01 2.500000000000000000e+01 1.320000000000000000e+02
1.897200000000001197e+01 5.453207683563232422e+01 2.600000000000000000e+01 9.900000000000000000e+01
1.887700000000000955e+01 5.453207683563232422e+01 2.700000000000000000e+01 1.420000000000000000e+02
1.965300000000001290e+01 5.453207683563232422e+01 2.800000000000000000e+01 1.440000000000000000e+02
2.032700000000001950e+01 5.453207683563232422e+01 2.900000000000000000e+01 1.350000000000000000e+02
2.089600000000001856e+01 5.453207683563232422e+01 3.000000000000000000e+01 1.230000000000000000e+02
2.118500000000002004e+01 5.453207683563232422e+01 3.100000000000000000e+01 1.740000000000000000e+02
2.182100000000001572e+01 5.453207683563232422e+01 3.200000000000000000e+01 1.380000000000000000e+02
2.182100000000001216e+01 5.453207683563232422e+01 3.300000000000000000e+01 2.450000000000000000e+02
2.248700000000000898e+01 5.453207683563232422e+01 3.400000000000000000e+01 3.070000000000000000e+02
2.282600000000000762e+01 5.453207683563232422e+01 3.500000000000000000e+01 1.400000000000000000e+02
2.362100000000000932e+01 5.453207683563232422e+01 3.600000000000000000e+01 2.890000000000000000e+02
2.394900000000000873e+01 5.453207683563232422e+01 3.700000000000000000e+01 3.040000000000000000e+02
2.475700000000000855e+01 5.453207683563232422e+01 3.800000000000000000e+01 2.060000000000000000e+02
2.542600000000000904e+01 5.453207683563232422e+01 3.900000000000000000e+01 3.110000000000000000e+02
2.562200000000000699e+01 5.453207683563232422e+01 4.000000000000000000e+01 3.160000000000000000e+02
2.643900000000000716e+01 5.453207683563232422e+01 4.100000000000000000e+01 3.050000000000000000e+02
2.726900000000000546e+01 5.453207683563232422e+01 4.200000000000000000e+01 4.060000000000000000e+02
2.768700000000000827e+01 5.453207683563232422e+01 4.300000000000000000e+01 3.030000000000000000e+02
2.826300000000000168e+01 5.453207683563232422e+01 4.400000000000000000e+01 3.560000000000000000e+02
2.895300000000001006e+01 5.453207683563232422e+01 4.500000000000000000e+01 5.560000000000000000e+02
2.954500000000001236e+01 5.453207683563232422e+01 4.600000000000000000e+01 4.590000000000000000e+02
2.989700000000001268e+01 5.453207683563232422e+01 4.700000000000000000e+01 3.830000000000000000e+02
3.081200000000001893e+01 5.453207683563232422e+01 4.800000000000000000e+01 3.500000000000000000e+02
3.185900000000001953e+01 5.453207683563232422e+01 4.900000000000000000e+01 5.530000000000000000e+02
3.287299999999998334e+01 5.453207683563232422e+01 5.000000000000000000e+01 5.260000000000000000e+02
3.342199999999998994e+01 5.453207683563232422e+01 5.100000000000000000e+01 4.300000000000000000e+02
3.368499999999999517e+01 5.453207683563232422e+01 5.200000000000000000e+01 8.440000000000000000e+02
3.501100000000000989e+01 5.453207683563232422e+01 5.300000000000000000e+01 1.244000000000000000e+03
3.580300000000001148e+01 5.453207683563232422e+01 5.400000000000000000e+01 1.004000000000000000e+03
3.618900000000006401e+01 5.453207683563232422e+01 5.500000000000000000e+01 8.520000000000000000e+02
3.815300000000006264e+01 5.453207683563232422e+01 5.600000000000000000e+01 1.035000000000000000e+03
3.854500000000010829e+01 5.453207683563232422e+01 5.700000000000000000e+01 1.269000000000000000e+03
3.937600000000011136e+01 5.453207683563232422e+01 5.800000000000000000e+01 9.350000000000000000e+02
4.000600000000015655e+01 5.453207683563232422e+01 5.900000000000000000e+01 1.934000000000000000e+03
4.086700000000016786e+01 5.453207683563232422e+01 6.000000000000000000e+01 9.210000000000000000e+02
4.233300000000021157e+01 5.453207683563232422e+01 6.100000000000000000e+01 1.487000000000000000e+03
4.261300000000026955e+01 5.453207683563232422e+01 6.200000000000000000e+01 1.388000000000000000e+03
4.380100000000035010e+01 5.453207683563232422e+01 6.300000000000000000e+01 1.585000000000000000e+03
4.483100000000038676e+01 5.453207683563232422e+01 6.400000000000000000e+01 1.906000000000000000e+03
4.635100000000043963e+01 5.453207683563232422e+01 6.500000000000000000e+01 1.659000000000000000e+03
4.715000000000048885e+01 5.453207683563232422e+01 6.600000000000000000e+01 1.219000000000000000e+03
4.801800000000053359e+01 5.453207683563232422e+01 6.700000000000000000e+01 1.386000000000000000e+03
4.993900000000056849e+01 5.453207683563232422e+01 6.800000000000000000e+01 2.960000000000000000e+03
5.092000000000060567e+01 5.453207683563232422e+01 6.900000000000000000e+01 1.748000000000000000e+03
5.218600000000065364e+01 5.453207683563232422e+01 7.000000000000000000e+01 1.338000000000000000e+03
5.313300000000072032e+01 5.453207683563232422e+01 7.100000000000000000e+01 1.782000000000000000e+03
5.456100000000073891e+01 5.453207683563232422e+01 7.200000000000000000e+01 1.455000000000000000e+03
0.000000000000000000e+00 5.453207683563232422e+01 0.000000000000000000e+00 0.000000000000000000e+00
0.000000000000000000e+00 5.453207683563232422e+01 0.000000000000000000e+00 0.000000000000000000e+00
4.306000000000000050e+00 5.390315747261047363e+01 0.000000000000000000e+00 4.000000000000000000e+00
5.119999999999999218e+00 5.390315747261047363e+01 1.000000000000000000e+00 1.400000000000000000e+01
6.114999999999999325e+00 5.390315747261047363e+01 2.000000000000000000e+00 7.000000000000000000e+00
7.135999999999999233e+00 5.390315747261047363e+01 3.000000000000000000e+00 1.500000000000000000e+01
7.332999999999999297e+00 5.390315747261047363e+01 4.000000000000000000e+00 1.600000000000000000e+01
8.449999999999997513e+00 5.390315747261047363e+01 5.000000000000000000e+00 3.800000000000000000e+01
8.964000000000000412e+00 5.390315747261047363e+01 6.000000000000000000e+00 2.700000000000000000e+01
9.172999999999998266e+00 5.390315747261047363e+01 7.000000000000000000e+00 2.700000000000000000e+01
9.700999999999996959e+00 5.390315747261047363e+01 8.000000000000000000e+00 2.900000000000000000e+01
1.054899999999999594e+01 5.390315747261047363e+01 9.000000000000000000e+00 4.600000000000000000e+01
1.055099999999999660e+01 5.390315747261047363e+01 1.000000000000000000e+01 4.000000000000000000e+01
1.071899999999999586e+01 5.390315747261047363e+01 1.100000000000000000e+01 2.700000000000000000e+01
1.177799999999999692e+01 5.390315747261047363e+01 1.200000000000000000e+01 5.300000000000000000e+01
1.237299999999999756e+01 5.390315747261047363e+01 1.300000000000000000e+01 3.600000000000000000e+01
1.415599999999999525e+01 5.390315747261047363e+01 1.400000000000000000e+01 9.400000000000000000e+01
1.445099999999999518e+01 5.390315747261047363e+01 1.500000000000000000e+01 9.800000000000000000e+01
1.458799999999999564e+01 5.390315747261047363e+01 1.600000000000000000e+01 1.000000000000000000e+02
1.525799999999999557e+01 5.390315747261047363e+01 1.700000000000000000e+01 1.080000000000000000e+02
1.591099999999999426e+01 5.390315747261047363e+01 1.800000000000000000e+01 1.020000000000000000e+02
1.679299999999999571e+01 5.390315747261047363e+01 1.900000000000000000e+01 1.410000000000000000e+02
1.679299999999999571e+01 5.390315747261047363e+01 2.000000000000000000e+01 9.100000000000000000e+01
1.751299999999999457e+01 5.390315747261047363e+01 2.100000000000000000e+01 1.290000000000000000e+02
1.796699999999999520e+01 5.390315747261047363e+01 2.200000000000000000e+01 1.090000000000000000e+02
1.808499999999999375e+01 5.390315747261047363e+01 2.300000000000000000e+01 1.120000000000000000e+02
1.918599999999999639e+01 5.390315747261047363e+01 2.400000000000000000e+01 2.550000000000000000e+02
1.998100000000000165e+01 5.390315747261047363e+01 2.500000000000000000e+01 1.590000000000000000e+02
2.018400000000000105e+01 5.390315747261047363e+01 2.600000000000000000e+01 2.320000000000000000e+02
2.018799999999999883e+01 5.390315747261047363e+01 2.700000000000000000e+01 1.470000000000000000e+02
2.095100000000000406e+01 5.390315747261047363e+01 2.800000000000000000e+01 1.970000000000000000e+02
2.142300000000000182e+01 5.390315747261047363e+01 2.900000000000000000e+01 2.000000000000000000e+02
2.185599999999999810e+01 5.390315747261047363e+01 3.000000000000000000e+01 2.190000000000000000e+02
2.213299999999999201e+01 5.390315747261047363e+01 3.100000000000000000e+01 2.830000000000000000e+02
2.268299999999999272e+01 5.390315747261047363e+01 3.200000000000000000e+01 1.910000000000000000e+02
2.330899999999999039e+01 5.390315747261047363e+01 3.300000000000000000e+01 2.400000000000000000e+02
2.396899999999999054e+01 5.390315747261047363e+01 3.400000000000000000e+01 3.690000000000000000e+02
2.449699999999999278e+01 5.390315747261047363e+01 3.500000000000000000e+01 2.380000000000000000e+02
2.508299999999999841e+01 5.390315747261047363e+01 3.600000000000000000e+01 3.700000000000000000e+02
2.528099999999999881e+01 5.390315747261047363e+01 3.700000000000000000e+01 1.870000000000000000e+02
2.557099999999999795e+01 5.390315747261047363e+01 3.800000000000000000e+01 2.670000000000000000e+02
2.572799999999999798e+01 5.390315747261047363e+01 3.900000000000000000e+01 2.230000000000000000e+02
2.685699999999999932e+01 5.390315747261047363e+01 4.000000000000000000e+01 5.140000000000000000e+02
2.758499999999999019e+01 5.390315747261047363e+01 4.100000000000000000e+01 4.730000000000000000e+02
2.825999999999999091e+01 5.390315747261047363e+01 4.200000000000000000e+01 5.550000000000000000e+02
2.881199999999998695e+01 5.390315747261047363e+01 4.300000000000000000e+01 5.580000000000000000e+02
2.933899999999998087e+01 5.390315747261047363e+01 4.400000000000000000e+01 5.960000000000000000e+02
2.989799999999998903e+01 5.390315747261047363e+01 4.500000000000000000e+01 2.930000000000000000e+02
3.101199999999999335e+01 5.390315747261047363e+01 4.600000000000000000e+01 5.310000000000000000e+02
3.172800000000000509e+01 5.390315747261047363e+01 4.700000000000000000e+01 5.930000000000000000e+02
3.211300000000001376e+01 5.390315747261047363e+01 4.800000000000000000e+01 5.800000000000000000e+02
3.275499999999998835e+01 5.390315747261047363e+01 4.900000000000000000e+01 7.330000000000000000e+02
3.335599999999997323e+01 5.390315747261047363e+01 5.000000000000000000e+01 8.030000000000000000e+02
3.379299999999994952e+01 5.390315747261047363e+01 5.100000000000000000e+01 6.250000000000000000e+02
3.476099999999993173e+01 5.390315747261047363e+01 5.200000000000000000e+01 1.264000000000000000e+03
3.556999999999996476e+01 5.390315747261047363e+01 5.300000000000000000e+01 9.550000000000000000e+02
3.641899999999997561e+01 5.390315747261047363e+01 5.400000000000000000e+01 9.920000000000000000e+02
3.691299999999998249e+01 5.390315747261047363e+01 5.500000000000000000e+01 7.600000000000000000e+02
3.729799999999998761e+01 5.390315747261047363e+01 5.600000000000000000e+01 9.440000000000000000e+02
3.815400000000000347e+01 5.390315747261047363e+01 5.700000000000000000e+01 6.450000000000000000e+02
3.894500000000000739e+01 5.390315747261047363e+01 5.800000000000000000e+01 9.180000000000000000e+02
3.925100000000001188e+01 5.390315747261047363e+01 5.900000000000000000e+01 1.108000000000000000e+03
3.976000000000001222e+01 5.390315747261047363e+01 6.000000000000000000e+01 1.069000000000000000e+03
4.085300000000007259e+01 5.390315747261047363e+01 6.100000000000000000e+01 1.468000000000000000e+03
4.159000000000013131e+01 5.390315747261047363e+01 6.200000000000000000e+01 1.381000000000000000e+03
4.312500000000023448e+01 5.390315747261047363e+01 6.300000000000000000e+01 1.227000000000000000e+03
4.376000000000026802e+01 5.390315747261047363e+01 6.400000000000000000e+01 1.174000000000000000e+03
4.430600000000030292e+01 5.390315747261047363e+01 6.500000000000000000e+01 2.083000000000000000e+03
4.553300000000033521e+01 5.390315747261047363e+01 6.600000000000000000e+01 1.031000000000000000e+03
4.641200000000036141e+01 5.390315747261047363e+01 6.700000000000000000e+01 1.184000000000000000e+03
4.714900000000039881e+01 5.390315747261047363e+01 6.800000000000000000e+01 9.340000000000000000e+02
4.859200000000043929e+01 5.390315747261047363e+01 6.900000000000000000e+01 1.209000000000000000e+03
5.127300000000054325e+01 5.390315747261047363e+01 7.000000000000000000e+01 1.164000000000000000e+03
5.244400000000058526e+01 5.390315747261047363e+01 7.100000000000000000e+01 1.666000000000000000e+03
5.384700000000064080e+01 5.390315747261047363e+01 7.200000000000000000e+01 1.664000000000000000e+03
5.474100000000093758e+01 5.390315747261047363e+01 0.000000000000000000e+00 0.000000000000000000e+00
0.000000000000000000e+00 5.390315747261047363e+01 0.000000000000000000e+00 0.000000000000000000e+00
3.471000000000000529e+00 5.271681928634643555e+01 0.000000000000000000e+00 0.000000000000000000e+00
6.140000000000001457e+00 5.271681928634643555e+01 1.000000000000000000e+00 5.000000000000000000e+00
6.769000000000001904e+00 5.271681928634643555e+01 2.000000000000000000e+00 1.000000000000000000e+01
8.328000000000001180e+00 5.271681928634643555e+01 3.000000000000000000e+00 1.500000000000000000e+01
9.080000000000000071e+00 5.271681928634643555e+01 4.000000000000000000e+00 2.600000000000000000e+01
9.637000000000000455e+00 5.271681928634643555e+01 5.000000000000000000e+00 2.800000000000000000e+01
1.000300000000000011e+01 5.271681928634643555e+01 6.000000000000000000e+00 3.200000000000000000e+01
1.052600000000000158e+01 5.271681928634643555e+01 7.000000000000000000e+00 4.800000000000000000e+01
1.087000000000000099e+01 5.271681928634643555e+01 8.000000000000000000e+00 3.100000000000000000e+01
1.136100000000000065e+01 5.271681928634643555e+01 9.000000000000000000e+00 4.200000000000000000e+01
1.185500000000000043e+01 5.271681928634643555e+01 1.000000000000000000e+01 3.300000000000000000e+01
1.217099999999999937e+01 5.271681928634643555e+01 1.100000000000000000e+01 4.700000000000000000e+01
1.214300000000000068e+01 5.271681928634643555e+01 1.200000000000000000e+01 5.800000000000000000e+01
1.265700000000000003e+01 5.271681928634643555e+01 1.300000000000000000e+01 7.300000000000000000e+01
1.352899999999999991e+01 5.271681928634643555e+01 1.400000000000000000e+01 8.500000000000000000e+01
1.412000000000000099e+01 5.271681928634643555e+01 1.500000000000000000e+01 6.300000000000000000e+01
1.440400000000000169e+01 5.271681928634643555e+01 1.600000000000000000e+01 1.030000000000000000e+02
1.492500000000000071e+01 5.271681928634643555e+01 1.700000000000000000e+01 7.400000000000000000e+01
1.543500000000000050e+01 5.271681928634643555e+01 1.800000000000000000e+01 8.000000000000000000e+01
1.569100000000000072e+01 5.271681928634643555e+01 1.900000000000000000e+01 9.500000000000000000e+01
1.607100000000000151e+01 5.271681928634643555e+01 2.000000000000000000e+01 1.180000000000000000e+02
1.607100000000000151e+01 5.271681928634643555e+01 2.100000000000000000e+01 1.190000000000000000e+02
1.652100000000000080e+01 5.271681928634643555e+01 2.200000000000000000e+01 1.390000000000000000e+02
1.685999999999999588e+01 5.271681928634643555e+01 2.300000000000000000e+01 1.100000000000000000e+02
1.751999999999999602e+01 5.271681928634643555e+01 2.400000000000000000e+01 1.090000000000000000e+02
1.826299999999999812e+01 5.271681928634643555e+01 2.500000000000000000e+01 1.590000000000000000e+02
1.865499999999999758e+01 5.271681928634643555e+01 2.600000000000000000e+01 1.520000000000000000e+02
1.874899999999999878e+01 5.271681928634643555e+01 2.700000000000000000e+01 1.150000000000000000e+02
1.980999999999999517e+01 5.271681928634643555e+01 2.800000000000000000e+01 2.210000000000000000e+02
2.052699999999999037e+01 5.271681928634643555e+01 2.900000000000000000e+01 1.590000000000000000e+02
2.078799999999998249e+01 5.271681928634643555e+01 3.000000000000000000e+01 2.580000000000000000e+02
2.155899999999997974e+01 5.271681928634643555e+01 3.100000000000000000e+01 2.410000000000000000e+02
2.227199999999998070e+01 5.271681928634643555e+01 3.200000000000000000e+01 2.320000000000000000e+02
2.257499999999998153e+01 5.271681928634643555e+01 3.300000000000000000e+01 2.980000000000000000e+02
2.318699999999998340e+01 5.271681928634643555e+01 3.400000000000000000e+01 2.640000000000000000e+02
2.403999999999998849e+01 5.271681928634643555e+01 3.500000000000000000e+01 3.100000000000000000e+02
2.423599999999999000e+01 5.271681928634643555e+01 3.600000000000000000e+01 2.740000000000000000e+02
2.447199999999999065e+01 5.271681928634643555e+01 3.700000000000000000e+01 4.210000000000000000e+02
2.516999999999999105e+01 5.271681928634643555e+01 3.800000000000000000e+01 2.830000000000000000e+02
2.576499999999998991e+01 5.271681928634643555e+01 3.900000000000000000e+01 4.030000000000000000e+02
2.663599999999998147e+01 5.271681928634643555e+01 4.000000000000000000e+01 3.510000000000000000e+02
2.731599999999998474e+01 5.271681928634643555e+01 4.100000000000000000e+01 5.620000000000000000e+02
2.750299999999997880e+01 5.271681928634643555e+01 4.200000000000000000e+01 5.100000000000000000e+02
2.851799999999996871e+01 5.271681928634643555e+01 4.300000000000000000e+01 5.010000000000000000e+02
2.902399999999997604e+01 5.271681928634643555e+01 4.400000000000000000e+01 5.520000000000000000e+02
2.983999999999998209e+01 5.271681928634643555e+01 4.500000000000000000e+01 4.410000000000000000e+02
3.042999999999997840e+01 5.271681928634643555e+01 4.600000000000000000e+01 6.490000000000000000e+02
3.125999999999997669e+01 5.271681928634643555e+01 4.700000000000000000e+01 5.160000000000000000e+02
3.166999999999998039e+01 5.271681928634643555e+01 4.800000000000000000e+01 5.920000000000000000e+02
3.236899999999997135e+01 5.271681928634643555e+01 4.900000000000000000e+01 3.880000000000000000e+02
3.308999999999995367e+01 5.271681928634643555e+01 5.000000000000000000e+01 9.290000000000000000e+02
3.353799999999994697e+01 5.271681928634643555e+01 5.100000000000000000e+01 5.410000000000000000e+02
3.409799999999996345e+01 5.271681928634643555e+01 5.200000000000000000e+01 9.670000000000000000e+02
3.501099999999997436e+01 5.271681928634643555e+01 5.300000000000000000e+01 5.860000000000000000e+02
3.586699999999997601e+01 5.271681928634643555e+01 5.400000000000000000e+01 7.020000000000000000e+02
3.662700000000003087e+01 5.271681928634643555e+01 5.500000000000000000e+01 9.610000000000000000e+02
3.780000000000005400e+01 5.271681928634643555e+01 5.600000000000000000e+01 6.940000000000000000e+02
3.895600000000013097e+01 5.271681928634643555e+01 5.700000000000000000e+01 9.270000000000000000e+02
3.924300000000013711e+01 5.271681928634643555e+01 5.800000000000000000e+01 7.680000000000000000e+02
4.030800000000020589e+01 5.271681928634643555e+01 5.900000000000000000e+01 1.426000000000000000e+03
4.128700000000020509e+01 5.271681928634643555e+01 6.000000000000000000e+01 1.474000000000000000e+03
4.194100000000022987e+01 5.271681928634643555e+01 6.100000000000000000e+01 1.291000000000000000e+03
4.281300000000030792e+01 5.271681928634643555e+01 6.200000000000000000e+01 4.880000000000000000e+02
4.355700000000035033e+01 5.271681928634643555e+01 6.300000000000000000e+01 7.020000000000000000e+02
4.412600000000038136e+01 5.271681928634643555e+01 6.400000000000000000e+01 5.460000000000000000e+02
4.503100000000040382e+01 5.271681928634643555e+01 6.500000000000000000e+01 2.379000000000000000e+03
4.594300000000043838e+01 5.271681928634643555e+01 6.600000000000000000e+01 6.570000000000000000e+02
4.684500000000047493e+01 5.271681928634643555e+01 6.700000000000000000e+01 1.569000000000000000e+03
4.780500000000051131e+01 5.271681928634643555e+01 6.800000000000000000e+01 1.612000000000000000e+03
4.918800000000056372e+01 5.271681928634643555e+01 6.900000000000000000e+01 2.515000000000000000e+03
5.000900000000061851e+01 5.271681928634643555e+01 7.000000000000000000e+01 1.084000000000000000e+03
5.139500000000065683e+01 5.271681928634643555e+01 7.100000000000000000e+01 1.252000000000000000e+03
5.271500000000069264e+01 5.271681928634643555e+01 7.200000000000000000e+01 1.323000000000000000e+03
0.000000000000000000e+00 5.271681928634643555e+01 0.000000000000000000e+00 0.000000000000000000e+00
0.000000000000000000e+00 5.271681928634643555e+01 0.000000000000000000e+00 0.000000000000000000e+00
3.431000000000000494e+00 5.113837766647338867e+01 0.000000000000000000e+00 0.000000000000000000e+00
5.707000000000000739e+00 5.113837766647338867e+01 1.000000000000000000e+00 7.000000000000000000e+00
6.313000000000000611e+00 5.113837766647338867e+01 2.000000000000000000e+00 1.400000000000000000e+01
7.118000000000000327e+00 5.113837766647338867e+01 3.000000000000000000e+00 1.000000000000000000e+01
8.079000000000000625e+00 5.113837766647338867e+01 4.000000000000000000e+00 2.300000000000000000e+01
8.631999999999999673e+00 5.113837766647338867e+01 5.000000000000000000e+00 8.000000000000000000e+00
8.990000000000000213e+00 5.113837766647338867e+01 6.000000000000000000e+00 2.800000000000000000e+01
9.746000000000000441e+00 5.113837766647338867e+01 7.000000000000000000e+00 2.500000000000000000e+01
1.059999999999999964e+01 5.113837766647338867e+01 8.000000000000000000e+00 3.000000000000000000e+01
1.126999999999999957e+01 5.113837766647338867e+01 9.000000000000000000e+00 3.800000000000000000e+01
1.192600000000000016e+01 5.113837766647338867e+01 1.000000000000000000e+01 3.000000000000000000e+01
1.221900000000000119e+01 5.113837766647338867e+01 1.100000000000000000e+01 3.100000000000000000e+01
1.256500000000000128e+01 5.113837766647338867e+01 1.200000000000000000e+01 7.700000000000000000e+01
1.317500000000000071e+01 5.113837766647338867e+01 1.300000000000000000e+01 6.600000000000000000e+01
1.360000000000000142e+01 5.113837766647338867e+01 1.400000000000000000e+01 6.100000000000000000e+01
1.471500000000000163e+01 5.113837766647338867e+01 1.500000000000000000e+01 8.200000000000000000e+01
1.539800000000000146e+01 5.113837766647338867e+01 1.600000000000000000e+01 4.900000000000000000e+01
1.539800000000000146e+01 5.113837766647338867e+01 1.700000000000000000e+01 5.000000000000000000e+01
1.578600000000000136e+01 5.113837766647338867e+01 1.800000000000000000e+01 6.600000000000000000e+01
1.643800000000000239e+01 5.113837766647338867e+01 1.900000000000000000e+01 7.100000000000000000e+01
1.705400000000000560e+01 5.113837766647338867e+01 2.000000000000000000e+01 9.400000000000000000e+01
1.715500000000000469e+01 5.113837766647338867e+01 2.100000000000000000e+01 8.800000000000000000e+01
1.766999999999999815e+01 5.113837766647338867e+01 2.200000000000000000e+01 1.480000000000000000e+02
1.852899999999999991e+01 5.113837766647338867e+01 2.300000000000000000e+01 1.200000000000000000e+02
1.896299999999999741e+01 5.113837766647338867e+01 2.400000000000000000e+01 1.060000000000000000e+02
1.978300000000000125e+01 5.113837766647338867e+01 2.500000000000000000e+01 1.580000000000000000e+02
1.996900000000000119e+01 5.113837766647338867e+01 2.600000000000000000e+01 1.570000000000000000e+02
2.057500000000000284e+01 5.113837766647338867e+01 2.700000000000000000e+01 1.350000000000000000e+02
2.133700000000000330e+01 5.113837766647338867e+01 2.800000000000000000e+01 1.580000000000000000e+02
2.185600000000000520e+01 5.113837766647338867e+01 2.900000000000000000e+01 1.880000000000000000e+02
2.255100000000000549e+01 5.113837766647338867e+01 3.000000000000000000e+01 1.620000000000000000e+02
2.297000000000000242e+01 5.113837766647338867e+01 3.100000000000000000e+01 1.590000000000000000e+02
2.345499999999999829e+01 5.113837766647338867e+01 3.200000000000000000e+01 2.830000000000000000e+02
2.396899999999999409e+01 5.113837766647338867e+01 3.300000000000000000e+01 2.580000000000000000e+02
2.421899999999999764e+01 5.113837766647338867e+01 3.400000000000000000e+01 1.790000000000000000e+02
2.458099999999999952e+01 5.113837766647338867e+01 3.500000000000000000e+01 2.070000000000000000e+02
2.471299999999999741e+01 5.113837766647338867e+01 3.600000000000000000e+01 1.530000000000000000e+02
2.589199999999999946e+01 5.113837766647338867e+01 3.700000000000000000e+01 4.150000000000000000e+02
2.737900000000000134e+01 5.113837766647338867e+01 3.800000000000000000e+01 3.080000000000000000e+02
2.771699999999999875e+01 5.113837766647338867e+01 3.900000000000000000e+01 2.700000000000000000e+02
2.824399999999999977e+01 5.113837766647338867e+01 4.000000000000000000e+01 4.350000000000000000e+02
2.916100000000000136e+01 5.113837766647338867e+01 4.100000000000000000e+01 4.140000000000000000e+02
2.947799999999999798e+01 5.113837766647338867e+01 4.200000000000000000e+01 5.530000000000000000e+02
2.992999999999999972e+01 5.113837766647338867e+01 4.300000000000000000e+01 5.160000000000000000e+02
3.047099999999999298e+01 5.113837766647338867e+01 4.400000000000000000e+01 4.000000000000000000e+02
3.096299999999998676e+01 5.113837766647338867e+01 4.500000000000000000e+01 2.520000000000000000e+02
3.130099999999999483e+01 5.113837766647338867e+01 4.600000000000000000e+01 4.660000000000000000e+02
3.163099999999999667e+01 5.113837766647338867e+01 4.700000000000000000e+01 5.730000000000000000e+02
3.264099999999997692e+01 5.113837766647338867e+01 4.800000000000000000e+01 7.050000000000000000e+02
3.333599999999994878e+01 5.113837766647338867e+01 4.900000000000000000e+01 4.870000000000000000e+02
3.377199999999992031e+01 5.113837766647338867e+01 5.000000000000000000e+01 6.080000000000000000e+02
3.437299999999991229e+01 5.113837766647338867e+01 5.100000000000000000e+01 6.560000000000000000e+02
3.507499999999991047e+01 5.113837766647338867e+01 5.200000000000000000e+01 4.280000000000000000e+02
3.538899999999992474e+01 5.113837766647338867e+01 5.300000000000000000e+01 3.580000000000000000e+02
3.590899999999993497e+01 5.113837766647338867e+01 5.400000000000000000e+01 9.440000000000000000e+02
3.663299999999997425e+01 5.113837766647338867e+01 5.500000000000000000e+01 8.580000000000000000e+02
3.724699999999998568e+01 5.113837766647338867e+01 5.600000000000000000e+01 6.160000000000000000e+02
3.797200000000005105e+01 5.113837766647338867e+01 5.700000000000000000e+01 1.079000000000000000e+03
3.858900000000006969e+01 5.113837766647338867e+01 5.800000000000000000e+01 6.950000000000000000e+02
3.886500000000009436e+01 5.113837766647338867e+01 5.900000000000000000e+01 4.450000000000000000e+02
3.994800000000009277e+01 5.113837766647338867e+01 6.000000000000000000e+01 6.420000000000000000e+02
4.132000000000012818e+01 5.113837766647338867e+01 6.100000000000000000e+01 1.456000000000000000e+03
4.194100000000017303e+01 5.113837766647338867e+01 6.200000000000000000e+01 1.262000000000000000e+03
4.229400000000020299e+01 5.113837766647338867e+01 6.300000000000000000e+01 1.243000000000000000e+03
4.325300000000023459e+01 5.113837766647338867e+01 6.400000000000000000e+01 1.866000000000000000e+03
4.409600000000028075e+01 5.113837766647338867e+01 6.500000000000000000e+01 8.130000000000000000e+02
4.471300000000029939e+01 5.113837766647338867e+01 6.600000000000000000e+01 1.489000000000000000e+03
4.551200000000032730e+01 5.113837766647338867e+01 6.700000000000000000e+01 1.080000000000000000e+03
4.649600000000036459e+01 5.113837766647338867e+01 6.800000000000000000e+01 9.660000000000000000e+02
4.745000000000039364e+01 5.113837766647338867e+01 6.900000000000000000e+01 7.080000000000000000e+02
4.780500000000042604e+01 5.113837766647338867e+01 7.000000000000000000e+01 8.990000000000000000e+02
4.903000000000045588e+01 5.113837766647338867e+01 7.100000000000000000e+01 1.205000000000000000e+03
5.116700000000053450e+01 5.113837766647338867e+01 7.200000000000000000e+01 1.218000000000000000e+03
0.000000000000000000e+00 5.113837766647338867e+01 0.000000000000000000e+00 0.000000000000000000e+00
0.000000000000000000e+00 5.113837766647338867e+01 0.000000000000000000e+00 0.000000000000000000e+00
4.493999999999999773e+00 5.227085947990417480e+01 0.000000000000000000e+00 2.000000000000000000e+00
5.955000000000000071e+00 5.227085947990417480e+01 1.000000000000000000e+00 9.000000000000000000e+00
6.362999999999999545e+00 5.227085947990417480e+01 2.000000000000000000e+00 1.000000000000000000e+01
8.055999999999999162e+00 5.227085947990417480e+01 3.000000000000000000e+00 4.400000000000000000e+01
8.684999999999998721e+00 5.227085947990417480e+01 4.000000000000000000e+00 2.100000000000000000e+01
9.530999999999998806e+00 5.227085947990417480e+01 5.000000000000000000e+00 3.100000000000000000e+01
9.747999999999999332e+00 5.227085947990417480e+01 6.000000000000000000e+00 2.000000000000000000e+00
9.985999999999998877e+00 5.227085947990417480e+01 7.000000000000000000e+00 2.300000000000000000e+01
1.036099999999999888e+01 5.227085947990417480e+01 8.000000000000000000e+00 4.300000000000000000e+01
1.094999999999999751e+01 5.227085947990417480e+01 9.000000000000000000e+00 4.100000000000000000e+01
1.169899999999999629e+01 5.227085947990417480e+01 1.000000000000000000e+01 4.300000000000000000e+01
1.169899999999999629e+01 5.227085947990417480e+01 1.100000000000000000e+01 3.400000000000000000e+01
1.203199999999999648e+01 5.227085947990417480e+01 1.200000000000000000e+01 5.600000000000000000e+01
1.236799999999999677e+01 5.227085947990417480e+01 1.300000000000000000e+01 5.000000000000000000e+01
1.289699999999999669e+01 5.227085947990417480e+01 1.400000000000000000e+01 4.700000000000000000e+01
1.352699999999999747e+01 5.227085947990417480e+01 1.500000000000000000e+01 7.900000000000000000e+01
1.382499999999999574e+01 5.227085947990417480e+01 1.600000000000000000e+01 5.600000000000000000e+01
1.450899999999999679e+01 5.227085947990417480e+01 1.700000000000000000e+01 7.700000000000000000e+01
1.489799999999999613e+01 5.227085947990417480e+01 1.800000000000000000e+01 6.300000000000000000e+01
1.564099999999999824e+01 5.227085947990417480e+01 1.900000000000000000e+01 7.800000000000000000e+01
1.631099999999999639e+01 5.227085947990417480e+01 2.000000000000000000e+01 7.100000000000000000e+01
1.668299999999999628e+01 5.227085947990417480e+01 2.100000000000000000e+01 8.800000000000000000e+01
1.656999999999999673e+01 5.227085947990417480e+01 2.200000000000000000e+01 9.100000000000000000e+01
1.704899999999999594e+01 5.227085947990417480e+01 2.300000000000000000e+01 7.200000000000000000e+01
1.729399999999999338e+01 5.227085947990417480e+01 2.400000000000000000e+01 1.170000000000000000e+02
1.802599999999999625e+01 5.227085947990417480e+01 2.500000000000000000e+01 9.900000000000000000e+01
1.821599999999999397e+01 5.227085947990417480e+01 2.600000000000000000e+01 1.230000000000000000e+02
1.880400000000000205e+01 5.227085947990417480e+01 2.700000000000000000e+01 1.370000000000000000e+02
1.938800000000000168e+01 5.227085947990417480e+01 2.800000000000000000e+01 1.250000000000000000e+02
1.952600000000000335e+01 5.227085947990417480e+01 2.900000000000000000e+01 1.410000000000000000e+02
2.025800000000000267e+01 5.227085947990417480e+01 3.000000000000000000e+01 2.200000000000000000e+02
2.056700000000000017e+01 5.227085947990417480e+01 3.100000000000000000e+01 1.470000000000000000e+02
2.171799999999999642e+01 5.227085947990417480e+01 3.200000000000000000e+01 2.080000000000000000e+02
2.202299999999999969e+01 5.227085947990417480e+01 3.300000000000000000e+01 2.700000000000000000e+02
2.272399999999999665e+01 5.227085947990417480e+01 3.400000000000000000e+01 1.400000000000000000e+02
2.337099999999999866e+01 5.227085947990417480e+01 3.500000000000000000e+01 2.950000000000000000e+02
2.379700000000000060e+01 5.227085947990417480e+01 3.600000000000000000e+01 2.890000000000000000e+02
2.525900000000000034e+01 5.227085947990417480e+01 3.700000000000000000e+01 3.560000000000000000e+02
2.600199999999999889e+01 5.227085947990417480e+01 3.800000000000000000e+01 4.210000000000000000e+02
2.655199999999999960e+01 5.227085947990417480e+01 3.900000000000000000e+01 2.880000000000000000e+02
2.690499999999999758e+01 5.227085947990417480e+01 4.000000000000000000e+01 3.500000000000000000e+02
2.778399999999999892e+01 5.227085947990417480e+01 4.100000000000000000e+01 3.430000000000000000e+02
2.771099999999999852e+01 5.227085947990417480e+01 4.200000000000000000e+01 4.430000000000000000e+02
2.842599999999999838e+01 5.227085947990417480e+01 4.300000000000000000e+01 5.450000000000000000e+02
2.897500000000000497e+01 5.227085947990417480e+01 4.400000000000000000e+01 3.870000000000000000e+02
2.991900000000000759e+01 5.227085947990417480e+01 4.500000000000000000e+01 6.390000000000000000e+02
3.050200000000001310e+01 5.227085947990417480e+01 4.600000000000000000e+01 4.230000000000000000e+02
3.069900000000001583e+01 5.227085947990417480e+01 4.700000000000000000e+01 4.340000000000000000e+02
3.158000000000002316e+01 5.227085947990417480e+01 4.800000000000000000e+01 4.930000000000000000e+02
3.189400000000001967e+01 5.227085947990417480e+01 4.900000000000000000e+01 9.090000000000000000e+02
3.326299999999995549e+01 5.227085947990417480e+01 5.000000000000000000e+01 8.660000000000000000e+02
3.414399999999992019e+01 5.227085947990417480e+01 5.100000000000000000e+01 7.520000000000000000e+02
3.481799999999991968e+01 5.227085947990417480e+01 5.200000000000000000e+01 6.860000000000000000e+02
3.514599999999992974e+01 5.227085947990417480e+01 5.300000000000000000e+01 8.100000000000000000e+02
3.558699999999993224e+01 5.227085947990417480e+01 5.400000000000000000e+01 9.400000000000000000e+02
3.632799999999997453e+01 5.227085947990417480e+01 5.500000000000000000e+01 9.670000000000000000e+02
3.727699999999998681e+01 5.227085947990417480e+01 5.600000000000000000e+01 9.300000000000000000e+02
3.813200000000004053e+01 5.227085947990417480e+01 5.700000000000000000e+01 6.840000000000000000e+02
3.871900000000006514e+01 5.227085947990417480e+01 5.800000000000000000e+01 1.072000000000000000e+03
3.967700000000011329e+01 5.227085947990417480e+01 5.900000000000000000e+01 9.510000000000000000e+02
4.029900000000009896e+01 5.227085947990417480e+01 6.000000000000000000e+01 1.163000000000000000e+03
4.111300000000012744e+01 5.227085947990417480e+01 6.100000000000000000e+01 1.543000000000000000e+03
4.187000000000017508e+01 5.227085947990417480e+01 6.200000000000000000e+01 1.580000000000000000e+03
4.263400000000022061e+01 5.227085947990417480e+01 6.300000000000000000e+01 6.280000000000000000e+02
4.329200000000025739e+01 5.227085947990417480e+01 6.400000000000000000e+01 1.024000000000000000e+03
4.415100000000031599e+01 5.227085947990417480e+01 6.500000000000000000e+01 8.950000000000000000e+02
4.501200000000031309e+01 5.227085947990417480e+01 6.600000000000000000e+01 2.688000000000000000e+03
4.666500000000038284e+01 5.227085947990417480e+01 6.700000000000000000e+01 1.267000000000000000e+03
4.716200000000043246e+01 5.227085947990417480e+01 6.800000000000000000e+01 1.137000000000000000e+03
4.782400000000047413e+01 5.227085947990417480e+01 6.900000000000000000e+01 7.740000000000000000e+02
4.873100000000048482e+01 5.227085947990417480e+01 7.000000000000000000e+01 1.104000000000000000e+03
5.052600000000055047e+01 5.227085947990417480e+01 7.100000000000000000e+01 1.397000000000000000e+03
5.225600000000060419e+01 5.227085947990417480e+01 7.200000000000000000e+01 1.140000000000000000e+03
0.000000000000000000e+00 5.227085947990417480e+01 0.000000000000000000e+00 0.000000000000000000e+00
0.000000000000000000e+00 5.227085947990417480e+01 0.000000000000000000e+00 0.000000000000000000e+00
4.784000000000000696e+00 5.550701141357421875e+01 0.000000000000000000e+00 6.000000000000000000e+00
6.040000000000000924e+00 5.550701141357421875e+01 1.000000000000000000e+00 1.000000000000000000e+01
6.444000000000000838e+00 5.550701141357421875e+01 2.000000000000000000e+00 1.000000000000000000e+01
6.637000000000000455e+00 5.550701141357421875e+01 3.000000000000000000e+00 1.000000000000000000e+01
7.028000000000000469e+00 5.550701141357421875e+01 4.000000000000000000e+00 1.200000000000000000e+01
7.777000000000000135e+00 5.550701141357421875e+01 5.000000000000000000e+00 1.900000000000000000e+01
8.690000000000001279e+00 5.550701141357421875e+01 6.000000000000000000e+00 2.800000000000000000e+01
1.026999999999999957e+01 5.550701141357421875e+01 7.000000000000000000e+00 4.700000000000000000e+01
1.079599999999999937e+01 5.550701141357421875e+01 8.000000000000000000e+00 5.800000000000000000e+01
1.110500000000000043e+01 5.550701141357421875e+01 9.000000000000000000e+00 5.700000000000000000e+01
1.144899999999999984e+01 5.550701141357421875e+01 1.000000000000000000e+01 6.300000000000000000e+01
1.176100000000000101e+01 5.550701141357421875e+01 1.100000000000000000e+01 4.500000000000000000e+01
1.240399999999999991e+01 5.550701141357421875e+01 1.200000000000000000e+01 7.500000000000000000e+01
1.284900000000000020e+01 5.550701141357421875e+01 1.300000000000000000e+01 6.500000000000000000e+01
1.358500000000000085e+01 5.550701141357421875e+01 1.400000000000000000e+01 7.100000000000000000e+01
1.429000000000000092e+01 5.550701141357421875e+01 1.500000000000000000e+01 5.700000000000000000e+01
1.512199999999999989e+01 5.550701141357421875e+01 1.600000000000000000e+01 8.100000000000000000e+01
1.521199999999999797e+01 5.550701141357421875e+01 1.700000000000000000e+01 1.010000000000000000e+02
1.656500000000000128e+01 5.550701141357421875e+01 1.800000000000000000e+01 8.800000000000000000e+01
1.718900000000000006e+01 5.550701141357421875e+01 1.900000000000000000e+01 1.070000000000000000e+02
1.755099999999999838e+01 5.550701141357421875e+01 2.000000000000000000e+01 1.720000000000000000e+02
1.848600000000000065e+01 5.550701141357421875e+01 2.100000000000000000e+01 1.600000000000000000e+02
1.907499999999999574e+01 5.550701141357421875e+01 2.200000000000000000e+01 1.580000000000000000e+02
1.974699999999999278e+01 5.550701141357421875e+01 2.300000000000000000e+01 1.870000000000000000e+02
2.040099999999999625e+01 5.550701141357421875e+01 2.400000000000000000e+01 1.650000000000000000e+02
2.040099999999999625e+01 5.550701141357421875e+01 2.500000000000000000e+01 1.730000000000000000e+02
2.086400000000000077e+01 5.550701141357421875e+01 2.600000000000000000e+01 2.260000000000000000e+02
2.160800000000000054e+01 5.550701141357421875e+01 2.700000000000000000e+01 2.120000000000000000e+02
2.225600000000000023e+01 5.550701141357421875e+01 2.800000000000000000e+01 2.720000000000000000e+02
2.307799999999999585e+01 5.550701141357421875e+01 2.900000000000000000e+01 2.450000000000000000e+02
2.337499999999999645e+01 5.550701141357421875e+01 3.000000000000000000e+01 3.410000000000000000e+02
2.377699999999999392e+01 5.550701141357421875e+01 3.100000000000000000e+01 2.530000000000000000e+02
2.392399999999998883e+01 5.550701141357421875e+01 3.200000000000000000e+01 2.370000000000000000e+02
2.427999999999999403e+01 5.550701141357421875e+01 3.300000000000000000e+01 1.970000000000000000e+02
2.474899999999998812e+01 5.550701141357421875e+01 3.400000000000000000e+01 2.170000000000000000e+02
2.517099999999999227e+01 5.550701141357421875e+01 3.500000000000000000e+01 2.700000000000000000e+02
2.572399999999999665e+01 5.550701141357421875e+01 3.600000000000000000e+01 2.920000000000000000e+02
2.604999999999999716e+01 5.550701141357421875e+01 3.700000000000000000e+01 2.520000000000000000e+02
2.790399999999999636e+01 5.550701141357421875e+01 3.800000000000000000e+01 4.170000000000000000e+02
2.831399999999999650e+01 5.550701141357421875e+01 3.900000000000000000e+01 3.790000000000000000e+02
2.895299999999999230e+01 5.550701141357421875e+01 4.000000000000000000e+01 3.080000000000000000e+02
2.914499999999998892e+01 5.550701141357421875e+01 4.100000000000000000e+01 4.320000000000000000e+02
2.958199999999998298e+01 5.550701141357421875e+01 4.200000000000000000e+01 4.330000000000000000e+02
2.983399999999998187e+01 5.550701141357421875e+01 4.300000000000000000e+01 5.560000000000000000e+02
3.049799999999998690e+01 5.550701141357421875e+01 4.400000000000000000e+01 6.030000000000000000e+02
3.128699999999999193e+01 5.550701141357421875e+01 4.500000000000000000e+01 6.070000000000000000e+02
3.178099999999999881e+01 5.550701141357421875e+01 4.600000000000000000e+01 5.540000000000000000e+02
3.224999999999999289e+01 5.550701141357421875e+01 4.700000000000000000e+01 4.440000000000000000e+02
3.271899999999998698e+01 5.550701141357421875e+01 4.800000000000000000e+01 6.110000000000000000e+02
3.311099999999996157e+01 5.550701141357421875e+01 4.900000000000000000e+01 6.180000000000000000e+02
3.293799999999994554e+01 5.550701141357421875e+01 5.000000000000000000e+01 7.010000000000000000e+02
3.419499999999991502e+01 5.550701141357421875e+01 5.100000000000000000e+01 5.410000000000000000e+02
3.470199999999992002e+01 5.550701141357421875e+01 5.200000000000000000e+01 8.930000000000000000e+02
3.554799999999991655e+01 5.550701141357421875e+01 5.300000000000000000e+01 8.430000000000000000e+02
3.620999999999993690e+01 5.550701141357421875e+01 5.400000000000000000e+01 5.020000000000000000e+02
3.713299999999997425e+01 5.550701141357421875e+01 5.500000000000000000e+01 1.191000000000000000e+03
3.780800000000000693e+01 5.550701141357421875e+01 5.600000000000000000e+01 8.110000000000000000e+02
3.799900000000002365e+01 5.550701141357421875e+01 5.700000000000000000e+01 7.700000000000000000e+02
3.882900000000000773e+01 5.550701141357421875e+01 5.800000000000000000e+01 8.290000000000000000e+02
4.032500000000008100e+01 5.550701141357421875e+01 5.900000000000000000e+01 9.720000000000000000e+02
4.092400000000007765e+01 5.550701141357421875e+01 6.000000000000000000e+01 8.740000000000000000e+02
4.155800000000012773e+01 5.550701141357421875e+01 6.100000000000000000e+01 9.110000000000000000e+02
4.233200000000018548e+01 5.550701141357421875e+01 6.200000000000000000e+01 1.533000000000000000e+03
4.334500000000023334e+01 5.550701141357421875e+01 6.300000000000000000e+01 1.035000000000000000e+03
4.435000000000027143e+01 5.550701141357421875e+01 6.400000000000000000e+01 1.360000000000000000e+03
4.529100000000030235e+01 5.550701141357421875e+01 6.500000000000000000e+01 1.027000000000000000e+03
4.553200000000033043e+01 5.550701141357421875e+01 6.600000000000000000e+01 1.993000000000000000e+03
4.694900000000037465e+01 5.550701141357421875e+01 6.700000000000000000e+01 1.739000000000000000e+03
4.771800000000040853e+01 5.550701141357421875e+01 6.800000000000000000e+01 1.504000000000000000e+03
5.226500000000056900e+01 5.550701141357421875e+01 6.900000000000000000e+01 1.516000000000000000e+03
5.305100000000059879e+01 5.550701141357421875e+01 7.000000000000000000e+01 1.707000000000000000e+03
5.462400000000064892e+01 5.550701141357421875e+01 7.100000000000000000e+01 1.539000000000000000e+03
5.544500000000068951e+01 5.550701141357421875e+01 7.200000000000000000e+01 1.154000000000000000e+03
5.496800000000067854e+01 5.550701141357421875e+01 0.000000000000000000e+00 0.000000000000000000e+00
0.000000000000000000e+00 5.550701141357421875e+01 0.000000000000000000e+00 0.000000000000000000e+00
4.130999999999999339e+00 5.371863389015197754e+01 0.000000000000000000e+00 4.000000000000000000e+00
5.355999999999998984e+00 5.371863389015197754e+01 1.000000000000000000e+00 1.300000000000000000e+01
5.981999999999999318e+00 5.371863389015197754e+01 2.000000000000000000e+00 1.200000000000000000e+01
6.377999999999999226e+00 5.371863389015197754e+01 3.000000000000000000e+00 1.900000000000000000e+01
6.729999999999999538e+00 5.371863389015197754e+01 4.000000000000000000e+00 1.400000000000000000e+01
7.692999999999999616e+00 5.371863389015197754e+01 5.000000000000000000e+00 1.400000000000000000e+01
8.031000000000000583e+00 5.371863389015197754e+01 6.000000000000000000e+00 4.700000000000000000e+01
8.939000000000000057e+00 5.371863389015197754e+01 7.000000000000000000e+00 2.300000000000000000e+01
9.458000000000001961e+00 5.371863389015197754e+01 8.000000000000000000e+00 2.900000000000000000e+01
1.014200000000000124e+01 5.371863389015197754e+01 9.000000000000000000e+00 6.500000000000000000e+01
1.014200000000000124e+01 5.371863389015197754e+01 1.000000000000000000e+01 3.400000000000000000e+01
1.062899999999999956e+01 5.371863389015197754e+01 1.100000000000000000e+01 5.300000000000000000e+01
1.141300000000000026e+01 5.371863389015197754e+01 1.200000000000000000e+01 4.500000000000000000e+01
1.186399999999999899e+01 5.371863389015197754e+01 1.300000000000000000e+01 4.800000000000000000e+01
1.260400000000000098e+01 5.371863389015197754e+01 1.400000000000000000e+01 3.800000000000000000e+01
1.318300000000000161e+01 5.371863389015197754e+01 1.500000000000000000e+01 8.300000000000000000e+01
1.359500000000000064e+01 5.371863389015197754e+01 1.600000000000000000e+01 8.500000000000000000e+01
1.453699999999999903e+01 5.371863389015197754e+01 1.700000000000000000e+01 6.200000000000000000e+01
1.493399999999999928e+01 5.371863389015197754e+01 1.800000000000000000e+01 5.800000000000000000e+01
1.544299999999999962e+01 5.371863389015197754e+01 1.900000000000000000e+01 1.190000000000000000e+02
1.604999999999999716e+01 5.371863389015197754e+01 2.000000000000000000e+01 9.200000000000000000e+01
1.663899999999999935e+01 5.371863389015197754e+01 2.100000000000000000e+01 1.060000000000000000e+02
1.695700000000000429e+01 5.371863389015197754e+01 2.200000000000000000e+01 1.240000000000000000e+02
1.796100000000000207e+01 5.371863389015197754e+01 2.300000000000000000e+01 1.300000000000000000e+02
1.828900000000000503e+01 5.371863389015197754e+01 2.400000000000000000e+01 1.040000000000000000e+02
1.900900000000001100e+01 5.371863389015197754e+01 2.500000000000000000e+01 1.470000000000000000e+02
1.912500000000001066e+01 5.371863389015197754e+01 2.600000000000000000e+01 1.500000000000000000e+02
1.978900000000000858e+01 5.371863389015197754e+01 2.700000000000000000e+01 9.500000000000000000e+01
1.978900000000000858e+01 5.371863389015197754e+01 2.800000000000000000e+01 1.540000000000000000e+02
2.023700000000000898e+01 5.371863389015197754e+01 2.900000000000000000e+01 1.150000000000000000e+02
2.084200000000000941e+01 5.371863389015197754e+01 3.000000000000000000e+01 2.230000000000000000e+02
2.142600000000001614e+01 5.371863389015197754e+01 3.100000000000000000e+01 1.690000000000000000e+02
2.151100000000001344e+01 5.371863389015197754e+01 3.200000000000000000e+01 2.010000000000000000e+02
2.190500000000000824e+01 5.371863389015197754e+01 3.300000000000000000e+01 1.970000000000000000e+02
2.264400000000001256e+01 5.371863389015197754e+01 3.400000000000000000e+01 2.290000000000000000e+02
2.321400000000001640e+01 5.371863389015197754e+01 3.500000000000000000e+01 1.810000000000000000e+02
2.355500000000001748e+01 5.371863389015197754e+01 3.600000000000000000e+01 2.990000000000000000e+02
2.382300000000001106e+01 5.371863389015197754e+01 3.700000000000000000e+01 1.850000000000000000e+02
2.440600000000001302e+01 5.371863389015197754e+01 3.800000000000000000e+01 3.490000000000000000e+02
2.529400000000001114e+01 5.371863389015197754e+01 3.900000000000000000e+01 2.440000000000000000e+02
2.536000000000001009e+01 5.371863389015197754e+01 4.000000000000000000e+01 3.530000000000000000e+02
2.587000000000000455e+01 5.371863389015197754e+01 4.100000000000000000e+01 1.870000000000000000e+02
2.647900000000000276e+01 5.371863389015197754e+01 4.200000000000000000e+01 3.490000000000000000e+02
2.735900000000000176e+01 5.371863389015197754e+01 4.300000000000000000e+01 4.160000000000000000e+02
2.816699999999999449e+01 5.371863389015197754e+01 4.400000000000000000e+01 2.930000000000000000e+02
2.885400000000000631e+01 5.371863389015197754e+01 4.500000000000000000e+01 3.970000000000000000e+02
2.947600000000000975e+01 5.371863389015197754e+01 4.600000000000000000e+01 5.370000000000000000e+02
2.994800000000002527e+01 5.371863389015197754e+01 4.700000000000000000e+01 4.320000000000000000e+02
3.000600000000001799e+01 5.371863389015197754e+01 4.800000000000000000e+01 4.850000000000000000e+02
3.047500000000001918e+01 5.371863389015197754e+01 4.900000000000000000e+01 5.870000000000000000e+02
3.137400000000002720e+01 5.371863389015197754e+01 5.000000000000000000e+01 7.480000000000000000e+02
3.252900000000001057e+01 5.371863389015197754e+01 5.100000000000000000e+01 6.780000000000000000e+02
3.378700000000001324e+01 5.371863389015197754e+01 5.200000000000000000e+01 6.540000000000000000e+02
3.408400000000001029e+01 5.371863389015197754e+01 5.300000000000000000e+01 5.770000000000000000e+02
3.474500000000003297e+01 5.371863389015197754e+01 5.400000000000000000e+01 9.010000000000000000e+02
3.675600000000011391e+01 5.371863389015197754e+01 5.500000000000000000e+01 1.106000000000000000e+03
3.794200000000012807e+01 5.371863389015197754e+01 5.600000000000000000e+01 1.141000000000000000e+03
3.818000000000016314e+01 5.371863389015197754e+01 5.700000000000000000e+01 8.440000000000000000e+02
4.006500000000015405e+01 5.371863389015197754e+01 5.800000000000000000e+01 1.112000000000000000e+03
4.021900000000022146e+01 5.371863389015197754e+01 5.900000000000000000e+01 1.542000000000000000e+03
4.125000000000018474e+01 5.371863389015197754e+01 6.000000000000000000e+01 1.210000000000000000e+03
4.214300000000020674e+01 5.371863389015197754e+01 6.100000000000000000e+01 9.020000000000000000e+02
4.363400000000032009e+01 5.371863389015197754e+01 6.200000000000000000e+01 1.243000000000000000e+03
4.418900000000036243e+01 5.371863389015197754e+01 6.300000000000000000e+01 1.340000000000000000e+03
4.492100000000039017e+01 5.371863389015197754e+01 6.400000000000000000e+01 1.801000000000000000e+03
4.591000000000041581e+01 5.371863389015197754e+01 6.500000000000000000e+01 1.841000000000000000e+03
4.655000000000046612e+01 5.371863389015197754e+01 6.600000000000000000e+01 1.631000000000000000e+03
4.892700000000056093e+01 5.371863389015197754e+01 6.700000000000000000e+01 2.997000000000000000e+03
5.018300000000060379e+01 5.371863389015197754e+01 6.800000000000000000e+01 1.607000000000000000e+03
5.102900000000063585e+01 5.371863389015197754e+01 6.900000000000000000e+01 9.610000000000000000e+02
5.175400000000067280e+01 5.371863389015197754e+01 7.000000000000000000e+01 1.512000000000000000e+03
5.275900000000068957e+01 5.371863389015197754e+01 7.100000000000000000e+01 9.580000000000000000e+02
5.371500000000073527e+01 5.371863389015197754e+01 7.200000000000000000e+01 1.147000000000000000e+03
0.000000000000000000e+00 5.371863389015197754e+01 0.000000000000000000e+00 0.000000000000000000e+00
0.000000000000000000e+00 5.371863389015197754e+01 0.000000000000000000e+00 0.000000000000000000e+00
