1.541000000000000147e+00 2.536224198341369629e+01 0.000000000000000000e+00 2.000000000000000000e+00
2.508000000000000451e+00 2.536224198341369629e+01 1.000000000000000000e+00 4.000000000000000000e+00
2.700000000000000622e+00 2.536224198341369629e+01 2.000000000000000000e+00 1.100000000000000000e+01
3.078000000000000735e+00 2.536224198341369629e+01 3.000000000000000000e+00 5.000000000000000000e+00
3.802000000000000934e+00 2.536224198341369629e+01 4.000000000000000000e+00 1.200000000000000000e+01
3.984000000000000874e+00 2.536224198341369629e+01 5.000000000000000000e+00 1.900000000000000000e+01
3.984000000000000874e+00 2.536224198341369629e+01 6.000000000000000000e+00 2.000000000000000000e+01
4.498000000000001108e+00 2.536224198341369629e+01 7.000000000000000000e+00 3.000000000000000000e+00
4.498000000000001108e+00 2.536224198341369629e+01 8.000000000000000000e+00 1.800000000000000000e+01
4.498000000000001108e+00 2.536224198341369629e+01 9.000000000000000000e+00 8.000000000000000000e+00
4.477000000000001201e+00 2.536224198341369629e+01 1.000000000000000000e+01 1.100000000000000000e+01
4.666000000000001258e+00 2.536224198341369629e+01 1.100000000000000000e+01 3.600000000000000000e+01
4.666000000000001258e+00 2.536224198341369629e+01 1.200000000000000000e+01 1.100000000000000000e+01
4.958000000000001073e+00 2.536224198341369629e+01 1.300000000000000000e+01 2.500000000000000000e+01
0.000000000000000000e+00 2.536224198341369629e+01 1.400000000000000000e+01 2.300000000000000000e+01
5.064000000000000945e+00 2.536224198341369629e+01 1.500000000000000000e+01 9.000000000000000000e+00
5.394000000000001016e+00 2.536224198341369629e+01 1.600000000000000000e+01 9.000000000000000000e+00
5.785000000000001030e+00 2.536224198341369629e+01 1.700000000000000000e+01 2.400000000000000000e+01
6.032000000000000917e+00 2.536224198341369629e+01 1.800000000000000000e+01 4.400000000000000000e+01
6.271000000000000796e+00 2.536224198341369629e+01 1.900000000000000000e+01 4.400000000000000000e+01
6.389000000000001123e+00 2.536224198341369629e+01 2.000000000000000000e+01 4.600000000000000000e+01
6.419000000000001371e+00 2.536224198341369629e+01 2.100000000000000000e+01 3.900000000000000000e+01
6.944000000000000838e+00 2.536224198341369629e+01 2.200000000000000000e+01 5.700000000000000000e+01
7.183000000000000718e+00 2.536224198341369629e+01 2.300000000000000000e+01 7.500000000000000000e+01
7.403000000000000469e+00 2.536224198341369629e+01 2.400000000000000000e+01 7.000000000000000000e+01
7.403000000000000469e+00 2.536224198341369629e+01 2.500000000000000000e+01 5.200000000000000000e+01
7.287000000000000810e+00 2.536224198341369629e+01 2.600000000000000000e+01 6.800000000000000000e+01
7.572000000000000064e+00 2.536224198341369629e+01 2.700000000000000000e+01 5.000000000000000000e+01
7.794000000000001371e+00 2.536224198341369629e+01 2.800000000000000000e+01 6.400000000000000000e+01
8.298999999999999488e+00 2.536224198341369629e+01 2.900000000000000000e+01 7.600000000000000000e+01
8.432000000000000384e+00 2.536224198341369629e+01 3.000000000000000000e+01 7.400000000000000000e+01
8.936999999999999389e+00 2.536224198341369629e+01 3.100000000000000000e+01 1.140000000000000000e+02
9.013999999999999346e+00 2.536224198341369629e+01 3.200000000000000000e+01 1.630000000000000000e+02
9.087999999999999190e+00 2.536224198341369629e+01 3.300000000000000000e+01 1.010000000000000000e+02
9.228999999999999204e+00 2.536224198341369629e+01 3.400000000000000000e+01 1.460000000000000000e+02
9.564000000000001833e+00 2.536224198341369629e+01 3.500000000000000000e+01 1.340000000000000000e+02
9.576000000000002288e+00 2.536224198341369629e+01 3.600000000000000000e+01 1.390000000000000000e+02
9.902000000000004576e+00 2.536224198341369629e+01 3.700000000000000000e+01 1.740000000000000000e+02
9.985000000000002984e+00 2.536224198341369629e+01 3.800000000000000000e+01 1.440000000000000000e+02
1.047700000000000209e+01 2.536224198341369629e+01 3.900000000000000000e+01 1.990000000000000000e+02
1.074800000000000288e+01 2.536224198341369629e+01 4.000000000000000000e+01 2.320000000000000000e+02
1.105700000000000394e+01 2.536224198341369629e+01 4.100000000000000000e+01 1.820000000000000000e+02
1.099000000000000554e+01 2.536224198341369629e+01 4.200000000000000000e+01 2.350000000000000000e+02
1.144000000000000128e+01 2.536224198341369629e+01 4.300000000000000000e+01 2.680000000000000000e+02
1.187900000000000134e+01 2.536224198341369629e+01 4.400000000000000000e+01 2.760000000000000000e+02
1.173300000000000409e+01 2.536224198341369629e+01 4.500000000000000000e+01 2.640000000000000000e+02
1.245899999999999430e+01 2.536224198341369629e+01 4.600000000000000000e+01 3.090000000000000000e+02
1.284799999999999187e+01 2.536224198341369629e+01 4.700000000000000000e+01 4.030000000000000000e+02
1.335099999999999021e+01 2.536224198341369629e+01 4.800000000000000000e+01 3.520000000000000000e+02
1.362499999999999289e+01 2.536224198341369629e+01 4.900000000000000000e+01 4.380000000000000000e+02
1.391399999999999437e+01 2.536224198341369629e+01 5.000000000000000000e+01 4.260000000000000000e+02
1.412699999999999179e+01 2.536224198341369629e+01 5.100000000000000000e+01 4.870000000000000000e+02
1.438999999999999524e+01 2.536224198341369629e+01 5.200000000000000000e+01 5.730000000000000000e+02
1.500899999999998791e+01 2.536224198341369629e+01 5.300000000000000000e+01 5.370000000000000000e+02
1.558399999999998720e+01 2.536224198341369629e+01 5.400000000000000000e+01 6.750000000000000000e+02
1.609599999999997877e+01 2.536224198341369629e+01 5.500000000000000000e+01 5.920000000000000000e+02
1.674799999999998690e+01 2.536224198341369629e+01 5.600000000000000000e+01 8.720000000000000000e+02
1.662499999999998934e+01 2.536224198341369629e+01 5.700000000000000000e+01 5.750000000000000000e+02
1.681499999999999062e+01 2.536224198341369629e+01 5.800000000000000000e+01 2.300000000000000000e+01
1.722199999999998710e+01 2.536224198341369629e+01 5.900000000000000000e+01 9.260000000000000000e+02
1.790999999999996817e+01 2.536224198341369629e+01 6.000000000000000000e+01 7.440000000000000000e+02
0.000000000000000000e+00 2.536224198341369629e+01 6.100000000000000000e+01 7.480000000000000000e+02
1.833999999999998565e+01 2.536224198341369629e+01 6.200000000000000000e+01 9.890000000000000000e+02
1.919200000000001083e+01 2.536224198341369629e+01 6.300000000000000000e+01 6.470000000000000000e+02
1.948000000000003240e+01 2.536224198341369629e+01 6.400000000000000000e+01 1.388000000000000000e+03
2.033900000000005548e+01 2.536224198341369629e+01 6.500000000000000000e+01 1.006000000000000000e+03
2.112600000000009359e+01 2.536224198341369629e+01 6.600000000000000000e+01 8.570000000000000000e+02
2.165600000000009828e+01 2.536224198341369629e+01 6.700000000000000000e+01 1.195000000000000000e+03
2.200500000000011269e+01 2.536224198341369629e+01 6.800000000000000000e+01 1.722000000000000000e+03
2.370000000000017337e+01 2.536224198341369629e+01 6.900000000000000000e+01 1.907000000000000000e+03
2.394800000000019580e+01 2.536224198341369629e+01 7.000000000000000000e+01 2.050000000000000000e+03
2.525200000000023692e+01 2.536224198341369629e+01 7.100000000000000000e+01 8.090000000000000000e+02
0.000000000000000000e+00 2.536224198341369629e+01 0.000000000000000000e+00 0.000000000000000000e+00
2.536224198341369629e+01 2.536224198341369629e+01 0.000000000000000000e+00 0.000000000000000000e+00
2.536224198341369629e+01 2.536224198341369629e+01 0.000000000000000000e+00 0.000000000000000000e+00
1.377000000000000002e+00 2.500536990165710449e+01 0.000000000000000000e+00 0.000000000000000000e+00
2.149000000000000021e+00 2.500536990165710449e+01 1.000000000000000000e+00 3.000000000000000000e+00
2.910000000000000142e+00 2.500536990165710449e+01 2.000000000000000000e+00 1.300000000000000000e+01
0.000000000000000000e+00 2.500536990165710449e+01 3.000000000000000000e+00 1.000000000000000000e+01
3.298999999999999932e+00 2.500536990165710449e+01 4.000000000000000000e+00 1.900000000000000000e+01
3.298999999999999932e+00 2.500536990165710449e+01 5.000000000000000000e+00 1.400000000000000000e+01
3.298999999999999932e+00 2.500536990165710449e+01 6.000000000000000000e+00 1.700000000000000000e+01
3.649000000000000021e+00 2.500536990165710449e+01 7.000000000000000000e+00 1.300000000000000000e+01
3.814999999999999947e+00 2.500536990165710449e+01 8.000000000000000000e+00 1.400000000000000000e+01
3.975000000000000089e+00 2.500536990165710449e+01 9.000000000000000000e+00 2.600000000000000000e+01
3.975000000000000089e+00 2.500536990165710449e+01 1.000000000000000000e+01 3.300000000000000000e+01
4.282000000000000028e+00 2.500536990165710449e+01 1.100000000000000000e+01 2.200000000000000000e+01
4.282000000000000028e+00 2.500536990165710449e+01 1.200000000000000000e+01 4.000000000000000000e+01
4.442999999999999616e+00 2.500536990165710449e+01 1.300000000000000000e+01 2.400000000000000000e+01
4.282999999999999474e+00 2.500536990165710449e+01 1.400000000000000000e+01 3.500000000000000000e+01
4.599999999999999645e+00 2.500536990165710449e+01 1.500000000000000000e+01 3.500000000000000000e+01
4.878999999999999559e+00 2.500536990165710449e+01 1.600000000000000000e+01 2.600000000000000000e+01
4.878999999999999559e+00 2.500536990165710449e+01 1.700000000000000000e+01 4.500000000000000000e+01
4.728999999999999204e+00 2.500536990165710449e+01 1.800000000000000000e+01 2.900000000000000000e+01
4.942999999999999616e+00 2.500536990165710449e+01 1.900000000000000000e+01 4.900000000000000000e+01
5.368000000000000327e+00 2.500536990165710449e+01 2.000000000000000000e+01 5.600000000000000000e+01
5.297000000000000597e+00 2.500536990165710449e+01 2.100000000000000000e+01 4.800000000000000000e+01
5.706000000000000405e+00 2.500536990165710449e+01 2.200000000000000000e+01 5.300000000000000000e+01
5.614000000000000767e+00 2.500536990165710449e+01 2.300000000000000000e+01 4.100000000000000000e+01
6.123000000000001108e+00 2.500536990165710449e+01 2.400000000000000000e+01 3.600000000000000000e+01
6.222000000000001307e+00 2.500536990165710449e+01 2.500000000000000000e+01 3.700000000000000000e+01
0.000000000000000000e+00 2.500536990165710449e+01 2.600000000000000000e+01 4.900000000000000000e+01
6.685000000000002274e+00 2.500536990165710449e+01 2.700000000000000000e+01 6.400000000000000000e+01
6.898000000000001464e+00 2.500536990165710449e+01 2.800000000000000000e+01 8.900000000000000000e+01
7.038000000000002032e+00 2.500536990165710449e+01 2.900000000000000000e+01 7.600000000000000000e+01
7.051000000000001933e+00 2.500536990165710449e+01 3.000000000000000000e+01 7.600000000000000000e+01
7.528000000000003133e+00 2.500536990165710449e+01 3.100000000000000000e+01 1.180000000000000000e+02
7.493000000000002991e+00 2.500536990165710449e+01 3.200000000000000000e+01 1.020000000000000000e+02
8.005000000000002558e+00 2.500536990165710449e+01 3.300000000000000000e+01 1.440000000000000000e+02
8.153000000000002245e+00 2.500536990165710449e+01 3.400000000000000000e+01 1.000000000000000000e+02
8.494000000000003325e+00 2.500536990165710449e+01 3.500000000000000000e+01 1.460000000000000000e+02
8.622000000000003439e+00 2.500536990165710449e+01 3.600000000000000000e+01 1.580000000000000000e+02
8.868000000000002103e+00 2.500536990165710449e+01 3.700000000000000000e+01 1.500000000000000000e+02
9.061000000000003496e+00 2.500536990165710449e+01 3.800000000000000000e+01 1.680000000000000000e+02
9.308999999999999275e+00 2.500536990165710449e+01 3.900000000000000000e+01 1.800000000000000000e+02
9.718000000000003524e+00 2.500536990165710449e+01 4.000000000000000000e+01 2.310000000000000000e+02
1.002900000000000347e+01 2.500536990165710449e+01 4.100000000000000000e+01 2.390000000000000000e+02
1.032500000000000462e+01 2.500536990165710449e+01 4.200000000000000000e+01 2.770000000000000000e+02
1.068200000000000571e+01 2.500536990165710449e+01 4.300000000000000000e+01 3.410000000000000000e+02
1.092900000000000560e+01 2.500536990165710449e+01 4.400000000000000000e+01 2.550000000000000000e+02
1.093600000000000527e+01 2.500536990165710449e+01 4.500000000000000000e+01 3.640000000000000000e+02
1.129700000000000415e+01 2.500536990165710449e+01 4.600000000000000000e+01 3.230000000000000000e+02
1.161600000000000499e+01 2.500536990165710449e+01 4.700000000000000000e+01 4.090000000000000000e+02
1.174900000000000411e+01 2.500536990165710449e+01 4.800000000000000000e+01 3.670000000000000000e+02
1.207700000000000529e+01 2.500536990165710449e+01 4.900000000000000000e+01 3.820000000000000000e+02
1.243000000000000327e+01 2.500536990165710449e+01 5.000000000000000000e+01 5.010000000000000000e+02
1.278399999999999714e+01 2.500536990165710449e+01 5.100000000000000000e+01 4.990000000000000000e+02
1.298899999999999721e+01 2.500536990165710449e+01 5.200000000000000000e+01 4.360000000000000000e+02
1.337699999999999179e+01 2.500536990165710449e+01 5.300000000000000000e+01 5.060000000000000000e+02
1.402599999999998737e+01 2.500536990165710449e+01 5.400000000000000000e+01 6.130000000000000000e+02
0.000000000000000000e+00 2.500536990165710449e+01 5.500000000000000000e+01 6.870000000000000000e+02
1.460999999999999943e+01 2.500536990165710449e+01 5.600000000000000000e+01 7.580000000000000000e+02
1.503999999999999915e+01 2.500536990165710449e+01 5.700000000000000000e+01 5.670000000000000000e+02
1.594300000000001560e+01 2.500536990165710449e+01 5.800000000000000000e+01 7.820000000000000000e+02
1.594400000000001683e+01 2.500536990165710449e+01 5.900000000000000000e+01 9.020000000000000000e+02
1.636900000000000688e+01 2.500536990165710449e+01 6.000000000000000000e+01 1.015000000000000000e+03
1.705799999999998207e+01 2.500536990165710449e+01 6.100000000000000000e+01 6.590000000000000000e+02
1.744099999999998829e+01 2.500536990165710449e+01 6.200000000000000000e+01 8.400000000000000000e+02
1.796600000000000463e+01 2.500536990165710449e+01 6.300000000000000000e+01 1.256000000000000000e+03
1.855100000000003035e+01 2.500536990165710449e+01 6.400000000000000000e+01 9.300000000000000000e+02
1.938900000000005619e+01 2.500536990165710449e+01 6.500000000000000000e+01 8.440000000000000000e+02
1.987100000000007327e+01 2.500536990165710449e+01 6.600000000000000000e+01 1.544000000000000000e+03
2.169700000000014128e+01 2.500536990165710449e+01 6.700000000000000000e+01 1.130000000000000000e+03
2.203300000000015402e+01 2.500536990165710449e+01 6.800000000000000000e+01 1.069000000000000000e+03
2.290200000000018576e+01 2.500536990165710449e+01 6.900000000000000000e+01 1.805000000000000000e+03
2.386100000000022447e+01 2.500536990165710449e+01 7.000000000000000000e+01 8.930000000000000000e+02
2.477800000000026870e+01 2.500536990165710449e+01 7.100000000000000000e+01 8.380000000000000000e+02
0.000000000000000000e+00 2.500536990165710449e+01 0.000000000000000000e+00 0.000000000000000000e+00
2.500536990165710449e+01 2.500536990165710449e+01 0.000000000000000000e+00 0.000000000000000000e+00
2.500536990165710449e+01 2.500536990165710449e+01 0.000000000000000000e+00 0.000000000000000000e+00
9.020000000000001350e-01 2.599266576766967773e+01 0.000000000000000000e+00 0.000000000000000000e+00
2.056999999999999940e+00 2.599266576766967773e+01 1.000000000000000000e+00 4.000000000000000000e+00
2.249000000000000110e+00 2.599266576766967773e+01 2.000000000000000000e+00 7.000000000000000000e+00
2.617999999999999883e+00 2.599266576766967773e+01 3.000000000000000000e+00 1.000000000000000000e+01
2.977999999999999758e+00 2.599266576766967773e+01 4.000000000000000000e+00 4.000000000000000000e+00
3.154999999999999805e+00 2.599266576766967773e+01 5.000000000000000000e+00 2.200000000000000000e+01
3.154999999999999805e+00 2.599266576766967773e+01 6.000000000000000000e+00 7.000000000000000000e+00
3.154999999999999805e+00 2.599266576766967773e+01 7.000000000000000000e+00 8.000000000000000000e+00
3.319999999999999840e+00 2.599266576766967773e+01 8.000000000000000000e+00 3.400000000000000000e+01
3.465999999999999748e+00 2.599266576766967773e+01 9.000000000000000000e+00 1.500000000000000000e+01
3.638999999999999790e+00 2.599266576766967773e+01 1.000000000000000000e+01 2.500000000000000000e+01
3.967999999999999972e+00 2.599266576766967773e+01 1.100000000000000000e+01 2.300000000000000000e+01
3.967999999999999972e+00 2.599266576766967773e+01 1.200000000000000000e+01 9.000000000000000000e+00
4.416000000000000369e+00 2.599266576766967773e+01 1.300000000000000000e+01 3.400000000000000000e+01
4.562000000000000277e+00 2.599266576766967773e+01 1.400000000000000000e+01 1.500000000000000000e+01
4.981000000000000760e+00 2.599266576766967773e+01 1.500000000000000000e+01 3.100000000000000000e+01
4.981000000000000760e+00 2.599266576766967773e+01 1.600000000000000000e+01 2.200000000000000000e+01
5.238000000000000433e+00 2.599266576766967773e+01 1.700000000000000000e+01 4.700000000000000000e+01
5.362000000000000099e+00 2.599266576766967773e+01 1.800000000000000000e+01 4.100000000000000000e+01
5.483000000000000540e+00 2.599266576766967773e+01 1.900000000000000000e+01 3.400000000000000000e+01
5.601000000000000867e+00 2.599266576766967773e+01 2.000000000000000000e+01 5.800000000000000000e+01
5.798999999999999488e+00 2.599266576766967773e+01 2.100000000000000000e+01 1.800000000000000000e+01
6.513000000000000789e+00 2.599266576766967773e+01 2.200000000000000000e+01 7.200000000000000000e+01
6.670000000000000817e+00 2.599266576766967773e+01 2.300000000000000000e+01 5.200000000000000000e+01
6.924000000000002153e+00 2.599266576766967773e+01 2.400000000000000000e+01 7.700000000000000000e+01
7.410000000000002807e+00 2.599266576766967773e+01 2.500000000000000000e+01 8.200000000000000000e+01
7.604000000000002757e+00 2.599266576766967773e+01 2.600000000000000000e+01 6.500000000000000000e+01
7.696000000000002395e+00 2.599266576766967773e+01 2.700000000000000000e+01 8.100000000000000000e+01
0.000000000000000000e+00 2.599266576766967773e+01 2.800000000000000000e+01 9.300000000000000000e+01
7.865000000000002878e+00 2.599266576766967773e+01 2.900000000000000000e+01 2.700000000000000000e+01
7.956000000000003070e+00 2.599266576766967773e+01 3.000000000000000000e+01 7.900000000000000000e+01
7.860000000000002096e+00 2.599266576766967773e+01 3.100000000000000000e+01 1.700000000000000000e+01
8.038000000000003809e+00 2.599266576766967773e+01 3.200000000000000000e+01 1.400000000000000000e+01
0.000000000000000000e+00 2.599266576766967773e+01 3.300000000000000000e+01 1.200000000000000000e+02
8.340000000000003411e+00 2.599266576766967773e+01 3.400000000000000000e+01 1.070000000000000000e+02
8.340000000000003411e+00 2.599266576766967773e+01 3.500000000000000000e+01 3.000000000000000000e+01
8.413000000000003809e+00 2.599266576766967773e+01 3.600000000000000000e+01 5.700000000000000000e+01
8.672000000000004150e+00 2.599266576766967773e+01 3.700000000000000000e+01 1.300000000000000000e+01
8.672000000000004150e+00 2.599266576766967773e+01 3.800000000000000000e+01 1.160000000000000000e+02
8.847000000000003084e+00 2.599266576766967773e+01 3.900000000000000000e+01 1.220000000000000000e+02
8.958000000000001961e+00 2.599266576766967773e+01 4.000000000000000000e+01 9.800000000000000000e+01
9.408000000000008356e+00 2.599266576766967773e+01 4.100000000000000000e+01 1.640000000000000000e+02
9.956000000000006622e+00 2.599266576766967773e+01 4.200000000000000000e+01 1.490000000000000000e+02
1.042200000000000593e+01 2.599266576766967773e+01 4.300000000000000000e+01 1.770000000000000000e+02
1.056600000000000605e+01 2.599266576766967773e+01 4.400000000000000000e+01 2.560000000000000000e+02
1.103000000000000647e+01 2.599266576766967773e+01 4.500000000000000000e+01 2.050000000000000000e+02
1.147200000000000131e+01 2.599266576766967773e+01 4.600000000000000000e+01 2.860000000000000000e+02
1.125700000000000323e+01 2.599266576766967773e+01 4.700000000000000000e+01 3.170000000000000000e+02
1.200800000000000090e+01 2.599266576766967773e+01 4.800000000000000000e+01 3.460000000000000000e+02
1.251800000000000423e+01 2.599266576766967773e+01 4.900000000000000000e+01 3.130000000000000000e+02
1.321900000000000830e+01 2.599266576766967773e+01 5.000000000000000000e+01 3.160000000000000000e+02
1.333900000000000752e+01 2.599266576766967773e+01 5.100000000000000000e+01 2.960000000000000000e+02
1.376900000000001256e+01 2.599266576766967773e+01 5.200000000000000000e+01 3.790000000000000000e+02
1.435700000000001175e+01 2.599266576766967773e+01 5.300000000000000000e+01 5.230000000000000000e+02
1.470000000000000639e+01 2.599266576766967773e+01 5.400000000000000000e+01 6.540000000000000000e+02
1.534500000000000419e+01 2.599266576766967773e+01 5.500000000000000000e+01 4.510000000000000000e+02
1.581900000000001505e+01 2.599266576766967773e+01 5.600000000000000000e+01 8.690000000000000000e+02
1.632399999999999451e+01 2.599266576766967773e+01 5.700000000000000000e+01 7.560000000000000000e+02
1.617100000000000293e+01 2.599266576766967773e+01 5.800000000000000000e+01 2.300000000000000000e+01
1.671399999999998087e+01 2.599266576766967773e+01 5.900000000000000000e+01 5.500000000000000000e+02
1.715199999999996550e+01 2.599266576766967773e+01 6.000000000000000000e+01 9.340000000000000000e+02
1.782399999999993767e+01 2.599266576766967773e+01 6.100000000000000000e+01 7.600000000000000000e+02
1.844299999999995165e+01 2.599266576766967773e+01 6.200000000000000000e+01 9.590000000000000000e+02
1.895599999999997820e+01 2.599266576766967773e+01 6.300000000000000000e+01 1.227000000000000000e+03
1.971399999999999508e+01 2.599266576766967773e+01 6.400000000000000000e+01 9.180000000000000000e+02
2.002500000000001990e+01 2.599266576766967773e+01 6.500000000000000000e+01 1.592000000000000000e+03
2.104400000000004312e+01 2.599266576766967773e+01 6.600000000000000000e+01 9.270000000000000000e+02
2.185900000000007637e+01 2.599266576766967773e+01 6.700000000000000000e+01 1.380000000000000000e+03
2.274300000000010158e+01 2.599266576766967773e+01 6.800000000000000000e+01 9.920000000000000000e+02
2.332600000000012130e+01 2.599266576766967773e+01 6.900000000000000000e+01 1.829000000000000000e+03
2.481600000000018369e+01 2.599266576766967773e+01 7.000000000000000000e+01 1.011000000000000000e+03
2.586500000000019739e+01 2.599266576766967773e+01 7.100000000000000000e+01 1.102000000000000000e+03
0.000000000000000000e+00 2.599266576766967773e+01 0.000000000000000000e+00 0.000000000000000000e+00
2.599266576766967773e+01 2.599266576766967773e+01 0.000000000000000000e+00 0.000000000000000000e+00
2.599266576766967773e+01 2.599266576766967773e+01 0.000000000000000000e+00 0.000000000000000000e+00
0.000000000000000000e+00 0.000000000000000000e+00 0.000000000000000000e+00 0.000000000000000000e+00
0.000000000000000000e+00 0.000000000000000000e+00 0.000000000000000000e+00 0.000000000000000000e+00
0.000000000000000000e+00 0.000000000000000000e+00 0.000000000000000000e+00 0.000000000000000000e+00
0.000000000000000000e+00 0.000000000000000000e+00 0.000000000000000000e+00 0.000000000000000000e+00
0.000000000000000000e+00 0.000000000000000000e+00 0.000000000000000000e+00 0.000000000000000000e+00
0.000000000000000000e+00 0.000000000000000000e+00 0.000000000000000000e+00 0.000000000000000000e+00
0.000000000000000000e+00 0.000000000000000000e+00 0.000000000000000000e+00 0.000000000000000000e+00
0.000000000000000000e+00 0.000000000000000000e+00 0.000000000000000000e+00 0.000000000000000000e+00
0.000000000000000000e+00 0.000000000000000000e+00 0.000000000000000000e+00 0.000000000000000000e+00
0.000000000000000000e+00 0.000000000000000000e+00 0.000000000000000000e+00 0.000000000000000000e+00
0.000000000000000000e+00 0.000000000000000000e+00 0.000000000000000000e+00 0.000000000000000000e+00
0.000000000000000000e+00 0.000000000000000000e+00 0.000000000000000000e+00 0.000000000000000000e+00
0.000000000000000000e+00 0.000000000000000000e+00 0.000000000000000000e+00 0.000000000000000000e+00
0.000000000000000000e+00 0.000000000000000000e+00 0.000000000000000000e+00 0.000000000000000000e+00
0.000000000000000000e+00 0.000000000000000000e+00 0.000000000000000000e+00 0.000000000000000000e+00
0.000000000000000000e+00 0.000000000000000000e+00 0.000000000000000000e+00 0.000000000000000000e+00
0.000000000000000000e+00 0.000000000000000000e+00 0.000000000000000000e+00 0.000000000000000000e+00
0.000000000000000000e+00 0.000000000000000000e+00 0.000000000000000000e+00 0.000000000000000000e+00
0.000000000000000000e+00 0.000000000000000000e+00 0.000000000000000000e+00 0.000000000000000000e+00
0.000000000000000000e+00 0.000000000000000000e+00 0.000000000000000000e+00 0.000000000000000000e+00
0.000000000000000000e+00 0.000000000000000000e+00 0.000000000000000000e+00 0.000000000000000000e+00
0.000000000000000000e+00 0.000000000000000000e+00 0.000000000000000000e+00 0.000000000000000000e+00
0.000000000000000000e+00 0.000000000000000000e+00 0.000000000000000000e+00 0.000000000000000000e+00
0.000000000000000000e+00 0.000000000000000000e+00 0.000000000000000000e+00 0.000000000000000000e+00
0.000000000000000000e+00 0.000000000000000000e+00 0.000000000000000000e+00 0.000000000000000000e+00
0.000000000000000000e+00 0.000000000000000000e+00 0.000000000000000000e+00 0.000000000000000000e+00
0.000000000000000000e+00 0.000000000000000000e+00 0.000000000000000000e+00 0.000000000000000000e+00
0.000000000000000000e+00 0.000000000000000000e+00 0.000000000000000000e+00 0.000000000000000000e+00
0.000000000000000000e+00 0.000000000000000000e+00 0.000000000000000000e+00 0.000000000000000000e+00
0.000000000000000000e+00 0.000000000000000000e+00 0.000000000000000000e+00 0.000000000000000000e+00
0.000000000000000000e+00 0.000000000000000000e+00 0.000000000000000000e+00 0.000000000000000000e+00
0.000000000000000000e+00 0.000000000000000000e+00 0.000000000000000000e+00 0.000000000000000000e+00
0.000000000000000000e+00 0.000000000000000000e+00 0.000000000000000000e+00 0.000000000000000000e+00
0.000000000000000000e+00 0.000000000000000000e+00 0.000000000000000000e+00 0.000000000000000000e+00
0.000000000000000000e+00 0.000000000000000000e+00 0.000000000000000000e+00 0.000000000000000000e+00
0.000000000000000000e+00 0.000000000000000000e+00 0.000000000000000000e+00 0.000000000000000000e+00
0.000000000000000000e+00 0.000000000000000000e+00 0.000000000000000000e+00 0.000000000000000000e+00
0.000000000000000000e+00 0.000000000000000000e+00 0.000000000000000000e+00 0.000000000000000000e+00
0.000000000000000000e+00 0.000000000000000000e+00 0.000000000000000000e+00 0.000000000000000000e+00
0.000000000000000000e+00 0.000000000000000000e+00 0.000000000000000000e+00 0.000000000000000000e+00
0.000000000000000000e+00 0.000000000000000000e+00 0.000000000000000000e+00 0.000000000000000000e+00
0.000000000000000000e+00 0.000000000000000000e+00 0.000000000000000000e+00 0.000000000000000000e+00
0.000000000000000000e+00 0.000000000000000000e+00 0.000000000000000000e+00 0.000000000000000000e+00
0.000000000000000000e+00 0.000000000000000000e+00 0.000000000000000000e+00 0.000000000000000000e+00
0.000000000000000000e+00 0.000000000000000000e+00 0.000000000000000000e+00 0.000000000000000000e+00
0.000000000000000000e+00 0.000000000000000000e+00 0.000000000000000000e+00 0.000000000000000000e+00
0.000000000000000000e+00 0.000000000000000000e+00 0.000000000000000000e+00 0.000000000000000000e+00
0.000000000000000000e+00 0.000000000000000000e+00 0.000000000000000000e+00 0.000000000000000000e+00
0.000000000000000000e+00 0.000000000000000000e+00 0.000000000000000000e+00 0.000000000000000000e+00
0.000000000000000000e+00 0.000000000000000000e+00 0.000000000000000000e+00 0.000000000000000000e+00
0.000000000000000000e+00 0.000000000000000000e+00 0.000000000000000000e+00 0.000000000000000000e+00
0.000000000000000000e+00 0.000000000000000000e+00 0.000000000000000000e+00 0.000000000000000000e+00
0.000000000000000000e+00 0.000000000000000000e+00 0.000000000000000000e+00 0.000000000000000000e+00
0.000000000000000000e+00 0.000000000000000000e+00 0.000000000000000000e+00 0.000000000000000000e+00
0.000000000000000000e+00 0.000000000000000000e+00 0.000000000000000000e+00 0.000000000000000000e+00
0.000000000000000000e+00 0.000000000000000000e+00 0.000000000000000000e+00 0.000000000000000000e+00
0.000000000000000000e+00 0.000000000000000000e+00 0.000000000000000000e+00 0.000000000000000000e+00
0.000000000000000000e+00 0.000000000000000000e+00 0.000000000000000000e+00 0.000000000000000000e+00
0.000000000000000000e+00 0.000000000000000000e+00 0.000000000000000000e+00 0.000000000000000000e+00
0.000000000000000000e+00 0.000000000000000000e+00 0.000000000000000000e+00 0.000000000000000000e+00
0.000000000000000000e+00 0.000000000000000000e+00 0.000000000000000000e+00 0.000000000000000000e+00
0.000000000000000000e+00 0.000000000000000000e+00 0.000000000000000000e+00 0.000000000000000000e+00
0.000000000000000000e+00 0.000000000000000000e+00 0.000000000000000000e+00 0.000000000000000000e+00
0.000000000000000000e+00 0.000000000000000000e+00 0.000000000000000000e+00 0.000000000000000000e+00
0.000000000000000000e+00 0.000000000000000000e+00 0.000000000000000000e+00 0.000000000000000000e+00
0.000000000000000000e+00 0.000000000000000000e+00 0.000000000000000000e+00 0.000000000000000000e+00
0.000000000000000000e+00 0.000000000000000000e+00 0.000000000000000000e+00 0.000000000000000000e+00
0.000000000000000000e+00 0.000000000000000000e+00 0.000000000000000000e+00 0.000000000000000000e+00
0.000000000000000000e+00 0.000000000000000000e+00 0.000000000000000000e+00 0.000000000000000000e+00
0.000000000000000000e+00 0.000000000000000000e+00 0.000000000000000000e+00 0.000000000000000000e+00
0.000000000000000000e+00 0.000000000000000000e+00 0.000000000000000000e+00 0.000000000000000000e+00
0.000000000000000000e+00 0.000000000000000000e+00 0.000000000000000000e+00 0.000000000000000000e+00
0.000000000000000000e+00 0.000000000000000000e+00 0.000000000000000000e+00 0.000000000000000000e+00
0.000000000000000000e+00 0.000000000000000000e+00 0.000000000000000000e+00 0.000000000000000000e+00
0.000000000000000000e+00 0.000000000000000000e+00 0.000000000000000000e+00 0.000000000000000000e+00
1.966000000000000192e+00 2.700821375846862793e+01 0.000000000000000000e+00 0.000000000000000000e+00
2.352000000000000313e+00 2.700821375846862793e+01 1.000000000000000000e+00 1.100000000000000000e+01
2.933000000000000718e+00 2.700821375846862793e+01 2.000000000000000000e+00 1.300000000000000000e+01
3.132000000000000561e+00 2.700821375846862793e+01 3.000000000000000000e+00 1.900000000000000000e+01
3.326000000000000512e+00 2.700821375846862793e+01 4.000000000000000000e+00 2.100000000000000000e+01
3.687000000000000277e+00 2.700821375846862793e+01 5.000000000000000000e+00 1.800000000000000000e+01
3.687000000000000277e+00 2.700821375846862793e+01 6.000000000000000000e+00 8.000000000000000000e+00
3.685000000000000497e+00 2.700821375846862793e+01 7.000000000000000000e+00 2.800000000000000000e+01
4.026000000000000689e+00 2.700821375846862793e+01 8.000000000000000000e+00 2.200000000000000000e+01
4.026000000000000689e+00 2.700821375846862793e+01 9.000000000000000000e+00 1.100000000000000000e+01
4.147000000000000242e+00 2.700821375846862793e+01 1.000000000000000000e+01 1.700000000000000000e+01
4.330999999999999517e+00 2.700821375846862793e+01 1.100000000000000000e+01 2.600000000000000000e+01
4.657000000000000028e+00 2.700821375846862793e+01 1.200000000000000000e+01 3.000000000000000000e+01
0.000000000000000000e+00 2.700821375846862793e+01 1.300000000000000000e+01 2.100000000000000000e+01
4.809000000000000163e+00 2.700821375846862793e+01 1.400000000000000000e+01 2.400000000000000000e+01
5.088000000000000966e+00 2.700821375846862793e+01 1.500000000000000000e+01 4.000000000000000000e+01
5.088000000000000966e+00 2.700821375846862793e+01 1.600000000000000000e+01 2.500000000000000000e+01
5.088000000000000966e+00 2.700821375846862793e+01 1.700000000000000000e+01 4.800000000000000000e+01
5.263000000000001677e+00 2.700821375846862793e+01 1.800000000000000000e+01 1.300000000000000000e+01
5.584000000000001407e+00 2.700821375846862793e+01 1.900000000000000000e+01 4.300000000000000000e+01
6.268000000000002458e+00 2.700821375846862793e+01 2.000000000000000000e+01 4.800000000000000000e+01
6.687000000000002942e+00 2.700821375846862793e+01 2.100000000000000000e+01 4.600000000000000000e+01
7.150000000000003020e+00 2.700821375846862793e+01 2.200000000000000000e+01 4.600000000000000000e+01
7.150000000000003020e+00 2.700821375846862793e+01 2.300000000000000000e+01 5.000000000000000000e+01
7.359000000000002650e+00 2.700821375846862793e+01 2.400000000000000000e+01 9.600000000000000000e+01
7.561000000000002608e+00 2.700821375846862793e+01 2.500000000000000000e+01 8.800000000000000000e+01
8.154000000000003467e+00 2.700821375846862793e+01 2.600000000000000000e+01 6.400000000000000000e+01
8.291000000000000369e+00 2.700821375846862793e+01 2.700000000000000000e+01 8.400000000000000000e+01
8.519000000000001904e+00 2.700821375846862793e+01 2.800000000000000000e+01 7.300000000000000000e+01
8.431000000000000938e+00 2.700821375846862793e+01 2.900000000000000000e+01 1.070000000000000000e+02
8.852000000000000313e+00 2.700821375846862793e+01 3.000000000000000000e+01 1.060000000000000000e+02
8.951999999999999957e+00 2.700821375846862793e+01 3.100000000000000000e+01 1.680000000000000000e+02
9.398999999999999133e+00 2.700821375846862793e+01 3.200000000000000000e+01 1.220000000000000000e+02
9.616999999999999105e+00 2.700821375846862793e+01 3.300000000000000000e+01 1.160000000000000000e+02
9.886000000000001009e+00 2.700821375846862793e+01 3.400000000000000000e+01 1.790000000000000000e+02
1.002399999999999913e+01 2.700821375846862793e+01 3.500000000000000000e+01 1.670000000000000000e+02
1.011300000000000310e+01 2.700821375846862793e+01 3.600000000000000000e+01 2.100000000000000000e+02
1.061600000000000144e+01 2.700821375846862793e+01 3.700000000000000000e+01 1.780000000000000000e+02
1.068099999999999916e+01 2.700821375846862793e+01 3.800000000000000000e+01 2.100000000000000000e+02
1.092399999999999771e+01 2.700821375846862793e+01 3.900000000000000000e+01 1.940000000000000000e+02
1.122700000000000031e+01 2.700821375846862793e+01 4.000000000000000000e+01 2.390000000000000000e+02
1.145500000000000185e+01 2.700821375846862793e+01 4.100000000000000000e+01 3.360000000000000000e+02
1.157000000000000028e+01 2.700821375846862793e+01 4.200000000000000000e+01 2.730000000000000000e+02
1.208699999999999974e+01 2.700821375846862793e+01 4.300000000000000000e+01 2.780000000000000000e+02
1.248800000000000310e+01 2.700821375846862793e+01 4.400000000000000000e+01 2.740000000000000000e+02
1.261700000000000266e+01 2.700821375846862793e+01 4.500000000000000000e+01 3.270000000000000000e+02
1.292599999999999838e+01 2.700821375846862793e+01 4.600000000000000000e+01 3.750000000000000000e+02
1.347200000000000486e+01 2.700821375846862793e+01 4.700000000000000000e+01 3.650000000000000000e+02
0.000000000000000000e+00 2.700821375846862793e+01 4.800000000000000000e+01 3.480000000000000000e+02
1.436200000000001431e+01 2.700821375846862793e+01 4.900000000000000000e+01 4.360000000000000000e+02
1.471300000000001695e+01 2.700821375846862793e+01 5.000000000000000000e+01 4.300000000000000000e+02
1.486400000000001498e+01 2.700821375846862793e+01 5.100000000000000000e+01 5.790000000000000000e+02
1.528900000000001924e+01 2.700821375846862793e+01 5.200000000000000000e+01 5.510000000000000000e+02
1.560600000000001586e+01 2.700821375846862793e+01 5.300000000000000000e+01 7.250000000000000000e+02
1.609500000000000952e+01 2.700821375846862793e+01 5.400000000000000000e+01 7.280000000000000000e+02
1.653300000000000125e+01 2.700821375846862793e+01 5.500000000000000000e+01 7.860000000000000000e+02
1.699999999999998934e+01 2.700821375846862793e+01 5.600000000000000000e+01 5.710000000000000000e+02
1.728699999999998127e+01 2.700821375846862793e+01 5.700000000000000000e+01 9.490000000000000000e+02
1.816599999999997195e+01 2.700821375846862793e+01 5.800000000000000000e+01 9.900000000000000000e+02
1.807999999999997343e+01 2.700821375846862793e+01 5.900000000000000000e+01 7.760000000000000000e+02
1.848999999999996291e+01 2.700821375846862793e+01 6.000000000000000000e+01 1.167000000000000000e+03
1.939899999999994051e+01 2.700821375846862793e+01 6.100000000000000000e+01 8.250000000000000000e+02
1.999099999999994637e+01 2.700821375846862793e+01 6.200000000000000000e+01 8.370000000000000000e+02
2.052099999999996172e+01 2.700821375846862793e+01 6.300000000000000000e+01 1.139000000000000000e+03
2.087099999999998445e+01 2.700821375846862793e+01 6.400000000000000000e+01 1.206000000000000000e+03
2.142600000000000193e+01 2.700821375846862793e+01 6.500000000000000000e+01 1.545000000000000000e+03
2.238800000000002299e+01 2.700821375846862793e+01 6.600000000000000000e+01 9.000000000000000000e+00
2.236700000000002575e+01 2.700821375846862793e+01 6.700000000000000000e+01 1.753000000000000000e+03
2.333200000000006469e+01 2.700821375846862793e+01 6.800000000000000000e+01 1.327000000000000000e+03
2.407700000000009055e+01 2.700821375846862793e+01 6.900000000000000000e+01 1.237000000000000000e+03
2.602600000000015612e+01 2.700821375846862793e+01 7.000000000000000000e+01 1.047000000000000000e+03
2.697600000000019094e+01 2.700821375846862793e+01 7.100000000000000000e+01 1.056000000000000000e+03
0.000000000000000000e+00 2.700821375846862793e+01 0.000000000000000000e+00 0.000000000000000000e+00
2.700821375846862793e+01 2.700821375846862793e+01 0.000000000000000000e+00 0.000000000000000000e+00
2.700821375846862793e+01 2.700821375846862793e+01 0.000000000000000000e+00 0.000000000000000000e+00
1.499000000000000110e+00 2.761951661109924316e+01 0.000000000000000000e+00 2.000000000000000000e+00
2.276000000000000245e+00 2.761951661109924316e+01 1.000000000000000000e+00 6.000000000000000000e+00
2.842000000000000082e+00 2.761951661109924316e+01 2.000000000000000000e+00 2.100000000000000000e+01
3.030000000000000249e+00 2.761951661109924316e+01 3.000000000000000000e+00 1.200000000000000000e+01
3.030000000000000249e+00 2.761951661109924316e+01 4.000000000000000000e+00 1.300000000000000000e+01
3.385000000000000231e+00 2.761951661109924316e+01 5.000000000000000000e+00 8.000000000000000000e+00
3.559000000000000163e+00 2.761951661109924316e+01 6.000000000000000000e+00 2.700000000000000000e+01
3.559000000000000163e+00 2.761951661109924316e+01 7.000000000000000000e+00 3.800000000000000000e+01
3.891000000000000014e+00 2.761951661109924316e+01 8.000000000000000000e+00 1.300000000000000000e+01
3.891000000000000014e+00 2.761951661109924316e+01 9.000000000000000000e+00 2.300000000000000000e+01
4.054999999999999716e+00 2.761951661109924316e+01 1.000000000000000000e+01 3.300000000000000000e+01
4.211999999999999744e+00 2.761951661109924316e+01 1.100000000000000000e+01 7.000000000000000000e+00
4.505999999999999339e+00 2.761951661109924316e+01 1.200000000000000000e+01 2.200000000000000000e+01
4.505999999999999339e+00 2.761951661109924316e+01 1.300000000000000000e+01 3.200000000000000000e+01
4.461999999999999744e+00 2.761951661109924316e+01 1.400000000000000000e+01 4.000000000000000000e+01
4.798999999999999488e+00 2.761951661109924316e+01 1.500000000000000000e+01 3.300000000000000000e+01
4.935999999999999943e+00 2.761951661109924316e+01 1.600000000000000000e+01 1.200000000000000000e+01
5.070999999999999730e+00 2.761951661109924316e+01 1.700000000000000000e+01 4.400000000000000000e+01
5.200999999999999623e+00 2.761951661109924316e+01 1.800000000000000000e+01 5.400000000000000000e+01
5.673999999999998600e+00 2.761951661109924316e+01 1.900000000000000000e+01 5.200000000000000000e+01
5.887999999999999012e+00 2.761951661109924316e+01 2.000000000000000000e+01 5.400000000000000000e+01
6.362999999999999545e+00 2.761951661109924316e+01 2.100000000000000000e+01 6.100000000000000000e+01
6.165999999999998593e+00 2.761951661109924316e+01 2.200000000000000000e+01 4.900000000000000000e+01
6.593999999999999417e+00 2.761951661109924316e+01 2.300000000000000000e+01 3.500000000000000000e+01
6.908999999999999808e+00 2.761951661109924316e+01 2.400000000000000000e+01 8.200000000000000000e+01
7.102999999999999758e+00 2.761951661109924316e+01 2.500000000000000000e+01 7.600000000000000000e+01
7.225999999999999091e+00 2.761951661109924316e+01 2.600000000000000000e+01 7.900000000000000000e+01
7.382999999999999119e+00 2.761951661109924316e+01 2.700000000000000000e+01 6.600000000000000000e+01
7.465999999999999304e+00 2.761951661109924316e+01 2.800000000000000000e+01 5.400000000000000000e+01
7.902000000000000135e+00 2.761951661109924316e+01 2.900000000000000000e+01 1.110000000000000000e+02
7.921000000000000263e+00 2.761951661109924316e+01 3.000000000000000000e+01 9.100000000000000000e+01
8.455999999999999517e+00 2.761951661109924316e+01 3.100000000000000000e+01 1.050000000000000000e+02
8.493999999999997996e+00 2.761951661109924316e+01 3.200000000000000000e+01 1.230000000000000000e+02
8.901999999999997470e+00 2.761951661109924316e+01 3.300000000000000000e+01 1.000000000000000000e+00
0.000000000000000000e+00 2.761951661109924316e+01 3.400000000000000000e+01 1.560000000000000000e+02
9.241999999999997328e+00 2.761951661109924316e+01 3.500000000000000000e+01 1.450000000000000000e+02
9.436999999999997613e+00 2.761951661109924316e+01 3.600000000000000000e+01 1.240000000000000000e+02
9.806999999999996831e+00 2.761951661109924316e+01 3.700000000000000000e+01 1.530000000000000000e+02
9.868999999999996220e+00 2.761951661109924316e+01 3.800000000000000000e+01 2.170000000000000000e+02
1.004299999999999571e+01 2.761951661109924316e+01 3.900000000000000000e+01 2.370000000000000000e+02
1.036799999999999677e+01 2.761951661109924316e+01 4.000000000000000000e+01 2.130000000000000000e+02
1.047499999999999609e+01 2.761951661109924316e+01 4.100000000000000000e+01 1.960000000000000000e+02
1.071899999999999764e+01 2.761951661109924316e+01 4.200000000000000000e+01 2.390000000000000000e+02
1.111099999999999710e+01 2.761951661109924316e+01 4.300000000000000000e+01 2.590000000000000000e+02
1.132399999999999629e+01 2.761951661109924316e+01 4.400000000000000000e+01 3.090000000000000000e+02
1.145299999999999763e+01 2.761951661109924316e+01 4.500000000000000000e+01 2.570000000000000000e+02
1.214099999999999469e+01 2.761951661109924316e+01 4.600000000000000000e+01 4.000000000000000000e+02
1.246399999999999508e+01 2.761951661109924316e+01 4.700000000000000000e+01 3.490000000000000000e+02
1.277899999999999281e+01 2.761951661109924316e+01 4.800000000000000000e+01 4.450000000000000000e+02
1.328800000000000026e+01 2.761951661109924316e+01 4.900000000000000000e+01 4.570000000000000000e+02
1.317100000000000470e+01 2.761951661109924316e+01 5.000000000000000000e+01 4.090000000000000000e+02
1.386399999999999544e+01 2.761951661109924316e+01 5.100000000000000000e+01 5.080000000000000000e+02
1.411999999999999922e+01 2.761951661109924316e+01 5.200000000000000000e+01 3.880000000000000000e+02
1.464499999999999602e+01 2.761951661109924316e+01 5.300000000000000000e+01 5.460000000000000000e+02
1.476899999999999302e+01 2.761951661109924316e+01 5.400000000000000000e+01 7.630000000000000000e+02
1.511699999999998845e+01 2.761951661109924316e+01 5.500000000000000000e+01 7.660000000000000000e+02
1.583299999999999663e+01 2.761951661109924316e+01 5.600000000000000000e+01 6.600000000000000000e+02
1.588899999999999402e+01 2.761951661109924316e+01 5.700000000000000000e+01 6.080000000000000000e+02
1.659499999999998820e+01 2.761951661109924316e+01 5.800000000000000000e+01 8.020000000000000000e+02
1.704399999999996851e+01 2.761951661109924316e+01 5.900000000000000000e+01 7.010000000000000000e+02
1.741999999999995907e+01 2.761951661109924316e+01 6.000000000000000000e+01 6.680000000000000000e+02
1.782099999999994466e+01 2.761951661109924316e+01 6.100000000000000000e+01 1.115000000000000000e+03
1.883899999999998087e+01 2.761951661109924316e+01 6.200000000000000000e+01 1.040000000000000000e+03
1.907900000000000063e+01 2.761951661109924316e+01 6.300000000000000000e+01 9.490000000000000000e+02
1.970100000000001828e+01 2.761951661109924316e+01 6.400000000000000000e+01 1.538000000000000000e+03
2.045200000000003371e+01 2.761951661109924316e+01 6.500000000000000000e+01 1.000000000000000000e+00
2.068700000000003669e+01 2.761951661109924316e+01 6.600000000000000000e+01 9.610000000000000000e+02
2.160200000000007137e+01 2.761951661109924316e+01 6.700000000000000000e+01 1.001000000000000000e+03
2.276900000000011559e+01 2.761951661109924316e+01 6.800000000000000000e+01 9.610000000000000000e+02
2.391900000000016391e+01 2.761951661109924316e+01 6.900000000000000000e+01 1.552000000000000000e+03
2.653700000000026549e+01 2.761951661109924316e+01 7.000000000000000000e+01 2.242000000000000000e+03
2.753800000000029513e+01 2.761951661109924316e+01 7.100000000000000000e+01 1.268000000000000000e+03
0.000000000000000000e+00 2.761951661109924316e+01 0.000000000000000000e+00 0.000000000000000000e+00
2.761951661109924316e+01 2.761951661109924316e+01 0.000000000000000000e+00 0.000000000000000000e+00
2.761951661109924316e+01 2.761951661109924316e+01 0.000000000000000000e+00 0.000000000000000000e+00
1.913000000000000034e+00 2.635601401329040527e+01 0.000000000000000000e+00 1.000000000000000000e+01
0.000000000000000000e+00 2.635601401329040527e+01 1.000000000000000000e+00 1.000000000000000000e+00
2.690999999999999837e+00 2.635601401329040527e+01 2.000000000000000000e+00 1.900000000000000000e+01
2.690999999999999837e+00 2.635601401329040527e+01 3.000000000000000000e+00 1.100000000000000000e+01
3.235999999999999766e+00 2.635601401329040527e+01 4.000000000000000000e+00 1.500000000000000000e+01
3.415999999999999925e+00 2.635601401329040527e+01 5.000000000000000000e+00 1.800000000000000000e+01
3.415999999999999925e+00 2.635601401329040527e+01 6.000000000000000000e+00 1.200000000000000000e+01
3.590999999999999748e+00 2.635601401329040527e+01 7.000000000000000000e+00 7.000000000000000000e+00
3.590999999999999748e+00 2.635601401329040527e+01 8.000000000000000000e+00 1.100000000000000000e+01
3.586999999999999744e+00 2.635601401329040527e+01 9.000000000000000000e+00 2.100000000000000000e+01
0.000000000000000000e+00 2.635601401329040527e+01 1.000000000000000000e+01 1.100000000000000000e+01
3.929999999999999716e+00 2.635601401329040527e+01 1.100000000000000000e+01 2.000000000000000000e+01
3.753999999999999559e+00 2.635601401329040527e+01 1.200000000000000000e+01 2.400000000000000000e+01
4.088999999999999524e+00 2.635601401329040527e+01 1.300000000000000000e+01 1.500000000000000000e+01
4.088999999999999524e+00 2.635601401329040527e+01 1.400000000000000000e+01 1.400000000000000000e+01
4.064000000000000057e+00 2.635601401329040527e+01 1.500000000000000000e+01 2.100000000000000000e+01
4.500000000000000000e+00 2.635601401329040527e+01 1.600000000000000000e+01 1.500000000000000000e+01
4.500000000000000000e+00 2.635601401329040527e+01 1.700000000000000000e+01 2.000000000000000000e+00
5.150999999999998913e+00 2.635601401329040527e+01 1.800000000000000000e+01 2.100000000000000000e+01
5.507999999999999119e+00 2.635601401329040527e+01 1.900000000000000000e+01 4.300000000000000000e+01
5.507999999999999119e+00 2.635601401329040527e+01 2.000000000000000000e+01 4.000000000000000000e+01
5.740999999999999659e+00 2.635601401329040527e+01 2.100000000000000000e+01 4.800000000000000000e+01
6.065999999999999837e+00 2.635601401329040527e+01 2.200000000000000000e+01 4.800000000000000000e+01
5.774999999999999467e+00 2.635601401329040527e+01 2.300000000000000000e+01 3.400000000000000000e+01
6.401999999999999247e+00 2.635601401329040527e+01 2.400000000000000000e+01 5.900000000000000000e+01
6.579999999999999183e+00 2.635601401329040527e+01 2.500000000000000000e+01 6.300000000000000000e+01
6.708999999999998742e+00 2.635601401329040527e+01 2.600000000000000000e+01 4.800000000000000000e+01
0.000000000000000000e+00 2.635601401329040527e+01 2.700000000000000000e+01 7.200000000000000000e+01
7.071999999999999176e+00 2.635601401329040527e+01 2.800000000000000000e+01 8.200000000000000000e+01
7.328999999999998849e+00 2.635601401329040527e+01 2.900000000000000000e+01 9.500000000000000000e+01
7.405999999999998806e+00 2.635601401329040527e+01 3.000000000000000000e+01 1.010000000000000000e+02
7.620999999999997776e+00 2.635601401329040527e+01 3.100000000000000000e+01 9.400000000000000000e+01
8.210999999999998522e+00 2.635601401329040527e+01 3.200000000000000000e+01 1.020000000000000000e+02
8.447999999999998622e+00 2.635601401329040527e+01 3.300000000000000000e+01 1.170000000000000000e+02
0.000000000000000000e+00 2.635601401329040527e+01 3.400000000000000000e+01 1.550000000000000000e+02
8.796999999999998820e+00 2.635601401329040527e+01 3.500000000000000000e+01 1.660000000000000000e+02
8.526999999999997470e+00 2.635601401329040527e+01 3.600000000000000000e+01 1.020000000000000000e+02
8.996999999999999886e+00 2.635601401329040527e+01 3.700000000000000000e+01 1.710000000000000000e+02
9.351999999999998536e+00 2.635601401329040527e+01 3.800000000000000000e+01 1.860000000000000000e+02
9.420999999999995822e+00 2.635601401329040527e+01 3.900000000000000000e+01 1.700000000000000000e+02
9.762999999999998124e+00 2.635601401329040527e+01 4.000000000000000000e+01 1.780000000000000000e+02
1.021799999999999820e+01 2.635601401329040527e+01 4.100000000000000000e+01 2.330000000000000000e+02
1.056399999999999650e+01 2.635601401329040527e+01 4.200000000000000000e+01 2.620000000000000000e+02
1.066199999999999726e+01 2.635601401329040527e+01 4.300000000000000000e+01 2.760000000000000000e+02
1.127799999999999692e+01 2.635601401329040527e+01 4.400000000000000000e+01 2.900000000000000000e+02
1.140499999999999758e+01 2.635601401329040527e+01 4.500000000000000000e+01 3.630000000000000000e+02
1.158899999999999153e+01 2.635601401329040527e+01 4.600000000000000000e+01 2.400000000000000000e+02
1.225199999999999534e+01 2.635601401329040527e+01 4.700000000000000000e+01 3.960000000000000000e+02
1.247099999999999476e+01 2.635601401329040527e+01 4.800000000000000000e+01 4.230000000000000000e+02
1.275999999999999801e+01 2.635601401329040527e+01 4.900000000000000000e+01 5.550000000000000000e+02
1.346799999999999997e+01 2.635601401329040527e+01 5.000000000000000000e+01 4.010000000000000000e+02
1.388799999999999457e+01 2.635601401329040527e+01 5.100000000000000000e+01 5.770000000000000000e+02
1.456400000000000006e+01 2.635601401329040527e+01 5.200000000000000000e+01 5.900000000000000000e+02
1.459200000000000053e+01 2.635601401329040527e+01 5.300000000000000000e+01 6.630000000000000000e+02
1.480100000000000016e+01 2.635601401329040527e+01 5.400000000000000000e+01 7.220000000000000000e+02
1.504099999999999149e+01 2.635601401329040527e+01 5.500000000000000000e+01 7.440000000000000000e+02
1.590900000000000425e+01 2.635601401329040527e+01 5.600000000000000000e+01 5.820000000000000000e+02
1.666899999999998272e+01 2.635601401329040527e+01 5.700000000000000000e+01 9.930000000000000000e+02
1.728999999999997783e+01 2.635601401329040527e+01 5.800000000000000000e+01 9.150000000000000000e+02
1.762399999999996325e+01 2.635601401329040527e+01 5.900000000000000000e+01 1.101000000000000000e+03
1.849699999999993594e+01 2.635601401329040527e+01 6.000000000000000000e+01 1.077000000000000000e+03
1.842599999999993798e+01 2.635601401329040527e+01 6.100000000000000000e+01 8.110000000000000000e+02
1.940899999999996339e+01 2.635601401329040527e+01 6.200000000000000000e+01 1.338000000000000000e+03
1.987199999999999989e+01 2.635601401329040527e+01 6.300000000000000000e+01 1.323000000000000000e+03
0.000000000000000000e+00 2.635601401329040527e+01 6.400000000000000000e+01 1.407000000000000000e+03
2.067100000000001359e+01 2.635601401329040527e+01 6.500000000000000000e+01 1.690000000000000000e+03
2.162700000000004863e+01 2.635601401329040527e+01 6.600000000000000000e+01 9.930000000000000000e+02
2.253300000000007230e+01 2.635601401329040527e+01 6.700000000000000000e+01 1.266000000000000000e+03
2.308300000000008723e+01 2.635601401329040527e+01 6.800000000000000000e+01 1.026000000000000000e+03
2.376900000000011559e+01 2.635601401329040527e+01 6.900000000000000000e+01 1.722000000000000000e+03
2.510800000000016041e+01 2.635601401329040527e+01 7.000000000000000000e+01 1.851000000000000000e+03
2.616700000000021475e+01 2.635601401329040527e+01 7.100000000000000000e+01 1.422000000000000000e+03
0.000000000000000000e+00 2.635601401329040527e+01 0.000000000000000000e+00 0.000000000000000000e+00
2.635601401329040527e+01 2.635601401329040527e+01 0.000000000000000000e+00 0.000000000000000000e+00
2.635601401329040527e+01 2.635601401329040527e+01 0.000000000000000000e+00 0.000000000000000000e+00
1.694999999999999840e+00 2.461399126052856445e+01 0.000000000000000000e+00 1.000000000000000000e+00
2.465999999999999748e+00 2.461399126052856445e+01 1.000000000000000000e+00 9.000000000000000000e+00
3.035000000000000142e+00 2.461399126052856445e+01 2.000000000000000000e+00 7.000000000000000000e+00
3.224000000000000199e+00 2.461399126052856445e+01 3.000000000000000000e+00 8.000000000000000000e+00
3.224000000000000199e+00 2.461399126052856445e+01 4.000000000000000000e+00 2.100000000000000000e+01
3.214999999999999858e+00 2.461399126052856445e+01 5.000000000000000000e+00 1.400000000000000000e+01
3.584999999999999964e+00 2.461399126052856445e+01 6.000000000000000000e+00 2.500000000000000000e+01
3.584999999999999964e+00 2.461399126052856445e+01 7.000000000000000000e+00 2.300000000000000000e+01
3.754999999999999893e+00 2.461399126052856445e+01 8.000000000000000000e+00 1.900000000000000000e+01
4.091000000000000192e+00 2.461399126052856445e+01 9.000000000000000000e+00 1.300000000000000000e+01
4.256000000000000227e+00 2.461399126052856445e+01 1.000000000000000000e+01 1.000000000000000000e+00
4.256000000000000227e+00 2.461399126052856445e+01 1.100000000000000000e+01 1.500000000000000000e+01
4.256000000000000227e+00 2.461399126052856445e+01 1.200000000000000000e+01 3.100000000000000000e+01
4.414000000000000590e+00 2.461399126052856445e+01 1.300000000000000000e+01 1.900000000000000000e+01
4.366000000000000547e+00 2.461399126052856445e+01 1.400000000000000000e+01 9.000000000000000000e+00
4.553000000000000824e+00 2.461399126052856445e+01 1.500000000000000000e+01 1.100000000000000000e+01
4.689000000000000945e+00 2.461399126052856445e+01 1.600000000000000000e+01 1.600000000000000000e+01
4.689000000000000945e+00 2.461399126052856445e+01 1.700000000000000000e+01 1.400000000000000000e+01
4.819000000000000838e+00 2.461399126052856445e+01 1.800000000000000000e+01 2.800000000000000000e+01
5.300999999999999268e+00 2.461399126052856445e+01 1.900000000000000000e+01 2.000000000000000000e+00
5.564000000000000057e+00 2.461399126052856445e+01 2.000000000000000000e+01 2.000000000000000000e+01
5.364000000000000767e+00 2.461399126052856445e+01 2.100000000000000000e+01 3.900000000000000000e+01
5.644999999999999574e+00 2.461399126052856445e+01 2.200000000000000000e+01 4.100000000000000000e+01
5.612000000000000099e+00 2.461399126052856445e+01 2.300000000000000000e+01 3.500000000000000000e+01
5.803000000000000824e+00 2.461399126052856445e+01 2.400000000000000000e+01 1.700000000000000000e+01
0.000000000000000000e+00 2.461399126052856445e+01 2.500000000000000000e+01 4.100000000000000000e+01
6.109000000000000874e+00 2.461399126052856445e+01 2.600000000000000000e+01 2.100000000000000000e+01
6.128000000000000114e+00 2.461399126052856445e+01 2.700000000000000000e+01 3.800000000000000000e+01
6.909000000000000696e+00 2.461399126052856445e+01 2.800000000000000000e+01 6.500000000000000000e+01
7.251000000000000334e+00 2.461399126052856445e+01 2.900000000000000000e+01 1.500000000000000000e+01
7.337000000000000632e+00 2.461399126052856445e+01 3.000000000000000000e+01 6.400000000000000000e+01
7.589999999999999858e+00 2.461399126052856445e+01 3.100000000000000000e+01 7.600000000000000000e+01
8.110999999999998877e+00 2.461399126052856445e+01 3.200000000000000000e+01 8.900000000000000000e+01
8.402999999999998693e+00 2.461399126052856445e+01 3.300000000000000000e+01 1.030000000000000000e+02
8.868999999999999773e+00 2.461399126052856445e+01 3.400000000000000000e+01 1.110000000000000000e+02
9.122999999999999332e+00 2.461399126052856445e+01 3.500000000000000000e+01 1.100000000000000000e+02
9.380000000000000782e+00 2.461399126052856445e+01 3.600000000000000000e+01 1.060000000000000000e+02
9.623000000000001108e+00 2.461399126052856445e+01 3.700000000000000000e+01 1.340000000000000000e+02
9.744000000000001549e+00 2.461399126052856445e+01 3.800000000000000000e+01 1.120000000000000000e+02
1.007099999999999618e+01 2.461399126052856445e+01 3.900000000000000000e+01 2.310000000000000000e+02
0.000000000000000000e+00 2.461399126052856445e+01 4.000000000000000000e+01 1.720000000000000000e+02
1.044999999999999751e+01 2.461399126052856445e+01 4.100000000000000000e+01 2.420000000000000000e+02
1.048199999999999577e+01 2.461399126052856445e+01 4.200000000000000000e+01 1.960000000000000000e+02
1.092699999999999427e+01 2.461399126052856445e+01 4.300000000000000000e+01 1.930000000000000000e+02
1.085499999999999332e+01 2.461399126052856445e+01 4.400000000000000000e+01 2.650000000000000000e+02
1.129699999999999172e+01 2.461399126052856445e+01 4.500000000000000000e+01 3.250000000000000000e+02
1.141199999999999015e+01 2.461399126052856445e+01 4.600000000000000000e+01 2.300000000000000000e+01
1.168199999999999328e+01 2.461399126052856445e+01 4.700000000000000000e+01 3.090000000000000000e+02
1.186599999999999255e+01 2.461399126052856445e+01 4.800000000000000000e+01 4.040000000000000000e+02
1.262799999999999478e+01 2.461399126052856445e+01 4.900000000000000000e+01 3.080000000000000000e+02
1.304199999999999626e+01 2.461399126052856445e+01 5.000000000000000000e+01 5.360000000000000000e+02
1.348799999999999066e+01 2.461399126052856445e+01 5.100000000000000000e+01 4.200000000000000000e+02
1.396299999999999031e+01 2.461399126052856445e+01 5.200000000000000000e+01 5.460000000000000000e+02
1.440999999999998593e+01 2.461399126052856445e+01 5.300000000000000000e+01 5.060000000000000000e+02
1.466099999999998360e+01 2.461399126052856445e+01 5.400000000000000000e+01 5.990000000000000000e+02
1.491599999999998261e+01 2.461399126052856445e+01 5.500000000000000000e+01 7.140000000000000000e+02
1.544899999999999451e+01 2.461399126052856445e+01 5.600000000000000000e+01 7.160000000000000000e+02
1.595999999999999197e+01 2.461399126052856445e+01 5.700000000000000000e+01 6.320000000000000000e+02
1.625199999999999179e+01 2.461399126052856445e+01 5.800000000000000000e+01 9.070000000000000000e+02
1.671399999999997377e+01 2.461399126052856445e+01 5.900000000000000000e+01 9.220000000000000000e+02
1.732799999999996032e+01 2.461399126052856445e+01 6.000000000000000000e+01 6.210000000000000000e+02
1.805999999999993122e+01 2.461399126052856445e+01 6.100000000000000000e+01 7.630000000000000000e+02
1.805099999999993798e+01 2.461399126052856445e+01 6.200000000000000000e+01 1.052000000000000000e+03
1.867899999999995231e+01 2.461399126052856445e+01 6.300000000000000000e+01 1.405000000000000000e+03
1.941599999999997550e+01 2.461399126052856445e+01 6.400000000000000000e+01 9.000000000000000000e+02
1.993099999999999028e+01 2.461399126052856445e+01 6.500000000000000000e+01 9.140000000000000000e+02
2.035100000000001330e+01 2.461399126052856445e+01 6.600000000000000000e+01 1.719000000000000000e+03
2.137200000000003897e+01 2.461399126052856445e+01 6.700000000000000000e+01 9.940000000000000000e+02
2.197400000000004994e+01 2.461399126052856445e+01 6.800000000000000000e+01 1.520000000000000000e+03
2.266800000000007387e+01 2.461399126052856445e+01 6.900000000000000000e+01 1.608000000000000000e+03
2.357300000000010698e+01 2.461399126052856445e+01 7.000000000000000000e+01 1.056000000000000000e+03
2.458800000000014663e+01 2.461399126052856445e+01 7.100000000000000000e+01 1.172000000000000000e+03
0.000000000000000000e+00 2.461399126052856445e+01 0.000000000000000000e+00 0.000000000000000000e+00
2.461399126052856445e+01 2.461399126052856445e+01 0.000000000000000000e+00 0.000000000000000000e+00
2.461399126052856445e+01 2.461399126052856445e+01 0.000000000000000000e+00 0.000000000000000000e+00
1.298000000000000265e+00 2.739029383659362793e+01 0.000000000000000000e+00 5.000000000000000000e+00
2.068000000000000504e+00 2.739029383659362793e+01 1.000000000000000000e+00 9.000000000000000000e+00
2.446000000000000174e+00 2.739029383659362793e+01 2.000000000000000000e+00 1.600000000000000000e+01
2.831999999999999851e+00 2.739029383659362793e+01 3.000000000000000000e+00 1.600000000000000000e+01
2.831999999999999851e+00 2.739029383659362793e+01 4.000000000000000000e+00 1.100000000000000000e+01
3.030999999999999694e+00 2.739029383659362793e+01 5.000000000000000000e+00 1.400000000000000000e+01
3.211999999999999744e+00 2.739029383659362793e+01 6.000000000000000000e+00 2.000000000000000000e+01
3.187999999999999723e+00 2.739029383659362793e+01 7.000000000000000000e+00 1.200000000000000000e+01
3.378999999999999559e+00 2.739029383659362793e+01 8.000000000000000000e+00 1.000000000000000000e+01
3.708999999999999631e+00 2.739029383659362793e+01 9.000000000000000000e+00 1.500000000000000000e+01
3.708999999999999631e+00 2.739029383659362793e+01 1.000000000000000000e+01 2.600000000000000000e+01
3.708999999999999631e+00 2.739029383659362793e+01 1.100000000000000000e+01 3.100000000000000000e+01
3.871999999999999442e+00 2.739029383659362793e+01 1.200000000000000000e+01 1.000000000000000000e+01
4.021999999999999353e+00 2.739029383659362793e+01 1.300000000000000000e+01 3.000000000000000000e+01
4.021999999999999353e+00 2.739029383659362793e+01 1.400000000000000000e+01 3.400000000000000000e+01
4.100999999999999091e+00 2.739029383659362793e+01 1.500000000000000000e+01 2.400000000000000000e+01
4.522999999999998799e+00 2.739029383659362793e+01 1.600000000000000000e+01 4.200000000000000000e+01
5.218999999999999417e+00 2.739029383659362793e+01 1.700000000000000000e+01 7.000000000000000000e+00
4.881999999999999673e+00 2.739029383659362793e+01 1.800000000000000000e+01 4.700000000000000000e+01
5.353999999999999204e+00 2.739029383659362793e+01 1.900000000000000000e+01 3.300000000000000000e+01
5.598999999999999311e+00 2.739029383659362793e+01 2.000000000000000000e+01 5.500000000000000000e+01
5.834999999999999076e+00 2.739029383659362793e+01 2.100000000000000000e+01 5.700000000000000000e+01
5.944999999999999396e+00 2.739029383659362793e+01 2.200000000000000000e+01 6.000000000000000000e+01
0.000000000000000000e+00 2.739029383659362793e+01 2.300000000000000000e+01 1.000000000000000000e+01
6.152999999999999581e+00 2.739029383659362793e+01 2.400000000000000000e+01 4.400000000000000000e+01
6.447999999999999510e+00 2.739029383659362793e+01 2.500000000000000000e+01 3.800000000000000000e+01
6.543999999999999595e+00 2.739029383659362793e+01 2.600000000000000000e+01 5.600000000000000000e+01
6.152000000000000135e+00 2.739029383659362793e+01 2.700000000000000000e+01 8.600000000000000000e+01
6.812999999999999723e+00 2.739029383659362793e+01 2.800000000000000000e+01 5.600000000000000000e+01
6.986999999999999211e+00 2.739029383659362793e+01 2.900000000000000000e+01 1.090000000000000000e+02
7.316999999999998394e+00 2.739029383659362793e+01 3.000000000000000000e+01 9.500000000000000000e+01
7.650999999999998025e+00 2.739029383659362793e+01 3.100000000000000000e+01 9.800000000000000000e+01
7.789999999999997371e+00 2.739029383659362793e+01 3.200000000000000000e+01 9.600000000000000000e+01
8.097999999999997200e+00 2.739029383659362793e+01 3.300000000000000000e+01 3.500000000000000000e+01
8.211999999999996191e+00 2.739029383659362793e+01 3.400000000000000000e+01 1.230000000000000000e+02
8.354999999999998650e+00 2.739029383659362793e+01 3.500000000000000000e+01 1.710000000000000000e+02
8.635999999999999233e+00 2.739029383659362793e+01 3.600000000000000000e+01 1.590000000000000000e+02
8.731999999999999318e+00 2.739029383659362793e+01 3.700000000000000000e+01 1.200000000000000000e+02
9.149999999999998579e+00 2.739029383659362793e+01 3.800000000000000000e+01 1.680000000000000000e+02
9.446999999999995623e+00 2.739029383659362793e+01 3.900000000000000000e+01 1.580000000000000000e+02
9.920999999999997598e+00 2.739029383659362793e+01 4.000000000000000000e+01 2.380000000000000000e+02
1.017999999999999972e+01 2.739029383659362793e+01 4.100000000000000000e+01 2.290000000000000000e+02
1.034099999999999930e+01 2.739029383659362793e+01 4.200000000000000000e+01 2.520000000000000000e+02
1.070699999999999896e+01 2.739029383659362793e+01 4.300000000000000000e+01 2.690000000000000000e+02
1.102000000000000135e+01 2.739029383659362793e+01 4.400000000000000000e+01 2.400000000000000000e+02
1.133800000000000097e+01 2.739029383659362793e+01 4.500000000000000000e+01 3.950000000000000000e+02
1.167599999999999838e+01 2.739029383659362793e+01 4.600000000000000000e+01 3.520000000000000000e+02
1.221500000000000163e+01 2.739029383659362793e+01 4.700000000000000000e+01 3.160000000000000000e+02
0.000000000000000000e+00 2.739029383659362793e+01 4.800000000000000000e+01 3.450000000000000000e+02
1.266000000000000192e+01 2.739029383659362793e+01 4.900000000000000000e+01 4.820000000000000000e+02
1.300300000000000367e+01 2.739029383659362793e+01 5.000000000000000000e+01 4.510000000000000000e+02
1.301700000000000479e+01 2.739029383659362793e+01 5.100000000000000000e+01 4.210000000000000000e+02
1.357700000000000706e+01 2.739029383659362793e+01 5.200000000000000000e+01 5.910000000000000000e+02
1.381400000000000361e+01 2.739029383659362793e+01 5.300000000000000000e+01 5.440000000000000000e+02
1.470100000000000051e+01 2.739029383659362793e+01 5.400000000000000000e+01 5.050000000000000000e+02
1.518299999999999805e+01 2.739029383659362793e+01 5.500000000000000000e+01 8.060000000000000000e+02
1.586700000000001509e+01 2.739029383659362793e+01 5.600000000000000000e+01 5.370000000000000000e+02
1.657299999999999329e+01 2.739029383659362793e+01 5.700000000000000000e+01 8.050000000000000000e+02
1.665899999999999181e+01 2.739029383659362793e+01 5.800000000000000000e+01 9.080000000000000000e+02
1.724099999999997124e+01 2.739029383659362793e+01 5.900000000000000000e+01 1.064000000000000000e+03
1.792599999999995575e+01 2.739029383659362793e+01 6.000000000000000000e+01 8.800000000000000000e+02
1.815199999999994773e+01 2.739029383659362793e+01 6.100000000000000000e+01 8.240000000000000000e+02
1.856499999999995509e+01 2.739029383659362793e+01 6.200000000000000000e+01 1.360000000000000000e+03
1.926799999999997937e+01 2.739029383659362793e+01 6.300000000000000000e+01 1.156000000000000000e+03
1.981400000000000006e+01 2.739029383659362793e+01 6.400000000000000000e+01 8.740000000000000000e+02
2.101900000000003743e+01 2.739029383659362793e+01 6.500000000000000000e+01 8.780000000000000000e+02
2.200000000000006750e+01 2.739029383659362793e+01 6.600000000000000000e+01 1.120000000000000000e+03
2.253600000000009373e+01 2.739029383659362793e+01 6.700000000000000000e+01 9.290000000000000000e+02
2.340800000000011138e+01 2.739029383659362793e+01 6.800000000000000000e+01 1.750000000000000000e+03
2.550500000000020506e+01 2.739029383659362793e+01 6.900000000000000000e+01 2.313000000000000000e+03
2.736700000000026023e+01 2.739029383659362793e+01 7.000000000000000000e+01 1.226000000000000000e+03
2.729300000000026927e+01 2.739029383659362793e+01 7.100000000000000000e+01 1.396000000000000000e+03
0.000000000000000000e+00 2.739029383659362793e+01 0.000000000000000000e+00 0.000000000000000000e+00
2.739029383659362793e+01 2.739029383659362793e+01 0.000000000000000000e+00 0.000000000000000000e+00
2.739029383659362793e+01 2.739029383659362793e+01 0.000000000000000000e+00 0.000000000000000000e+00
2.731000000000000316e+00 2.792351078987121582e+01 0.000000000000000000e+00 1.300000000000000000e+01
2.731000000000000316e+00 2.792351078987121582e+01 1.000000000000000000e+00 1.200000000000000000e+01
2.731000000000000316e+00 2.792351078987121582e+01 2.000000000000000000e+00 1.000000000000000000e+01
3.128000000000000558e+00 2.792351078987121582e+01 3.000000000000000000e+00 1.600000000000000000e+01
3.364000000000000323e+00 2.792351078987121582e+01 4.000000000000000000e+00 1.000000000000000000e+00
3.676000000000000600e+00 2.792351078987121582e+01 5.000000000000000000e+00 2.300000000000000000e+01
3.652000000000000579e+00 2.792351078987121582e+01 6.000000000000000000e+00 1.500000000000000000e+01
3.849000000000000643e+00 2.792351078987121582e+01 7.000000000000000000e+00 2.000000000000000000e+01
3.849000000000000643e+00 2.792351078987121582e+01 8.000000000000000000e+00 1.300000000000000000e+01
4.019000000000001016e+00 2.792351078987121582e+01 9.000000000000000000e+00 8.000000000000000000e+00
4.019000000000001016e+00 2.792351078987121582e+01 1.000000000000000000e+01 1.700000000000000000e+01
4.019000000000001016e+00 2.792351078987121582e+01 1.100000000000000000e+01 7.000000000000000000e+00
3.977000000000000313e+00 2.792351078987121582e+01 1.200000000000000000e+01 1.100000000000000000e+01
4.328000000000001180e+00 2.792351078987121582e+01 1.300000000000000000e+01 2.900000000000000000e+01
4.483000000000001428e+00 2.792351078987121582e+01 1.400000000000000000e+01 2.500000000000000000e+01
4.483000000000001428e+00 2.792351078987121582e+01 1.500000000000000000e+01 2.800000000000000000e+01
4.699000000000001620e+00 2.792351078987121582e+01 1.600000000000000000e+01 2.500000000000000000e+01
4.286000000000000476e+00 2.792351078987121582e+01 1.700000000000000000e+01 5.000000000000000000e+00
4.469000000000001194e+00 2.792351078987121582e+01 1.800000000000000000e+01 2.400000000000000000e+01
4.423000000000000931e+00 2.792351078987121582e+01 1.900000000000000000e+01 2.600000000000000000e+01
5.089000000000002188e+00 2.792351078987121582e+01 2.000000000000000000e+01 2.400000000000000000e+01
5.201000000000002288e+00 2.792351078987121582e+01 2.100000000000000000e+01 3.500000000000000000e+01
5.086000000000002075e+00 2.792351078987121582e+01 2.200000000000000000e+01 1.900000000000000000e+01
5.309000000000001940e+00 2.792351078987121582e+01 2.300000000000000000e+01 2.700000000000000000e+01
5.244000000000002437e+00 2.792351078987121582e+01 2.400000000000000000e+01 1.300000000000000000e+01
5.516000000000002679e+00 2.792351078987121582e+01 2.500000000000000000e+01 3.200000000000000000e+01
5.895000000000003126e+00 2.792351078987121582e+01 2.600000000000000000e+01 2.900000000000000000e+01
6.255000000000003446e+00 2.792351078987121582e+01 2.700000000000000000e+01 3.400000000000000000e+01
6.700000000000003730e+00 2.792351078987121582e+01 2.800000000000000000e+01 4.000000000000000000e+01
6.935000000000004050e+00 2.792351078987121582e+01 2.900000000000000000e+01 6.000000000000000000e+01
7.541000000000004810e+00 2.792351078987121582e+01 3.000000000000000000e+01 8.700000000000000000e+01
7.499000000000003219e+00 2.792351078987121582e+01 3.100000000000000000e+01 1.140000000000000000e+02
8.233000000000002316e+00 2.792351078987121582e+01 3.200000000000000000e+01 1.250000000000000000e+02
8.327000000000001734e+00 2.792351078987121582e+01 3.300000000000000000e+01 1.410000000000000000e+02
8.627000000000002444e+00 2.792351078987121582e+01 3.400000000000000000e+01 1.610000000000000000e+02
8.833000000000003737e+00 2.792351078987121582e+01 3.500000000000000000e+01 1.050000000000000000e+02
8.937000000000002942e+00 2.792351078987121582e+01 3.600000000000000000e+01 1.980000000000000000e+02
9.218000000000003524e+00 2.792351078987121582e+01 3.700000000000000000e+01 1.980000000000000000e+02
9.226000000000002643e+00 2.792351078987121582e+01 3.800000000000000000e+01 2.110000000000000000e+02
9.662000000000000810e+00 2.792351078987121582e+01 3.900000000000000000e+01 1.800000000000000000e+02
1.001900000000000013e+01 2.792351078987121582e+01 4.000000000000000000e+01 2.110000000000000000e+02
1.038400000000000034e+01 2.792351078987121582e+01 4.100000000000000000e+01 2.510000000000000000e+02
1.097599999999999731e+01 2.792351078987121582e+01 4.200000000000000000e+01 2.740000000000000000e+02
1.110200000000000031e+01 2.792351078987121582e+01 4.300000000000000000e+01 2.870000000000000000e+02
1.152699999999999925e+01 2.792351078987121582e+01 4.400000000000000000e+01 2.540000000000000000e+02
1.199299999999999677e+01 2.792351078987121582e+01 4.500000000000000000e+01 3.700000000000000000e+02
1.231299999999998995e+01 2.792351078987121582e+01 4.600000000000000000e+01 3.290000000000000000e+02
1.266699999999999093e+01 2.792351078987121582e+01 4.700000000000000000e+01 3.360000000000000000e+02
1.306599999999999007e+01 2.792351078987121582e+01 4.800000000000000000e+01 4.610000000000000000e+02
1.319899999999999274e+01 2.792351078987121582e+01 4.900000000000000000e+01 4.100000000000000000e+02
1.342999999999999439e+01 2.792351078987121582e+01 5.000000000000000000e+01 6.060000000000000000e+02
1.370399999999999174e+01 2.792351078987121582e+01 5.100000000000000000e+01 8.000000000000000000e+00
1.430399999999999494e+01 2.792351078987121582e+01 5.200000000000000000e+01 5.070000000000000000e+02
1.445899999999999430e+01 2.792351078987121582e+01 5.300000000000000000e+01 5.600000000000000000e+02
1.512299999999999223e+01 2.792351078987121582e+01 5.400000000000000000e+01 6.550000000000000000e+02
1.535699999999998866e+01 2.792351078987121582e+01 5.500000000000000000e+01 6.130000000000000000e+02
1.575100000000000300e+01 2.792351078987121582e+01 5.600000000000000000e+01 6.060000000000000000e+02
1.640499999999999403e+01 2.792351078987121582e+01 5.700000000000000000e+01 8.230000000000000000e+02
1.695599999999999241e+01 2.792351078987121582e+01 5.800000000000000000e+01 7.270000000000000000e+02
1.700599999999999312e+01 2.792351078987121582e+01 5.900000000000000000e+01 7.790000000000000000e+02
1.753099999999997749e+01 2.792351078987121582e+01 6.000000000000000000e+01 1.039000000000000000e+03
1.814299999999995450e+01 2.792351078987121582e+01 6.100000000000000000e+01 8.720000000000000000e+02
1.889999999999997726e+01 2.792351078987121582e+01 6.200000000000000000e+01 1.387000000000000000e+03
1.946199999999998909e+01 2.792351078987121582e+01 6.300000000000000000e+01 1.310000000000000000e+03
1.988300000000000978e+01 2.792351078987121582e+01 6.400000000000000000e+01 1.410000000000000000e+03
2.052200000000003399e+01 2.792351078987121582e+01 6.500000000000000000e+01 1.105000000000000000e+03
2.094800000000006079e+01 2.792351078987121582e+01 6.600000000000000000e+01 1.224000000000000000e+03
2.239800000000010272e+01 2.792351078987121582e+01 6.700000000000000000e+01 1.120000000000000000e+03
2.325900000000013890e+01 2.792351078987121582e+01 6.800000000000000000e+01 1.688000000000000000e+03
2.443800000000017647e+01 2.792351078987121582e+01 6.900000000000000000e+01 1.337000000000000000e+03
2.523500000000020194e+01 2.792351078987121582e+01 7.000000000000000000e+01 1.280000000000000000e+03
2.796500000000030539e+01 2.792351078987121582e+01 7.100000000000000000e+01 2.090000000000000000e+03
0.000000000000000000e+00 2.792351078987121582e+01 0.000000000000000000e+00 0.000000000000000000e+00
2.792351078987121582e+01 2.792351078987121582e+01 0.000000000000000000e+00 0.000000000000000000e+00
2.792351078987121582e+01 2.792351078987121582e+01 0.000000000000000000e+00 0.000000000000000000e+00
