1.473999999999999977e+00 3.593842220306396484e+01 0.000000000000000000e+00 2.000000000000000000e+00
2.253000000000000114e+00 3.593842220306396484e+01 1.000000000000000000e+00 1.000000000000000000e+00
2.625000000000000444e+00 3.593842220306396484e+01 2.000000000000000000e+00 1.000000000000000000e+01
2.992000000000000437e+00 3.593842220306396484e+01 3.000000000000000000e+00 5.000000000000000000e+00
3.173000000000000487e+00 3.593842220306396484e+01 4.000000000000000000e+00 1.800000000000000000e+01
3.515000000000000568e+00 3.593842220306396484e+01 5.000000000000000000e+00 1.000000000000000000e+01
3.848000000000000309e+00 3.593842220306396484e+01 6.000000000000000000e+00 1.900000000000000000e+01
3.848000000000000309e+00 3.593842220306396484e+01 7.000000000000000000e+00 2.500000000000000000e+01
3.848000000000000309e+00 3.593842220306396484e+01 8.000000000000000000e+00 2.400000000000000000e+01
3.848000000000000309e+00 3.593842220306396484e+01 9.000000000000000000e+00 1.700000000000000000e+01
4.012000000000000455e+00 3.593842220306396484e+01 1.000000000000000000e+01 1.500000000000000000e+01
4.161000000000000476e+00 3.593842220306396484e+01 1.100000000000000000e+01 2.000000000000000000e+01
4.446000000000000618e+00 3.593842220306396484e+01 1.200000000000000000e+01 3.500000000000000000e+01
4.446000000000000618e+00 3.593842220306396484e+01 1.300000000000000000e+01 2.600000000000000000e+01
4.586000000000000298e+00 3.593842220306396484e+01 1.400000000000000000e+01 3.400000000000000000e+01
4.397999999999999687e+00 3.593842220306396484e+01 1.500000000000000000e+01 2.800000000000000000e+01
4.720000000000000639e+00 3.593842220306396484e+01 1.600000000000000000e+01 3.500000000000000000e+01
4.843000000000000860e+00 3.593842220306396484e+01 1.700000000000000000e+01 3.000000000000000000e+00
4.962000000000000632e+00 3.593842220306396484e+01 1.800000000000000000e+01 4.500000000000000000e+01
4.914000000000000590e+00 3.593842220306396484e+01 1.900000000000000000e+01 3.900000000000000000e+01
5.303000000000000824e+00 3.593842220306396484e+01 2.000000000000000000e+01 3.500000000000000000e+01
5.410000000000001030e+00 3.593842220306396484e+01 2.100000000000000000e+01 4.800000000000000000e+01
5.443000000000001393e+00 3.593842220306396484e+01 2.200000000000000000e+01 4.700000000000000000e+01
5.728000000000000647e+00 3.593842220306396484e+01 2.300000000000000000e+01 4.200000000000000000e+01
0.000000000000000000e+00 3.593842220306396484e+01 2.400000000000000000e+01 5.900000000000000000e+01
6.017000000000000348e+00 3.593842220306396484e+01 2.500000000000000000e+01 4.900000000000000000e+01
6.184000000000001052e+00 3.593842220306396484e+01 2.600000000000000000e+01 8.500000000000000000e+01
6.284000000000000696e+00 3.593842220306396484e+01 2.700000000000000000e+01 6.200000000000000000e+01
6.542000000000000703e+00 3.593842220306396484e+01 2.800000000000000000e+01 7.900000000000000000e+01
6.462000000000000632e+00 3.593842220306396484e+01 2.900000000000000000e+01 8.100000000000000000e+01
6.856000000000000760e+00 3.593842220306396484e+01 3.000000000000000000e+01 9.100000000000000000e+01
6.629000000000000448e+00 3.593842220306396484e+01 3.100000000000000000e+01 9.300000000000000000e+01
7.281000000000000583e+00 3.593842220306396484e+01 3.200000000000000000e+01 1.120000000000000000e+02
0.000000000000000000e+00 3.593842220306396484e+01 3.300000000000000000e+01 9.500000000000000000e+01
7.442000000000000171e+00 3.593842220306396484e+01 3.400000000000000000e+01 1.190000000000000000e+02
7.900999999999999801e+00 3.593842220306396484e+01 3.500000000000000000e+01 1.180000000000000000e+02
8.064999999999999503e+00 3.593842220306396484e+01 3.600000000000000000e+01 1.630000000000000000e+02
8.389999999999998792e+00 3.593842220306396484e+01 3.700000000000000000e+01 1.670000000000000000e+02
8.543999999999998707e+00 3.593842220306396484e+01 3.800000000000000000e+01 1.810000000000000000e+02
8.652000000000001023e+00 3.593842220306396484e+01 3.900000000000000000e+01 1.830000000000000000e+02
9.202000000000003510e+00 3.593842220306396484e+01 4.000000000000000000e+01 2.070000000000000000e+02
9.402000000000004576e+00 3.593842220306396484e+01 4.100000000000000000e+01 2.450000000000000000e+02
9.564000000000003610e+00 3.593842220306396484e+01 4.200000000000000000e+01 2.730000000000000000e+02
1.016600000000000570e+01 3.593842220306396484e+01 4.300000000000000000e+01 2.900000000000000000e+02
1.030900000000000460e+01 3.593842220306396484e+01 4.400000000000000000e+01 2.850000000000000000e+02
1.055200000000000671e+01 3.593842220306396484e+01 4.500000000000000000e+01 3.410000000000000000e+02
1.084200000000000941e+01 3.593842220306396484e+01 4.600000000000000000e+01 3.700000000000000000e+02
1.140500000000001002e+01 3.593842220306396484e+01 4.700000000000000000e+01 3.460000000000000000e+02
1.194600000000001394e+01 3.593842220306396484e+01 4.800000000000000000e+01 4.650000000000000000e+02
1.232800000000001184e+01 3.593842220306396484e+01 4.900000000000000000e+01 5.600000000000000000e+02
1.268200000000000927e+01 3.593842220306396484e+01 5.000000000000000000e+01 5.590000000000000000e+02
1.312900000000000666e+01 3.593842220306396484e+01 5.100000000000000000e+01 6.940000000000000000e+02
1.343200000000000394e+01 3.593842220306396484e+01 5.200000000000000000e+01 6.550000000000000000e+02
1.403699999999999548e+01 3.593842220306396484e+01 5.300000000000000000e+01 7.790000000000000000e+02
1.448599999999999710e+01 3.593842220306396484e+01 5.400000000000000000e+01 7.950000000000000000e+02
1.498699999999999655e+01 3.593842220306396484e+01 5.500000000000000000e+01 7.730000000000000000e+02
1.523900000000000254e+01 3.593842220306396484e+01 5.600000000000000000e+01 1.030000000000000000e+03
1.597400000000000198e+01 3.593842220306396484e+01 5.700000000000000000e+01 1.320000000000000000e+03
1.649599999999998090e+01 3.593842220306396484e+01 5.800000000000000000e+01 1.254000000000000000e+03
1.723299999999996146e+01 3.593842220306396484e+01 5.900000000000000000e+01 1.262000000000000000e+03
1.741899999999997561e+01 3.593842220306396484e+01 6.000000000000000000e+01 1.355000000000000000e+03
1.779899999999999238e+01 3.593842220306396484e+01 6.100000000000000000e+01 1.694000000000000000e+03
1.909300000000001418e+01 3.593842220306396484e+01 6.200000000000000000e+01 1.418000000000000000e+03
1.961900000000003530e+01 3.593842220306396484e+01 6.300000000000000000e+01 2.103000000000000000e+03
2.043200000000006966e+01 3.593842220306396484e+01 6.400000000000000000e+01 1.347000000000000000e+03
2.130100000000010141e+01 3.593842220306396484e+01 6.500000000000000000e+01 1.742000000000000000e+03
2.243800000000015160e+01 3.593842220306396484e+01 6.600000000000000000e+01 2.540000000000000000e+03
2.371800000000018827e+01 3.593842220306396484e+01 6.700000000000000000e+01 3.045000000000000000e+03
2.794100000000035067e+01 3.593842220306396484e+01 6.800000000000000000e+01 2.444000000000000000e+03
3.251000000000051671e+01 3.593842220306396484e+01 6.900000000000000000e+01 3.218000000000000000e+03
3.515600000000060987e+01 3.593842220306396484e+01 7.000000000000000000e+01 4.218000000000000000e+03
3.591700000000064108e+01 3.593842220306396484e+01 7.100000000000000000e+01 3.721000000000000000e+03
0.000000000000000000e+00 3.593842220306396484e+01 0.000000000000000000e+00 0.000000000000000000e+00
3.593842220306396484e+01 3.593842220306396484e+01 0.000000000000000000e+00 0.000000000000000000e+00
3.593842220306396484e+01 3.593842220306396484e+01 0.000000000000000000e+00 0.000000000000000000e+00
1.490999999999999881e+00 3.524842143058776855e+01 0.000000000000000000e+00 2.000000000000000000e+00
2.057999999999999829e+00 3.524842143058776855e+01 1.000000000000000000e+00 3.000000000000000000e+00
2.427000000000000046e+00 3.524842143058776855e+01 2.000000000000000000e+00 1.200000000000000000e+01
2.971999999999999975e+00 3.524842143058776855e+01 3.000000000000000000e+00 1.100000000000000000e+01
3.150999999999999801e+00 3.524842143058776855e+01 4.000000000000000000e+00 1.600000000000000000e+01
3.323999999999999844e+00 3.524842143058776855e+01 5.000000000000000000e+00 2.200000000000000000e+01
3.493999999999999773e+00 3.524842143058776855e+01 6.000000000000000000e+00 2.000000000000000000e+01
3.815999999999999837e+00 3.524842143058776855e+01 7.000000000000000000e+00 3.300000000000000000e+01
3.969999999999999751e+00 3.524842143058776855e+01 8.000000000000000000e+00 2.600000000000000000e+01
0.000000000000000000e+00 3.524842143058776855e+01 9.000000000000000000e+00 1.500000000000000000e+01
3.969999999999999751e+00 3.524842143058776855e+01 1.000000000000000000e+01 2.500000000000000000e+01
4.123999999999999666e+00 3.524842143058776855e+01 1.100000000000000000e+01 2.700000000000000000e+01
0.000000000000000000e+00 3.524842143058776855e+01 1.200000000000000000e+01 2.800000000000000000e+01
3.942999999999999616e+00 3.524842143058776855e+01 1.300000000000000000e+01 2.700000000000000000e+01
4.399000000000000021e+00 3.524842143058776855e+01 1.400000000000000000e+01 2.800000000000000000e+01
4.399000000000000021e+00 3.524842143058776855e+01 1.500000000000000000e+01 2.900000000000000000e+01
4.528999999999999915e+00 3.524842143058776855e+01 1.600000000000000000e+01 2.500000000000000000e+01
4.668000000000000149e+00 3.524842143058776855e+01 1.700000000000000000e+01 3.600000000000000000e+01
0.000000000000000000e+00 3.524842143058776855e+01 1.800000000000000000e+01 1.000000000000000000e+00
5.022999999999999687e+00 3.524842143058776855e+01 1.900000000000000000e+01 4.100000000000000000e+01
5.342999999999999083e+00 3.524842143058776855e+01 2.000000000000000000e+01 4.900000000000000000e+01
5.242999999999998550e+00 3.524842143058776855e+01 2.100000000000000000e+01 5.700000000000000000e+01
5.512999999999999012e+00 3.524842143058776855e+01 2.200000000000000000e+01 4.900000000000000000e+01
5.863999999999998991e+00 3.524842143058776855e+01 2.300000000000000000e+01 5.900000000000000000e+01
5.962999999999999190e+00 3.524842143058776855e+01 2.400000000000000000e+01 7.200000000000000000e+01
5.768999999999999240e+00 3.524842143058776855e+01 2.500000000000000000e+01 6.300000000000000000e+01
6.330999999999999517e+00 3.524842143058776855e+01 2.600000000000000000e+01 7.900000000000000000e+01
6.282999999999999474e+00 3.524842143058776855e+01 2.700000000000000000e+01 3.000000000000000000e+00
6.513999999999999346e+00 3.524842143058776855e+01 2.800000000000000000e+01 8.100000000000000000e+01
6.759999999999999787e+00 3.524842143058776855e+01 2.900000000000000000e+01 1.010000000000000000e+02
6.913999999999999702e+00 3.524842143058776855e+01 3.000000000000000000e+01 8.200000000000000000e+01
7.138000000000000789e+00 3.524842143058776855e+01 3.100000000000000000e+01 9.800000000000000000e+01
7.475000000000000533e+00 3.524842143058776855e+01 3.200000000000000000e+01 1.100000000000000000e+02
7.842000000000000526e+00 3.524842143058776855e+01 3.300000000000000000e+01 1.370000000000000000e+02
8.004000000000001336e+00 3.524842143058776855e+01 3.400000000000000000e+01 1.220000000000000000e+02
8.532000000000001805e+00 3.524842143058776855e+01 3.500000000000000000e+01 1.480000000000000000e+02
8.594000000000001194e+00 3.524842143058776855e+01 3.600000000000000000e+01 1.480000000000000000e+02
8.882000000000001450e+00 3.524842143058776855e+01 3.700000000000000000e+01 2.380000000000000000e+02
9.104000000000002757e+00 3.524842143058776855e+01 3.800000000000000000e+01 2.510000000000000000e+02
9.248000000000006438e+00 3.524842143058776855e+01 3.900000000000000000e+01 2.310000000000000000e+02
9.727000000000005642e+00 3.524842143058776855e+01 4.000000000000000000e+01 2.100000000000000000e+02
9.937000000000008271e+00 3.524842143058776855e+01 4.100000000000000000e+01 3.050000000000000000e+02
1.014600000000000968e+01 3.524842143058776855e+01 4.200000000000000000e+01 2.710000000000000000e+02
1.037100000000000755e+01 3.524842143058776855e+01 4.300000000000000000e+01 3.340000000000000000e+02
1.099400000000000510e+01 3.524842143058776855e+01 4.400000000000000000e+01 3.170000000000000000e+02
0.000000000000000000e+00 3.524842143058776855e+01 4.500000000000000000e+01 3.650000000000000000e+02
1.155200000000000671e+01 3.524842143058776855e+01 4.600000000000000000e+01 3.710000000000000000e+02
1.167800000000000793e+01 3.524842143058776855e+01 4.700000000000000000e+01 4.740000000000000000e+02
1.226000000000000689e+01 3.524842143058776855e+01 4.800000000000000000e+01 4.520000000000000000e+02
1.278300000000000303e+01 3.524842143058776855e+01 4.900000000000000000e+01 5.570000000000000000e+02
1.341300000000000026e+01 3.524842143058776855e+01 5.000000000000000000e+01 6.650000000000000000e+02
1.379299999999999748e+01 3.524842143058776855e+01 5.100000000000000000e+01 5.340000000000000000e+02
1.432199999999999562e+01 3.524842143058776855e+01 5.200000000000000000e+01 7.930000000000000000e+02
1.480199999999999072e+01 3.524842143058776855e+01 5.300000000000000000e+01 7.950000000000000000e+02
1.522400000000000020e+01 3.524842143058776855e+01 5.400000000000000000e+01 1.111000000000000000e+03
1.574099999999999611e+01 3.524842143058776855e+01 5.500000000000000000e+01 9.990000000000000000e+02
1.617899999999999494e+01 3.524842143058776855e+01 5.600000000000000000e+01 1.078000000000000000e+03
1.656099999999999284e+01 3.524842143058776855e+01 5.700000000000000000e+01 1.170000000000000000e+03
1.723399999999997334e+01 3.524842143058776855e+01 5.800000000000000000e+01 1.064000000000000000e+03
1.773399999999996624e+01 3.524842143058776855e+01 5.900000000000000000e+01 1.535000000000000000e+03
1.849999999999997513e+01 3.524842143058776855e+01 6.000000000000000000e+01 1.622000000000000000e+03
1.945699999999999363e+01 3.524842143058776855e+01 6.100000000000000000e+01 1.664000000000000000e+03
2.005700000000002348e+01 3.524842143058776855e+01 6.200000000000000000e+01 1.573000000000000000e+03
2.113400000000005363e+01 3.524842143058776855e+01 6.300000000000000000e+01 1.794000000000000000e+03
2.215900000000010195e+01 3.524842143058776855e+01 6.400000000000000000e+01 2.559000000000000000e+03
2.306200000000013972e+01 3.524842143058776855e+01 6.500000000000000000e+01 2.403000000000000000e+03
2.439800000000017732e+01 3.524842143058776855e+01 6.600000000000000000e+01 2.428000000000000000e+03
2.722500000000027853e+01 3.524842143058776855e+01 6.700000000000000000e+01 2.211000000000000000e+03
3.201900000000046020e+01 3.524842143058776855e+01 6.800000000000000000e+01 3.420000000000000000e+03
3.263000000000049283e+01 3.524842143058776855e+01 6.900000000000000000e+01 3.088000000000000000e+03
3.357000000000052609e+01 3.524842143058776855e+01 7.000000000000000000e+01 4.185000000000000000e+03
3.523300000000057963e+01 3.524842143058776855e+01 7.100000000000000000e+01 2.858000000000000000e+03
0.000000000000000000e+00 3.524842143058776855e+01 0.000000000000000000e+00 0.000000000000000000e+00
3.524842143058776855e+01 3.524842143058776855e+01 0.000000000000000000e+00 0.000000000000000000e+00
3.524842143058776855e+01 3.524842143058776855e+01 0.000000000000000000e+00 0.000000000000000000e+00
1.178999999999999826e+00 2.704859828948974609e+01 0.000000000000000000e+00 1.000000000000000000e+00
1.819999999999999840e+00 2.704859828948974609e+01 1.000000000000000000e+00 8.000000000000000000e+00
2.026999999999999691e+00 2.704859828948974609e+01 2.000000000000000000e+00 1.400000000000000000e+01
2.230999999999999872e+00 2.704859828948974609e+01 3.000000000000000000e+00 5.000000000000000000e+00
2.429999999999999716e+00 2.704859828948974609e+01 4.000000000000000000e+00 8.000000000000000000e+00
2.800999999999999712e+00 2.704859828948974609e+01 5.000000000000000000e+00 1.500000000000000000e+01
2.989999999999999769e+00 2.704859828948974609e+01 6.000000000000000000e+00 1.900000000000000000e+01
3.354999999999999538e+00 2.704859828948974609e+01 7.000000000000000000e+00 1.600000000000000000e+01
3.354999999999999538e+00 2.704859828948974609e+01 8.000000000000000000e+00 2.400000000000000000e+01
3.354999999999999538e+00 2.704859828948974609e+01 9.000000000000000000e+00 1.800000000000000000e+01
3.354999999999999538e+00 2.704859828948974609e+01 1.000000000000000000e+01 9.000000000000000000e+00
3.524999999999999467e+00 2.704859828948974609e+01 1.100000000000000000e+01 1.200000000000000000e+01
3.687999999999999279e+00 2.704859828948974609e+01 1.200000000000000000e+01 3.200000000000000000e+01
3.687999999999999279e+00 2.704859828948974609e+01 1.300000000000000000e+01 1.900000000000000000e+01
3.827999999999999403e+00 2.704859828948974609e+01 1.400000000000000000e+01 3.000000000000000000e+00
3.990999999999999215e+00 2.704859828948974609e+01 1.500000000000000000e+01 1.000000000000000000e+01
4.279999999999999361e+00 2.704859828948974609e+01 1.600000000000000000e+01 2.000000000000000000e+01
4.702999999999999403e+00 2.704859828948974609e+01 1.700000000000000000e+01 2.400000000000000000e+01
4.834999999999999076e+00 2.704859828948974609e+01 1.800000000000000000e+01 4.500000000000000000e+01
5.359999999999999432e+00 2.704859828948974609e+01 1.900000000000000000e+01 4.600000000000000000e+01
5.363999999999998991e+00 2.704859828948974609e+01 2.000000000000000000e+01 4.200000000000000000e+01
5.622999999999999332e+00 2.704859828948974609e+01 2.100000000000000000e+01 3.600000000000000000e+01
5.432999999999999829e+00 2.704859828948974609e+01 2.200000000000000000e+01 2.800000000000000000e+01
5.964999999999999858e+00 2.704859828948974609e+01 2.300000000000000000e+01 5.700000000000000000e+01
6.391999999999999460e+00 2.704859828948974609e+01 2.400000000000000000e+01 6.200000000000000000e+01
6.504999999999999893e+00 2.704859828948974609e+01 2.500000000000000000e+01 6.400000000000000000e+01
6.695000000000000284e+00 2.704859828948974609e+01 2.600000000000000000e+01 6.500000000000000000e+01
6.762000000000000455e+00 2.704859828948974609e+01 2.700000000000000000e+01 5.800000000000000000e+01
7.078000000000001180e+00 2.704859828948974609e+01 2.800000000000000000e+01 8.000000000000000000e+01
7.165000000000000924e+00 2.704859828948974609e+01 2.900000000000000000e+01 8.500000000000000000e+01
7.046000000000000263e+00 2.704859828948974609e+01 3.000000000000000000e+01 6.900000000000000000e+01
7.408000000000001251e+00 2.704859828948974609e+01 3.100000000000000000e+01 7.700000000000000000e+01
7.132000000000001450e+00 2.704859828948974609e+01 3.200000000000000000e+01 8.200000000000000000e+01
7.619000000000001549e+00 2.704859828948974609e+01 3.300000000000000000e+01 9.100000000000000000e+01
7.866000000000001435e+00 2.704859828948974609e+01 3.400000000000000000e+01 1.010000000000000000e+02
7.724000000000002863e+00 2.704859828948974609e+01 3.500000000000000000e+01 1.190000000000000000e+02
7.922000000000003261e+00 2.704859828948974609e+01 3.600000000000000000e+01 1.150000000000000000e+02
8.065000000000003055e+00 2.704859828948974609e+01 3.700000000000000000e+01 1.380000000000000000e+02
8.454000000000005954e+00 2.704859828948974609e+01 3.800000000000000000e+01 1.520000000000000000e+02
8.930000000000003268e+00 2.704859828948974609e+01 3.900000000000000000e+01 1.710000000000000000e+02
9.144000000000003681e+00 2.704859828948974609e+01 4.000000000000000000e+01 2.010000000000000000e+02
9.469000000000001194e+00 2.704859828948974609e+01 4.100000000000000000e+01 1.810000000000000000e+02
9.726000000000000867e+00 2.704859828948974609e+01 4.200000000000000000e+01 2.230000000000000000e+02
1.022199999999999953e+01 2.704859828948974609e+01 4.300000000000000000e+01 2.390000000000000000e+02
1.078699999999999726e+01 2.704859828948974609e+01 4.400000000000000000e+01 3.250000000000000000e+02
1.113599999999999390e+01 2.704859828948974609e+01 4.500000000000000000e+01 3.220000000000000000e+02
1.133899999999999508e+01 2.704859828948974609e+01 4.600000000000000000e+01 3.550000000000000000e+02
1.188199999999999257e+01 2.704859828948974609e+01 4.700000000000000000e+01 4.880000000000000000e+02
1.213899999999999402e+01 2.704859828948974609e+01 4.800000000000000000e+01 4.440000000000000000e+02
1.248899999999999366e+01 2.704859828948974609e+01 4.900000000000000000e+01 5.580000000000000000e+02
1.257799999999999585e+01 2.704859828948974609e+01 5.000000000000000000e+01 5.700000000000000000e+02
1.321099999999999497e+01 2.704859828948974609e+01 5.100000000000000000e+01 5.590000000000000000e+02
1.370999999999999375e+01 2.704859828948974609e+01 5.200000000000000000e+01 5.860000000000000000e+02
1.355299999999999194e+01 2.704859828948974609e+01 5.300000000000000000e+01 7.130000000000000000e+02
1.418799999999998995e+01 2.704859828948974609e+01 5.400000000000000000e+01 7.670000000000000000e+02
1.487599999999999589e+01 2.704859828948974609e+01 5.500000000000000000e+01 9.060000000000000000e+02
1.484799999999999010e+01 2.704859828948974609e+01 5.600000000000000000e+01 8.650000000000000000e+02
1.605700000000000216e+01 2.704859828948974609e+01 5.700000000000000000e+01 1.046000000000000000e+03
1.682799999999997453e+01 2.704859828948974609e+01 5.800000000000000000e+01 1.218000000000000000e+03
1.778799999999993986e+01 2.704859828948974609e+01 5.900000000000000000e+01 1.547000000000000000e+03
1.854599999999992122e+01 2.704859828948974609e+01 6.000000000000000000e+01 1.358000000000000000e+03
1.905699999999993821e+01 2.704859828948974609e+01 6.100000000000000000e+01 1.722000000000000000e+03
1.961099999999995447e+01 2.704859828948974609e+01 6.200000000000000000e+01 1.339000000000000000e+03
2.020699999999997587e+01 2.704859828948974609e+01 6.300000000000000000e+01 1.657000000000000000e+03
2.135800000000001830e+01 2.704859828948974609e+01 6.400000000000000000e+01 1.804000000000000000e+03
2.164300000000003621e+01 2.704859828948974609e+01 6.500000000000000000e+01 1.915000000000000000e+03
2.238700000000005730e+01 2.704859828948974609e+01 6.600000000000000000e+01 2.550000000000000000e+03
2.313500000000008683e+01 2.704859828948974609e+01 6.700000000000000000e+01 2.383000000000000000e+03
2.417700000000012750e+01 2.704859828948974609e+01 6.800000000000000000e+01 1.997000000000000000e+03
2.495100000000014973e+01 2.704859828948974609e+01 6.900000000000000000e+01 2.036000000000000000e+03
2.579800000000018301e+01 2.704859828948974609e+01 7.000000000000000000e+01 1.789000000000000000e+03
2.687000000000023192e+01 2.704859828948974609e+01 7.100000000000000000e+01 1.408000000000000000e+03
0.000000000000000000e+00 2.704859828948974609e+01 0.000000000000000000e+00 0.000000000000000000e+00
2.704859828948974609e+01 2.704859828948974609e+01 0.000000000000000000e+00 0.000000000000000000e+00
2.704859828948974609e+01 2.704859828948974609e+01 0.000000000000000000e+00 0.000000000000000000e+00
2.028999999999999915e+00 3.507423901557922363e+01 0.000000000000000000e+00 8.000000000000000000e+00
2.219999999999999751e+00 3.507423901557922363e+01 1.000000000000000000e+00 1.400000000000000000e+01
2.600999999999999979e+00 3.507423901557922363e+01 2.000000000000000000e+00 1.100000000000000000e+01
2.971000000000000085e+00 3.507423901557922363e+01 3.000000000000000000e+00 1.100000000000000000e+01
2.971000000000000085e+00 3.507423901557922363e+01 4.000000000000000000e+00 2.300000000000000000e+01
3.318000000000000060e+00 3.507423901557922363e+01 5.000000000000000000e+00 1.800000000000000000e+01
3.659999999999999698e+00 3.507423901557922363e+01 6.000000000000000000e+00 2.600000000000000000e+01
4.147999999999999687e+00 3.507423901557922363e+01 7.000000000000000000e+00 3.300000000000000000e+01
4.147999999999999687e+00 3.507423901557922363e+01 8.000000000000000000e+00 1.900000000000000000e+01
4.118999999999999773e+00 3.507423901557922363e+01 9.000000000000000000e+00 3.300000000000000000e+01
4.459999999999999076e+00 3.507423901557922363e+01 1.000000000000000000e+01 3.500000000000000000e+01
4.459999999999999076e+00 3.507423901557922363e+01 1.100000000000000000e+01 1.800000000000000000e+01
4.604999999999998650e+00 3.507423901557922363e+01 1.200000000000000000e+01 2.800000000000000000e+01
4.604999999999998650e+00 3.507423901557922363e+01 1.300000000000000000e+01 2.900000000000000000e+01
4.751999999999998892e+00 3.507423901557922363e+01 1.400000000000000000e+01 3.800000000000000000e+01
4.751999999999998892e+00 3.507423901557922363e+01 1.500000000000000000e+01 2.600000000000000000e+01
5.010999999999998344e+00 3.507423901557922363e+01 1.600000000000000000e+01 4.100000000000000000e+01
5.136999999999999567e+00 3.507423901557922363e+01 1.700000000000000000e+01 5.100000000000000000e+01
5.292999999999998373e+00 3.507423901557922363e+01 1.800000000000000000e+01 4.200000000000000000e+01
5.417999999999998373e+00 3.507423901557922363e+01 1.900000000000000000e+01 3.600000000000000000e+01
5.860999999999998877e+00 3.507423901557922363e+01 2.000000000000000000e+01 4.700000000000000000e+01
5.969999999999998863e+00 3.507423901557922363e+01 2.100000000000000000e+01 5.100000000000000000e+01
6.268999999999999240e+00 3.507423901557922363e+01 2.200000000000000000e+01 4.800000000000000000e+01
6.467999999999999972e+00 3.507423901557922363e+01 2.300000000000000000e+01 6.100000000000000000e+01
6.673000000000000043e+00 3.507423901557922363e+01 2.400000000000000000e+01 6.000000000000000000e+01
6.769000000000000128e+00 3.507423901557922363e+01 2.500000000000000000e+01 8.600000000000000000e+01
7.040000000000000036e+00 3.507423901557922363e+01 2.600000000000000000e+01 7.400000000000000000e+01
7.043999999999999595e+00 3.507423901557922363e+01 2.700000000000000000e+01 9.800000000000000000e+01
7.381999999999998785e+00 3.507423901557922363e+01 2.800000000000000000e+01 6.800000000000000000e+01
7.381999999999998785e+00 3.507423901557922363e+01 2.900000000000000000e+01 9.700000000000000000e+01
7.437999999999998835e+00 3.507423901557922363e+01 3.000000000000000000e+01 8.000000000000000000e+01
7.536000000000000476e+00 3.507423901557922363e+01 3.100000000000000000e+01 1.180000000000000000e+02
8.188000000000000611e+00 3.507423901557922363e+01 3.200000000000000000e+01 1.320000000000000000e+02
8.489000000000002544e+00 3.507423901557922363e+01 3.300000000000000000e+01 1.340000000000000000e+02
8.880000000000002558e+00 3.507423901557922363e+01 3.400000000000000000e+01 1.330000000000000000e+02
8.941000000000002501e+00 3.507423901557922363e+01 3.500000000000000000e+01 1.380000000000000000e+02
8.794000000000004036e+00 3.507423901557922363e+01 3.600000000000000000e+01 1.600000000000000000e+02
9.261000000000002785e+00 3.507423901557922363e+01 3.700000000000000000e+01 1.760000000000000000e+02
9.510000000000003340e+00 3.507423901557922363e+01 3.800000000000000000e+01 1.800000000000000000e+02
9.722000000000004860e+00 3.507423901557922363e+01 3.900000000000000000e+01 1.980000000000000000e+02
9.926000000000007262e+00 3.507423901557922363e+01 4.000000000000000000e+01 1.810000000000000000e+02
9.876000000000008328e+00 3.507423901557922363e+01 4.100000000000000000e+01 2.540000000000000000e+02
1.058000000000000718e+01 3.507423901557922363e+01 4.200000000000000000e+01 2.310000000000000000e+02
1.087100000000000577e+01 3.507423901557922363e+01 4.300000000000000000e+01 2.760000000000000000e+02
1.122600000000000442e+01 3.507423901557922363e+01 4.400000000000000000e+01 3.060000000000000000e+02
1.167500000000000071e+01 3.507423901557922363e+01 4.500000000000000000e+01 3.610000000000000000e+02
1.177400000000000091e+01 3.507423901557922363e+01 4.600000000000000000e+01 3.810000000000000000e+02
1.209799999999999720e+01 3.507423901557922363e+01 4.700000000000000000e+01 4.660000000000000000e+02
1.263500000000000334e+01 3.507423901557922363e+01 4.800000000000000000e+01 4.600000000000000000e+02
1.254600000000000470e+01 3.507423901557922363e+01 4.900000000000000000e+01 4.750000000000000000e+02
1.278600000000000136e+01 3.507423901557922363e+01 5.000000000000000000e+01 4.770000000000000000e+02
1.349500000000000277e+01 3.507423901557922363e+01 5.100000000000000000e+01 5.700000000000000000e+02
1.370100000000000229e+01 3.507423901557922363e+01 5.200000000000000000e+01 6.830000000000000000e+02
1.414799999999999613e+01 3.507423901557922363e+01 5.300000000000000000e+01 7.240000000000000000e+02
1.478400000000000070e+01 3.507423901557922363e+01 5.400000000000000000e+01 6.310000000000000000e+02
1.523100000000000165e+01 3.507423901557922363e+01 5.500000000000000000e+01 9.510000000000000000e+02
1.555600000000000982e+01 3.507423901557922363e+01 5.600000000000000000e+01 9.240000000000000000e+02
1.634100000000000108e+01 3.507423901557922363e+01 5.700000000000000000e+01 1.156000000000000000e+03
1.678699999999998838e+01 3.507423901557922363e+01 5.800000000000000000e+01 1.189000000000000000e+03
1.708699999999997488e+01 3.507423901557922363e+01 5.900000000000000000e+01 2.000000000000000000e+00
1.725299999999998235e+01 3.507423901557922363e+01 6.000000000000000000e+01 1.442000000000000000e+03
1.898100000000001586e+01 3.507423901557922363e+01 6.100000000000000000e+01 1.866000000000000000e+03
2.003100000000005210e+01 3.507423901557922363e+01 6.200000000000000000e+01 1.843000000000000000e+03
2.123800000000009902e+01 3.507423901557922363e+01 6.300000000000000000e+01 1.646000000000000000e+03
2.251700000000014512e+01 3.507423901557922363e+01 6.400000000000000000e+01 2.327000000000000000e+03
2.293500000000016925e+01 3.507423901557922363e+01 6.500000000000000000e+01 2.791000000000000000e+03
2.425500000000020862e+01 3.507423901557922363e+01 6.600000000000000000e+01 1.978000000000000000e+03
2.801000000000034973e+01 3.507423901557922363e+01 6.700000000000000000e+01 2.566000000000000000e+03
3.165600000000048198e+01 3.507423901557922363e+01 6.800000000000000000e+01 4.638000000000000000e+03
3.254400000000051563e+01 3.507423901557922363e+01 6.900000000000000000e+01 3.081000000000000000e+03
3.319300000000055206e+01 3.507423901557922363e+01 7.000000000000000000e+01 3.375000000000000000e+03
3.510000000000060538e+01 3.507423901557922363e+01 7.100000000000000000e+01 2.872000000000000000e+03
0.000000000000000000e+00 3.507423901557922363e+01 0.000000000000000000e+00 0.000000000000000000e+00
3.507423901557922363e+01 3.507423901557922363e+01 0.000000000000000000e+00 0.000000000000000000e+00
3.507423901557922363e+01 3.507423901557922363e+01 0.000000000000000000e+00 0.000000000000000000e+00
2.206999999999999851e+00 3.354125690460205078e+01 0.000000000000000000e+00 1.000000000000000000e+00
2.395999999999999908e+00 3.354125690460205078e+01 1.000000000000000000e+00 1.300000000000000000e+01
2.578999999999999737e+00 3.354125690460205078e+01 2.000000000000000000e+00 2.600000000000000000e+01
2.945999999999999730e+00 3.354125690460205078e+01 3.000000000000000000e+00 1.500000000000000000e+01
3.322999999999999954e+00 3.354125690460205078e+01 4.000000000000000000e+00 1.400000000000000000e+01
3.496999999999999886e+00 3.354125690460205078e+01 5.000000000000000000e+00 4.000000000000000000e+00
3.669999999999999929e+00 3.354125690460205078e+01 6.000000000000000000e+00 2.500000000000000000e+01
3.840999999999999748e+00 3.354125690460205078e+01 7.000000000000000000e+00 8.000000000000000000e+00
4.003000000000000114e+00 3.354125690460205078e+01 8.000000000000000000e+00 2.300000000000000000e+01
4.155999999999999694e+00 3.354125690460205078e+01 9.000000000000000000e+00 1.200000000000000000e+01
4.322999999999999510e+00 3.354125690460205078e+01 1.000000000000000000e+01 3.800000000000000000e+01
0.000000000000000000e+00 3.354125690460205078e+01 1.100000000000000000e+01 4.000000000000000000e+00
4.607999999999999652e+00 3.354125690460205078e+01 1.200000000000000000e+01 7.000000000000000000e+00
4.743999999999999773e+00 3.354125690460205078e+01 1.300000000000000000e+01 3.000000000000000000e+01
0.000000000000000000e+00 3.354125690460205078e+01 1.400000000000000000e+01 3.700000000000000000e+01
5.291000000000000369e+00 3.354125690460205078e+01 1.500000000000000000e+01 4.600000000000000000e+01
5.538999999999999702e+00 3.354125690460205078e+01 1.600000000000000000e+01 5.200000000000000000e+01
5.666999999999999815e+00 3.354125690460205078e+01 1.700000000000000000e+01 4.500000000000000000e+01
5.846999999999999531e+00 3.354125690460205078e+01 1.800000000000000000e+01 6.000000000000000000e+01
6.013999999999999346e+00 3.354125690460205078e+01 1.900000000000000000e+01 8.100000000000000000e+01
0.000000000000000000e+00 3.354125690460205078e+01 2.000000000000000000e+01 3.600000000000000000e+01
6.353999999999999204e+00 3.354125690460205078e+01 2.100000000000000000e+01 4.600000000000000000e+01
6.656999999999999140e+00 3.354125690460205078e+01 2.200000000000000000e+01 4.900000000000000000e+01
6.656999999999999140e+00 3.354125690460205078e+01 2.300000000000000000e+01 5.100000000000000000e+01
6.755999999999999339e+00 3.354125690460205078e+01 2.400000000000000000e+01 6.500000000000000000e+01
6.822000000000000064e+00 3.354125690460205078e+01 2.500000000000000000e+01 7.800000000000000000e+01
7.137999999999999901e+00 3.354125690460205078e+01 2.600000000000000000e+01 6.200000000000000000e+01
6.809000000000001052e+00 3.354125690460205078e+01 2.700000000000000000e+01 7.100000000000000000e+01
7.288000000000000256e+00 3.354125690460205078e+01 2.800000000000000000e+01 6.500000000000000000e+01
7.495000000000000107e+00 3.354125690460205078e+01 2.900000000000000000e+01 9.200000000000000000e+01
7.589000000000000412e+00 3.354125690460205078e+01 3.000000000000000000e+01 9.300000000000000000e+01
7.882000000000000561e+00 3.354125690460205078e+01 3.100000000000000000e+01 1.140000000000000000e+02
8.066000000000000725e+00 3.354125690460205078e+01 3.200000000000000000e+01 1.310000000000000000e+02
8.372999999999999332e+00 3.354125690460205078e+01 3.300000000000000000e+01 1.330000000000000000e+02
8.532000000000000028e+00 3.354125690460205078e+01 3.400000000000000000e+01 1.610000000000000000e+02
8.389000000000001123e+00 3.354125690460205078e+01 3.500000000000000000e+01 3.200000000000000000e+01
8.870999999999998664e+00 3.354125690460205078e+01 3.600000000000000000e+01 1.620000000000000000e+02
8.986000000000000654e+00 3.354125690460205078e+01 3.700000000000000000e+01 1.970000000000000000e+02
9.378999999999999559e+00 3.354125690460205078e+01 3.800000000000000000e+01 1.410000000000000000e+02
9.646000000000004349e+00 3.354125690460205078e+01 3.900000000000000000e+01 1.990000000000000000e+02
9.791000000000002146e+00 3.354125690460205078e+01 4.000000000000000000e+01 2.210000000000000000e+02
9.858000000000002316e+00 3.354125690460205078e+01 4.100000000000000000e+01 2.340000000000000000e+02
1.026700000000000301e+01 3.354125690460205078e+01 4.200000000000000000e+01 2.650000000000000000e+02
1.049600000000000044e+01 3.354125690460205078e+01 4.300000000000000000e+01 2.320000000000000000e+02
1.082599999999999874e+01 3.354125690460205078e+01 4.400000000000000000e+01 2.980000000000000000e+02
1.109400000000000119e+01 3.354125690460205078e+01 4.500000000000000000e+01 2.640000000000000000e+02
1.127500000000000391e+01 3.354125690460205078e+01 4.600000000000000000e+01 6.000000000000000000e+00
1.153500000000000547e+01 3.354125690460205078e+01 4.700000000000000000e+01 3.830000000000000000e+02
1.210900000000000531e+01 3.354125690460205078e+01 4.800000000000000000e+01 4.580000000000000000e+02
1.287000000000000099e+01 3.354125690460205078e+01 4.900000000000000000e+01 4.990000000000000000e+02
1.305399999999999849e+01 3.354125690460205078e+01 5.000000000000000000e+01 5.500000000000000000e+02
1.346499999999999808e+01 3.354125690460205078e+01 5.100000000000000000e+01 6.410000000000000000e+02
1.387799999999999656e+01 3.354125690460205078e+01 5.200000000000000000e+01 6.880000000000000000e+02
1.418999999999998884e+01 3.354125690460205078e+01 5.300000000000000000e+01 7.550000000000000000e+02
1.499699999999999456e+01 3.354125690460205078e+01 5.400000000000000000e+01 7.180000000000000000e+02
1.529499999999999993e+01 3.354125690460205078e+01 5.500000000000000000e+01 9.600000000000000000e+02
1.592000000000000881e+01 3.354125690460205078e+01 5.600000000000000000e+01 7.540000000000000000e+02
1.618900000000000361e+01 3.354125690460205078e+01 5.700000000000000000e+01 1.174000000000000000e+03
1.665499999999997982e+01 3.354125690460205078e+01 5.800000000000000000e+01 1.312000000000000000e+03
1.741599999999996484e+01 3.354125690460205078e+01 5.900000000000000000e+01 1.379000000000000000e+03
1.856499999999999062e+01 3.354125690460205078e+01 6.000000000000000000e+01 1.637000000000000000e+03
1.944000000000000128e+01 3.354125690460205078e+01 6.100000000000000000e+01 1.396000000000000000e+03
1.993600000000003192e+01 3.354125690460205078e+01 6.200000000000000000e+01 2.021000000000000000e+03
2.087900000000005463e+01 3.354125690460205078e+01 6.300000000000000000e+01 1.915000000000000000e+03
2.158200000000008956e+01 3.354125690460205078e+01 6.400000000000000000e+01 2.108000000000000000e+03
2.221200000000011343e+01 3.354125690460205078e+01 6.500000000000000000e+01 1.988000000000000000e+03
2.313900000000013790e+01 3.354125690460205078e+01 6.600000000000000000e+01 1.598000000000000000e+03
2.371600000000015740e+01 3.354125690460205078e+01 6.700000000000000000e+01 2.848000000000000000e+03
2.431200000000018591e+01 3.354125690460205078e+01 6.800000000000000000e+01 2.179000000000000000e+03
2.601900000000023994e+01 3.354125690460205078e+01 6.900000000000000000e+01 2.529000000000000000e+03
3.118500000000043215e+01 3.354125690460205078e+01 7.000000000000000000e+01 2.628000000000000000e+03
3.331200000000052341e+01 3.354125690460205078e+01 7.100000000000000000e+01 2.693000000000000000e+03
0.000000000000000000e+00 3.354125690460205078e+01 0.000000000000000000e+00 0.000000000000000000e+00
3.354125690460205078e+01 3.354125690460205078e+01 0.000000000000000000e+00 0.000000000000000000e+00
3.354125690460205078e+01 3.354125690460205078e+01 0.000000000000000000e+00 0.000000000000000000e+00
1.672999999999999821e+00 2.901686358451843262e+01 0.000000000000000000e+00 3.000000000000000000e+00
2.238999999999999879e+00 2.901686358451843262e+01 1.000000000000000000e+00 6.000000000000000000e+00
2.425999999999999712e+00 2.901686358451843262e+01 2.000000000000000000e+00 4.000000000000000000e+00
2.970999999999999641e+00 2.901686358451843262e+01 3.000000000000000000e+00 2.400000000000000000e+01
3.148999999999999577e+00 2.901686358451843262e+01 4.000000000000000000e+00 5.000000000000000000e+00
0.000000000000000000e+00 2.901686358451843262e+01 5.000000000000000000e+00 1.200000000000000000e+01
3.325999999999999623e+00 2.901686358451843262e+01 6.000000000000000000e+00 2.100000000000000000e+01
3.497999999999999776e+00 2.901686358451843262e+01 7.000000000000000000e+00 2.200000000000000000e+01
3.667999999999999705e+00 2.901686358451843262e+01 8.000000000000000000e+00 1.900000000000000000e+01
3.840999999999999748e+00 2.901686358451843262e+01 9.000000000000000000e+00 1.200000000000000000e+01
3.987999999999999545e+00 2.901686358451843262e+01 1.000000000000000000e+01 3.100000000000000000e+01
0.000000000000000000e+00 2.901686358451843262e+01 1.100000000000000000e+01 1.000000000000000000e+01
4.137999999999999901e+00 2.901686358451843262e+01 1.200000000000000000e+01 2.100000000000000000e+01
4.137999999999999901e+00 2.901686358451843262e+01 1.300000000000000000e+01 2.000000000000000000e+01
0.000000000000000000e+00 2.901686358451843262e+01 1.400000000000000000e+01 2.700000000000000000e+01
4.402000000000000135e+00 2.901686358451843262e+01 1.500000000000000000e+01 2.900000000000000000e+01
4.804000000000000270e+00 2.901686358451843262e+01 1.600000000000000000e+01 2.500000000000000000e+01
4.804000000000000270e+00 2.901686358451843262e+01 1.700000000000000000e+01 3.200000000000000000e+01
5.158999999999999808e+00 2.901686358451843262e+01 1.800000000000000000e+01 3.400000000000000000e+01
5.407000000000000028e+00 2.901686358451843262e+01 1.900000000000000000e+01 3.300000000000000000e+01
5.644999999999999574e+00 2.901686358451843262e+01 2.000000000000000000e+01 5.200000000000000000e+01
5.864999999999999325e+00 2.901686358451843262e+01 2.100000000000000000e+01 4.600000000000000000e+01
6.045999999999999375e+00 2.901686358451843262e+01 2.200000000000000000e+01 5.700000000000000000e+01
6.168999999999999595e+00 2.901686358451843262e+01 2.300000000000000000e+01 7.100000000000000000e+01
6.376999999999999780e+00 2.901686358451843262e+01 2.400000000000000000e+01 6.200000000000000000e+01
6.653000000000000469e+00 2.901686358451843262e+01 2.500000000000000000e+01 6.200000000000000000e+01
6.919000000000001371e+00 2.901686358451843262e+01 2.600000000000000000e+01 6.800000000000000000e+01
7.200000000000001066e+00 2.901686358451843262e+01 2.700000000000000000e+01 6.800000000000000000e+01
7.344000000000001194e+00 2.901686358451843262e+01 2.800000000000000000e+01 8.900000000000000000e+01
7.716000000000001968e+00 2.901686358451843262e+01 2.900000000000000000e+01 1.140000000000000000e+02
0.000000000000000000e+00 2.901686358451843262e+01 3.000000000000000000e+01 7.300000000000000000e+01
7.965000000000001634e+00 2.901686358451843262e+01 3.100000000000000000e+01 1.100000000000000000e+02
7.854000000000000981e+00 2.901686358451843262e+01 3.200000000000000000e+01 1.050000000000000000e+02
8.191000000000000725e+00 2.901686358451843262e+01 3.300000000000000000e+01 1.330000000000000000e+02
8.138000000000003453e+00 2.901686358451843262e+01 3.400000000000000000e+01 1.110000000000000000e+02
8.552000000000001378e+00 2.901686358451843262e+01 3.500000000000000000e+01 1.630000000000000000e+02
8.882999999999999119e+00 2.901686358451843262e+01 3.600000000000000000e+01 1.430000000000000000e+02
9.115999999999997883e+00 2.901686358451843262e+01 3.700000000000000000e+01 1.720000000000000000e+02
9.287999999999998479e+00 2.901686358451843262e+01 3.800000000000000000e+01 1.700000000000000000e+02
9.382000000000001450e+00 2.901686358451843262e+01 3.900000000000000000e+01 1.810000000000000000e+02
9.793000000000002814e+00 2.901686358451843262e+01 4.000000000000000000e+01 2.540000000000000000e+02
9.955000000000003624e+00 2.901686358451843262e+01 4.100000000000000000e+01 2.330000000000000000e+02
1.028200000000000180e+01 2.901686358451843262e+01 4.200000000000000000e+01 2.790000000000000000e+02
1.088099999999999667e+01 2.901686358451843262e+01 4.300000000000000000e+01 3.300000000000000000e+02
1.085499999999999687e+01 2.901686358451843262e+01 4.400000000000000000e+01 3.380000000000000000e+02
1.145199999999999640e+01 2.901686358451843262e+01 4.500000000000000000e+01 3.830000000000000000e+02
1.203099999999999525e+01 2.901686358451843262e+01 4.600000000000000000e+01 4.270000000000000000e+02
1.236599999999999611e+01 2.901686358451843262e+01 4.700000000000000000e+01 4.580000000000000000e+02
1.254599999999999937e+01 2.901686358451843262e+01 4.800000000000000000e+01 4.650000000000000000e+02
1.310499999999999510e+01 2.901686358451843262e+01 4.900000000000000000e+01 5.540000000000000000e+02
1.355899999999999217e+01 2.901686358451843262e+01 5.000000000000000000e+01 7.250000000000000000e+02
1.390499999999999226e+01 2.901686358451843262e+01 5.100000000000000000e+01 5.730000000000000000e+02
1.413699999999998802e+01 2.901686358451843262e+01 5.200000000000000000e+01 6.780000000000000000e+02
1.462199999999998745e+01 2.901686358451843262e+01 5.300000000000000000e+01 7.240000000000000000e+02
1.492299999999999294e+01 2.901686358451843262e+01 5.400000000000000000e+01 8.980000000000000000e+02
1.543299999999999095e+01 2.901686358451843262e+01 5.500000000000000000e+01 1.010000000000000000e+03
1.596299999999999741e+01 2.901686358451843262e+01 5.600000000000000000e+01 1.003000000000000000e+03
1.642399999999998528e+01 2.901686358451843262e+01 5.700000000000000000e+01 1.402000000000000000e+03
1.717799999999995464e+01 2.901686358451843262e+01 5.800000000000000000e+01 1.262000000000000000e+03
1.798899999999994392e+01 2.901686358451843262e+01 5.900000000000000000e+01 1.635000000000000000e+03
1.834599999999995745e+01 2.901686358451843262e+01 6.000000000000000000e+01 1.670000000000000000e+03
1.892299999999997340e+01 2.901686358451843262e+01 6.100000000000000000e+01 1.404000000000000000e+03
1.993299999999999272e+01 2.901686358451843262e+01 6.200000000000000000e+01 2.002000000000000000e+03
2.060800000000001830e+01 2.901686358451843262e+01 6.300000000000000000e+01 1.524000000000000000e+03
2.084000000000004604e+01 2.901686358451843262e+01 6.400000000000000000e+01 2.184000000000000000e+03
2.271400000000009456e+01 2.901686358451843262e+01 6.500000000000000000e+01 1.373000000000000000e+03
2.336700000000011812e+01 2.901686358451843262e+01 6.600000000000000000e+01 2.790000000000000000e+03
2.449200000000016786e+01 2.901686358451843262e+01 6.700000000000000000e+01 2.547000000000000000e+03
2.629200000000023252e+01 2.901686358451843262e+01 6.800000000000000000e+01 1.980000000000000000e+03
2.698300000000025634e+01 2.901686358451843262e+01 6.900000000000000000e+01 2.710000000000000000e+03
2.769900000000028228e+01 2.901686358451843262e+01 7.000000000000000000e+01 2.549000000000000000e+03
2.902100000000033120e+01 2.901686358451843262e+01 7.100000000000000000e+01 1.948000000000000000e+03
0.000000000000000000e+00 2.901686358451843262e+01 0.000000000000000000e+00 0.000000000000000000e+00
2.901686358451843262e+01 2.901686358451843262e+01 0.000000000000000000e+00 0.000000000000000000e+00
2.901686358451843262e+01 2.901686358451843262e+01 0.000000000000000000e+00 0.000000000000000000e+00
2.056999999999999940e+00 3.233906960487365723e+01 0.000000000000000000e+00 1.300000000000000000e+01
2.056999999999999940e+00 3.233906960487365723e+01 1.000000000000000000e+00 1.600000000000000000e+01
2.432999999999999829e+00 3.233906960487365723e+01 2.000000000000000000e+00 1.400000000000000000e+01
2.790999999999999925e+00 3.233906960487365723e+01 3.000000000000000000e+00 2.000000000000000000e+01
2.790999999999999925e+00 3.233906960487365723e+01 4.000000000000000000e+00 1.900000000000000000e+01
3.129999999999999893e+00 3.233906960487365723e+01 5.000000000000000000e+00 2.700000000000000000e+01
3.458000000000000185e+00 3.233906960487365723e+01 6.000000000000000000e+00 2.700000000000000000e+01
3.626000000000000334e+00 3.233906960487365723e+01 7.000000000000000000e+00 2.200000000000000000e+01
3.448000000000000398e+00 3.233906960487365723e+01 8.000000000000000000e+00 1.700000000000000000e+01
3.626000000000000334e+00 3.233906960487365723e+01 9.000000000000000000e+00 3.500000000000000000e+01
3.789000000000000146e+00 3.233906960487365723e+01 1.000000000000000000e+01 4.000000000000000000e+00
3.771000000000000352e+00 3.233906960487365723e+01 1.100000000000000000e+01 1.600000000000000000e+01
3.934000000000000163e+00 3.233906960487365723e+01 1.200000000000000000e+01 7.000000000000000000e+00
0.000000000000000000e+00 3.233906960487365723e+01 1.300000000000000000e+01 1.500000000000000000e+01
4.080000000000000071e+00 3.233906960487365723e+01 1.400000000000000000e+01 8.000000000000000000e+00
0.000000000000000000e+00 3.233906960487365723e+01 1.500000000000000000e+01 1.000000000000000000e+00
4.461999999999999744e+00 3.233906960487365723e+01 1.600000000000000000e+01 2.600000000000000000e+01
4.593999999999999417e+00 3.233906960487365723e+01 1.700000000000000000e+01 2.800000000000000000e+01
0.000000000000000000e+00 3.233906960487365723e+01 1.800000000000000000e+01 3.100000000000000000e+01
4.596999999999999531e+00 3.233906960487365723e+01 1.900000000000000000e+01 2.300000000000000000e+01
4.835999999999999410e+00 3.233906960487365723e+01 2.000000000000000000e+01 3.600000000000000000e+01
5.259999999999999787e+00 3.233906960487365723e+01 2.100000000000000000e+01 4.200000000000000000e+01
5.783999999999998920e+00 3.233906960487365723e+01 2.200000000000000000e+01 4.200000000000000000e+01
5.783999999999998920e+00 3.233906960487365723e+01 2.300000000000000000e+01 4.200000000000000000e+01
6.077999999999998515e+00 3.233906960487365723e+01 2.400000000000000000e+01 4.800000000000000000e+01
6.092999999999999083e+00 3.233906960487365723e+01 2.500000000000000000e+01 5.600000000000000000e+01
6.544999999999999041e+00 3.233906960487365723e+01 2.600000000000000000e+01 6.600000000000000000e+01
6.718999999999999417e+00 3.233906960487365723e+01 2.700000000000000000e+01 8.400000000000000000e+01
6.971000000000000085e+00 3.233906960487365723e+01 2.800000000000000000e+01 7.200000000000000000e+01
7.133000000000000007e+00 3.233906960487365723e+01 2.900000000000000000e+01 9.000000000000000000e+01
7.230999999999999872e+00 3.233906960487365723e+01 3.000000000000000000e+01 1.090000000000000000e+02
7.591999999999999638e+00 3.233906960487365723e+01 3.100000000000000000e+01 1.280000000000000000e+02
7.626999999999999780e+00 3.233906960487365723e+01 3.200000000000000000e+01 1.000000000000000000e+02
8.069000000000000838e+00 3.233906960487365723e+01 3.300000000000000000e+01 1.300000000000000000e+02
8.144000000000000128e+00 3.233906960487365723e+01 3.400000000000000000e+01 1.190000000000000000e+02
8.275000000000000355e+00 3.233906960487365723e+01 3.500000000000000000e+01 1.430000000000000000e+02
8.445000000000000284e+00 3.233906960487365723e+01 3.600000000000000000e+01 1.870000000000000000e+02
8.674999999999998934e+00 3.233906960487365723e+01 3.700000000000000000e+01 1.430000000000000000e+02
8.903999999999999915e+00 3.233906960487365723e+01 3.800000000000000000e+01 1.890000000000000000e+02
9.121000000000000441e+00 3.233906960487365723e+01 3.900000000000000000e+01 1.930000000000000000e+02
9.516999999999999460e+00 3.233906960487365723e+01 4.000000000000000000e+01 2.460000000000000000e+02
9.371999999999999886e+00 3.233906960487365723e+01 4.100000000000000000e+01 2.030000000000000000e+02
9.925999999999998380e+00 3.233906960487365723e+01 4.200000000000000000e+01 2.740000000000000000e+02
1.014199999999999946e+01 3.233906960487365723e+01 4.300000000000000000e+01 2.850000000000000000e+02
1.039200000000000124e+01 3.233906960487365723e+01 4.400000000000000000e+01 2.750000000000000000e+02
1.070200000000000351e+01 3.233906960487365723e+01 4.500000000000000000e+01 3.390000000000000000e+02
1.111700000000000443e+01 3.233906960487365723e+01 4.600000000000000000e+01 3.800000000000000000e+02
1.141900000000000404e+01 3.233906960487365723e+01 4.700000000000000000e+01 3.430000000000000000e+02
1.156800000000000495e+01 3.233906960487365723e+01 4.800000000000000000e+01 3.970000000000000000e+02
1.222900000000000276e+01 3.233906960487365723e+01 4.900000000000000000e+01 4.120000000000000000e+02
1.203600000000000314e+01 3.233906960487365723e+01 5.000000000000000000e+01 5.630000000000000000e+02
1.277500000000000213e+01 3.233906960487365723e+01 5.100000000000000000e+01 5.630000000000000000e+02
1.326900000000000013e+01 3.233906960487365723e+01 5.200000000000000000e+01 7.380000000000000000e+02
1.357000000000000028e+01 3.233906960487365723e+01 5.300000000000000000e+01 6.660000000000000000e+02
1.420000000000000462e+01 3.233906960487365723e+01 5.400000000000000000e+01 8.170000000000000000e+02
1.498600000000000598e+01 3.233906960487365723e+01 5.500000000000000000e+01 9.000000000000000000e+02
1.560600000000001231e+01 3.233906960487365723e+01 5.600000000000000000e+01 8.610000000000000000e+02
1.593200000000001104e+01 3.233906960487365723e+01 5.700000000000000000e+01 8.670000000000000000e+02
1.635600000000000520e+01 3.233906960487365723e+01 5.800000000000000000e+01 1.219000000000000000e+03
1.674899999999999167e+01 3.233906960487365723e+01 5.900000000000000000e+01 1.372000000000000000e+03
1.735099999999999199e+01 3.233906960487365723e+01 6.000000000000000000e+01 1.566000000000000000e+03
1.785999999999999233e+01 3.233906960487365723e+01 6.100000000000000000e+01 1.575000000000000000e+03
1.830800000000000338e+01 3.233906960487365723e+01 6.200000000000000000e+01 1.349000000000000000e+03
1.869000000000002615e+01 3.233906960487365723e+01 6.300000000000000000e+01 1.799000000000000000e+03
1.960100000000005593e+01 3.233906960487365723e+01 6.400000000000000000e+01 1.326000000000000000e+03
2.042400000000008120e+01 3.233906960487365723e+01 6.500000000000000000e+01 1.817000000000000000e+03
2.070300000000012375e+01 3.233906960487365723e+01 6.600000000000000000e+01 1.432000000000000000e+03
2.134600000000013864e+01 3.233906960487365723e+01 6.700000000000000000e+01 2.152000000000000000e+03
2.250800000000015899e+01 3.233906960487365723e+01 6.800000000000000000e+01 2.523000000000000000e+03
2.394600000000022533e+01 3.233906960487365723e+01 6.900000000000000000e+01 1.699000000000000000e+03
3.016300000000044790e+01 3.233906960487365723e+01 7.000000000000000000e+01 2.513000000000000000e+03
3.232800000000052165e+01 3.233906960487365723e+01 7.100000000000000000e+01 2.611000000000000000e+03
0.000000000000000000e+00 3.233906960487365723e+01 0.000000000000000000e+00 0.000000000000000000e+00
3.233906960487365723e+01 3.233906960487365723e+01 0.000000000000000000e+00 0.000000000000000000e+00
3.233906960487365723e+01 3.233906960487365723e+01 0.000000000000000000e+00 0.000000000000000000e+00
1.665999999999999925e+00 3.587345433235168457e+01 0.000000000000000000e+00 2.000000000000000000e+00
2.598000000000000309e+00 3.587345433235168457e+01 1.000000000000000000e+00 1.200000000000000000e+01
3.157000000000000473e+00 3.587345433235168457e+01 2.000000000000000000e+00 4.000000000000000000e+00
0.000000000000000000e+00 3.587345433235168457e+01 3.000000000000000000e+00 2.200000000000000000e+01
3.521000000000000352e+00 3.587345433235168457e+01 4.000000000000000000e+00 1.000000000000000000e+00
3.862000000000000544e+00 3.587345433235168457e+01 5.000000000000000000e+00 1.600000000000000000e+01
4.186000000000000831e+00 3.587345433235168457e+01 6.000000000000000000e+00 2.000000000000000000e+01
4.354000000000000981e+00 3.587345433235168457e+01 7.000000000000000000e+00 6.000000000000000000e+00
4.354000000000000981e+00 3.587345433235168457e+01 8.000000000000000000e+00 2.100000000000000000e+01
4.455000000000000071e+00 3.587345433235168457e+01 9.000000000000000000e+00 3.900000000000000000e+01
4.954000000000000625e+00 3.587345433235168457e+01 1.000000000000000000e+01 3.400000000000000000e+01
5.095000000000000639e+00 3.587345433235168457e+01 1.100000000000000000e+01 2.300000000000000000e+01
5.393000000000000682e+00 3.587345433235168457e+01 1.200000000000000000e+01 2.000000000000000000e+01
0.000000000000000000e+00 3.587345433235168457e+01 1.300000000000000000e+01 4.000000000000000000e+00
5.537000000000000810e+00 3.587345433235168457e+01 1.400000000000000000e+01 3.200000000000000000e+01
5.677000000000000490e+00 3.587345433235168457e+01 1.500000000000000000e+01 4.500000000000000000e+01
5.797000000000000597e+00 3.587345433235168457e+01 1.600000000000000000e+01 6.800000000000000000e+01
0.000000000000000000e+00 3.587345433235168457e+01 1.700000000000000000e+01 3.400000000000000000e+01
5.893000000000000682e+00 3.587345433235168457e+01 1.800000000000000000e+01 4.400000000000000000e+01
6.237000000000000988e+00 3.587345433235168457e+01 1.900000000000000000e+01 4.500000000000000000e+01
6.256000000000001116e+00 3.587345433235168457e+01 2.000000000000000000e+01 3.600000000000000000e+01
6.721000000000000973e+00 3.587345433235168457e+01 2.100000000000000000e+01 7.000000000000000000e+01
6.835000000000000853e+00 3.587345433235168457e+01 2.200000000000000000e+01 8.300000000000000000e+01
6.932000000000001272e+00 3.587345433235168457e+01 2.300000000000000000e+01 6.300000000000000000e+01
7.029000000000001691e+00 3.587345433235168457e+01 2.400000000000000000e+01 4.800000000000000000e+01
7.070000000000002061e+00 3.587345433235168457e+01 2.500000000000000000e+01 6.800000000000000000e+01
7.470000000000001528e+00 3.587345433235168457e+01 2.600000000000000000e+01 6.500000000000000000e+01
7.872000000000001663e+00 3.587345433235168457e+01 2.700000000000000000e+01 9.700000000000000000e+01
8.284000000000002473e+00 3.587345433235168457e+01 2.800000000000000000e+01 1.110000000000000000e+02
8.431000000000000938e+00 3.587345433235168457e+01 2.900000000000000000e+01 1.170000000000000000e+02
8.830000000000001847e+00 3.587345433235168457e+01 3.000000000000000000e+01 1.430000000000000000e+02
9.126000000000001222e+00 3.587345433235168457e+01 3.100000000000000000e+01 1.600000000000000000e+02
9.199000000000001620e+00 3.587345433235168457e+01 3.200000000000000000e+01 1.490000000000000000e+02
9.355000000000002203e+00 3.587345433235168457e+01 3.300000000000000000e+01 1.770000000000000000e+02
9.926000000000003709e+00 3.587345433235168457e+01 3.400000000000000000e+01 2.240000000000000000e+02
9.875000000000003553e+00 3.587345433235168457e+01 3.500000000000000000e+01 1.790000000000000000e+02
1.016200000000000436e+01 3.587345433235168457e+01 3.600000000000000000e+01 2.300000000000000000e+02
1.056700000000000550e+01 3.587345433235168457e+01 3.700000000000000000e+01 2.590000000000000000e+02
1.072400000000000553e+01 3.587345433235168457e+01 3.800000000000000000e+01 2.580000000000000000e+02
1.109300000000000708e+01 3.587345433235168457e+01 3.900000000000000000e+01 3.120000000000000000e+02
1.164700000000001090e+01 3.587345433235168457e+01 4.000000000000000000e+01 2.920000000000000000e+02
1.146400000000001107e+01 3.587345433235168457e+01 4.100000000000000000e+01 2.730000000000000000e+02
1.193600000000000882e+01 3.587345433235168457e+01 4.200000000000000000e+01 3.520000000000000000e+02
1.251200000000000756e+01 3.587345433235168457e+01 4.300000000000000000e+01 4.280000000000000000e+02
1.298200000000000465e+01 3.587345433235168457e+01 4.400000000000000000e+01 4.140000000000000000e+02
1.349800000000000821e+01 3.587345433235168457e+01 4.500000000000000000e+01 5.210000000000000000e+02
1.325300000000000544e+01 3.587345433235168457e+01 4.600000000000000000e+01 5.000000000000000000e+00
1.371400000000000929e+01 3.587345433235168457e+01 4.700000000000000000e+01 4.980000000000000000e+02
1.355000000000001137e+01 3.587345433235168457e+01 4.800000000000000000e+01 4.880000000000000000e+02
1.455900000000000816e+01 3.587345433235168457e+01 4.900000000000000000e+01 6.060000000000000000e+02
1.486700000000000621e+01 3.587345433235168457e+01 5.000000000000000000e+01 7.460000000000000000e+02
1.524300000000000388e+01 3.587345433235168457e+01 5.100000000000000000e+01 7.980000000000000000e+02
1.570099999999999696e+01 3.587345433235168457e+01 5.200000000000000000e+01 1.900000000000000000e+01
0.000000000000000000e+00 3.587345433235168457e+01 5.300000000000000000e+01 7.670000000000000000e+02
1.637500000000000000e+01 3.587345433235168457e+01 5.400000000000000000e+01 1.014000000000000000e+03
1.697199999999998710e+01 3.587345433235168457e+01 5.500000000000000000e+01 7.800000000000000000e+02
1.744999999999997087e+01 3.587345433235168457e+01 5.600000000000000000e+01 8.470000000000000000e+02
1.755299999999996530e+01 3.587345433235168457e+01 5.700000000000000000e+01 1.155000000000000000e+03
1.809199999999995256e+01 3.587345433235168457e+01 5.800000000000000000e+01 1.349000000000000000e+03
1.843999999999994444e+01 3.587345433235168457e+01 5.900000000000000000e+01 1.346000000000000000e+03
1.938599999999994949e+01 3.587345433235168457e+01 6.000000000000000000e+01 1.618000000000000000e+03
2.006699999999997530e+01 3.587345433235168457e+01 6.100000000000000000e+01 1.780000000000000000e+03
2.030099999999999127e+01 3.587345433235168457e+01 6.200000000000000000e+01 1.831000000000000000e+03
2.138200000000001921e+01 3.587345433235168457e+01 6.300000000000000000e+01 1.859000000000000000e+03
2.212400000000004496e+01 3.587345433235168457e+01 6.400000000000000000e+01 2.109000000000000000e+03
2.295700000000007535e+01 3.587345433235168457e+01 6.500000000000000000e+01 1.536000000000000000e+03
2.353000000000010417e+01 3.587345433235168457e+01 6.600000000000000000e+01 1.926000000000000000e+03
2.852600000000029823e+01 3.587345433235168457e+01 6.700000000000000000e+01 2.592000000000000000e+03
3.264100000000043877e+01 3.587345433235168457e+01 6.800000000000000000e+01 4.590000000000000000e+03
3.346900000000047015e+01 3.587345433235168457e+01 6.900000000000000000e+01 3.258000000000000000e+03
3.437500000000049738e+01 3.587345433235168457e+01 7.000000000000000000e+01 4.273000000000000000e+03
3.581000000000055650e+01 3.587345433235168457e+01 7.100000000000000000e+01 2.713000000000000000e+03
0.000000000000000000e+00 3.587345433235168457e+01 0.000000000000000000e+00 0.000000000000000000e+00
3.587345433235168457e+01 3.587345433235168457e+01 0.000000000000000000e+00 0.000000000000000000e+00
3.587345433235168457e+01 3.587345433235168457e+01 0.000000000000000000e+00 0.000000000000000000e+00
1.318999999999999950e+00 3.033219790458679199e+01 0.000000000000000000e+00 5.000000000000000000e+00
1.919000000000000039e+00 3.033219790458679199e+01 1.000000000000000000e+00 2.000000000000000000e+00
2.104999999999999982e+00 3.033219790458679199e+01 2.000000000000000000e+00 1.100000000000000000e+01
2.649999999999999911e+00 3.033219790458679199e+01 3.000000000000000000e+00 9.000000000000000000e+00
3.018999999999999684e+00 3.033219790458679199e+01 4.000000000000000000e+00 1.700000000000000000e+01
3.216999999999999638e+00 3.033219790458679199e+01 5.000000000000000000e+00 3.200000000000000000e+01
3.388999999999999790e+00 3.033219790458679199e+01 6.000000000000000000e+00 1.800000000000000000e+01
3.202999999999999847e+00 3.033219790458679199e+01 7.000000000000000000e+00 2.200000000000000000e+01
3.377999999999999670e+00 3.033219790458679199e+01 8.000000000000000000e+00 2.800000000000000000e+01
3.700999999999999623e+00 3.033219790458679199e+01 9.000000000000000000e+00 9.000000000000000000e+00
3.700999999999999623e+00 3.033219790458679199e+01 1.000000000000000000e+01 3.100000000000000000e+01
3.700999999999999623e+00 3.033219790458679199e+01 1.100000000000000000e+01 2.900000000000000000e+01
3.991999999999999549e+00 3.033219790458679199e+01 1.200000000000000000e+01 1.700000000000000000e+01
3.933999999999999719e+00 3.033219790458679199e+01 1.300000000000000000e+01 2.900000000000000000e+01
4.131999999999999673e+00 3.033219790458679199e+01 1.400000000000000000e+01 4.400000000000000000e+01
4.336999999999998856e+00 3.033219790458679199e+01 1.500000000000000000e+01 3.600000000000000000e+01
4.720999999999999197e+00 3.033219790458679199e+01 1.600000000000000000e+01 5.900000000000000000e+01
5.262999999999999012e+00 3.033219790458679199e+01 1.700000000000000000e+01 5.200000000000000000e+01
5.248999999999999666e+00 3.033219790458679199e+01 1.800000000000000000e+01 6.000000000000000000e+01
5.269999999999998685e+00 3.033219790458679199e+01 1.900000000000000000e+01 5.000000000000000000e+01
5.853999999999999204e+00 3.033219790458679199e+01 2.000000000000000000e+01 5.800000000000000000e+01
5.853999999999999204e+00 3.033219790458679199e+01 2.100000000000000000e+01 5.900000000000000000e+01
6.058999999999999275e+00 3.033219790458679199e+01 2.200000000000000000e+01 7.600000000000000000e+01
6.160999999999999588e+00 3.033219790458679199e+01 2.300000000000000000e+01 4.300000000000000000e+01
6.355999999999999872e+00 3.033219790458679199e+01 2.400000000000000000e+01 9.300000000000000000e+01
6.628999999999999559e+00 3.033219790458679199e+01 2.500000000000000000e+01 8.600000000000000000e+01
6.628999999999999559e+00 3.033219790458679199e+01 2.600000000000000000e+01 8.600000000000000000e+01
6.754999999999999893e+00 3.033219790458679199e+01 2.700000000000000000e+01 5.500000000000000000e+01
7.057999999999999829e+00 3.033219790458679199e+01 2.800000000000000000e+01 1.190000000000000000e+02
6.907000000000000028e+00 3.033219790458679199e+01 2.900000000000000000e+01 8.100000000000000000e+01
7.126999999999999780e+00 3.033219790458679199e+01 3.000000000000000000e+01 6.100000000000000000e+01
7.672000000000001485e+00 3.033219790458679199e+01 3.100000000000000000e+01 9.100000000000000000e+01
7.735000000000001208e+00 3.033219790458679199e+01 3.200000000000000000e+01 1.110000000000000000e+02
7.966000000000001968e+00 3.033219790458679199e+01 3.300000000000000000e+01 9.300000000000000000e+01
8.435000000000004050e+00 3.033219790458679199e+01 3.400000000000000000e+01 1.640000000000000000e+02
8.636000000000001009e+00 3.033219790458679199e+01 3.500000000000000000e+01 1.800000000000000000e+02
8.987000000000001876e+00 3.033219790458679199e+01 3.600000000000000000e+01 1.670000000000000000e+02
9.109000000000001762e+00 3.033219790458679199e+01 3.700000000000000000e+01 1.870000000000000000e+02
9.381000000000002004e+00 3.033219790458679199e+01 3.800000000000000000e+01 1.000000000000000000e+00
9.439000000000001833e+00 3.033219790458679199e+01 3.900000000000000000e+01 1.970000000000000000e+02
9.942000000000003723e+00 3.033219790458679199e+01 4.000000000000000000e+01 2.460000000000000000e+02
1.022300000000000431e+01 3.033219790458679199e+01 4.100000000000000000e+01 2.400000000000000000e+02
1.044800000000000217e+01 3.033219790458679199e+01 4.200000000000000000e+01 2.950000000000000000e+02
1.088299999999999912e+01 3.033219790458679199e+01 4.300000000000000000e+01 3.400000000000000000e+02
1.090899999999999714e+01 3.033219790458679199e+01 4.400000000000000000e+01 3.350000000000000000e+02
1.105699999999999861e+01 3.033219790458679199e+01 4.500000000000000000e+01 3.660000000000000000e+02
1.160700000000000287e+01 3.033219790458679199e+01 4.600000000000000000e+01 3.980000000000000000e+02
1.179700000000000237e+01 3.033219790458679199e+01 4.700000000000000000e+01 4.680000000000000000e+02
1.233500000000000973e+01 3.033219790458679199e+01 4.800000000000000000e+01 5.210000000000000000e+02
0.000000000000000000e+00 3.033219790458679199e+01 4.900000000000000000e+01 5.090000000000000000e+02
1.278700000000000614e+01 3.033219790458679199e+01 5.000000000000000000e+01 5.290000000000000000e+02
1.331200000000000294e+01 3.033219790458679199e+01 5.100000000000000000e+01 5.660000000000000000e+02
1.379799999999999649e+01 3.033219790458679199e+01 5.200000000000000000e+01 6.390000000000000000e+02
1.419899999999999807e+01 3.033219790458679199e+01 5.300000000000000000e+01 7.540000000000000000e+02
1.456399999999999828e+01 3.033219790458679199e+01 5.400000000000000000e+01 8.330000000000000000e+02
1.520800000000000551e+01 3.033219790458679199e+01 5.500000000000000000e+01 8.380000000000000000e+02
1.536100000000000776e+01 3.033219790458679199e+01 5.600000000000000000e+01 1.104000000000000000e+03
1.564700000000000735e+01 3.033219790458679199e+01 5.700000000000000000e+01 1.005000000000000000e+03
1.602200000000000912e+01 3.033219790458679199e+01 5.800000000000000000e+01 1.193000000000000000e+03
1.663400000000000034e+01 3.033219790458679199e+01 5.900000000000000000e+01 1.461000000000000000e+03
1.827499999999998437e+01 3.033219790458679199e+01 6.000000000000000000e+01 1.576000000000000000e+03
1.948600000000002197e+01 3.033219790458679199e+01 6.100000000000000000e+01 1.961000000000000000e+03
2.054900000000006344e+01 3.033219790458679199e+01 6.200000000000000000e+01 1.712000000000000000e+03
2.117600000000008720e+01 3.033219790458679199e+01 6.300000000000000000e+01 2.028000000000000000e+03
2.210100000000011988e+01 3.033219790458679199e+01 6.400000000000000000e+01 2.722000000000000000e+03
2.311800000000016553e+01 3.033219790458679199e+01 6.500000000000000000e+01 2.433000000000000000e+03
2.383100000000020202e+01 3.033219790458679199e+01 6.600000000000000000e+01 2.097000000000000000e+03
2.559000000000024855e+01 3.033219790458679199e+01 6.700000000000000000e+01 3.310000000000000000e+03
2.609200000000027231e+01 3.033219790458679199e+01 6.800000000000000000e+01 2.845000000000000000e+03
2.786000000000032628e+01 3.033219790458679199e+01 6.900000000000000000e+01 2.050000000000000000e+03
2.871400000000035746e+01 3.033219790458679199e+01 7.000000000000000000e+01 2.203000000000000000e+03
3.029300000000041493e+01 3.033219790458679199e+01 7.100000000000000000e+01 2.323000000000000000e+03
0.000000000000000000e+00 3.033219790458679199e+01 0.000000000000000000e+00 0.000000000000000000e+00
3.033219790458679199e+01 3.033219790458679199e+01 0.000000000000000000e+00 0.000000000000000000e+00
3.033219790458679199e+01 3.033219790458679199e+01 0.000000000000000000e+00 0.000000000000000000e+00
2.615999999999999659e+00 3.486441540718078613e+01 0.000000000000000000e+00 1.700000000000000000e+01
2.801999999999999602e+00 3.486441540718078613e+01 1.000000000000000000e+00 1.000000000000000000e+01
2.989999999999999769e+00 3.486441540718078613e+01 2.000000000000000000e+00 1.700000000000000000e+01
2.989999999999999769e+00 3.486441540718078613e+01 3.000000000000000000e+00 2.000000000000000000e+01
3.339999999999999858e+00 3.486441540718078613e+01 4.000000000000000000e+00 2.400000000000000000e+01
3.528000000000000025e+00 3.486441540718078613e+01 5.000000000000000000e+00 7.000000000000000000e+00
3.701999999999999957e+00 3.486441540718078613e+01 6.000000000000000000e+00 3.000000000000000000e+01
3.701999999999999957e+00 3.486441540718078613e+01 7.000000000000000000e+00 2.700000000000000000e+01
3.701999999999999957e+00 3.486441540718078613e+01 8.000000000000000000e+00 3.400000000000000000e+01
3.825999999999999623e+00 3.486441540718078613e+01 9.000000000000000000e+00 1.100000000000000000e+01
4.016000000000000014e+00 3.486441540718078613e+01 1.000000000000000000e+01 2.600000000000000000e+01
3.841999999999999638e+00 3.486441540718078613e+01 1.100000000000000000e+01 2.800000000000000000e+01
4.166999999999999815e+00 3.486441540718078613e+01 1.200000000000000000e+01 3.400000000000000000e+01
4.301000000000000156e+00 3.486441540718078613e+01 1.300000000000000000e+01 2.100000000000000000e+01
4.301000000000000156e+00 3.486441540718078613e+01 1.400000000000000000e+01 1.800000000000000000e+01
4.435000000000000497e+00 3.486441540718078613e+01 1.500000000000000000e+01 3.800000000000000000e+01
4.565000000000000391e+00 3.486441540718078613e+01 1.600000000000000000e+01 2.400000000000000000e+01
4.691000000000000725e+00 3.486441540718078613e+01 1.700000000000000000e+01 2.100000000000000000e+01
4.812000000000001165e+00 3.486441540718078613e+01 1.800000000000000000e+01 3.200000000000000000e+01
4.812000000000001165e+00 3.486441540718078613e+01 1.900000000000000000e+01 5.000000000000000000e+00
4.637999999999999901e+00 3.486441540718078613e+01 2.000000000000000000e+01 9.000000000000000000e+00
5.034000000000001585e+00 3.486441540718078613e+01 2.100000000000000000e+01 3.200000000000000000e+01
5.251000000000001222e+00 3.486441540718078613e+01 2.200000000000000000e+01 9.000000000000000000e+00
5.178000000000000824e+00 3.486441540718078613e+01 2.300000000000000000e+01 3.200000000000000000e+01
5.567000000000001059e+00 3.486441540718078613e+01 2.400000000000000000e+01 3.700000000000000000e+01
5.740000000000001101e+00 3.486441540718078613e+01 2.500000000000000000e+01 2.100000000000000000e+01
6.221000000000001862e+00 3.486441540718078613e+01 2.600000000000000000e+01 4.100000000000000000e+01
6.827000000000001734e+00 3.486441540718078613e+01 2.700000000000000000e+01 4.700000000000000000e+01
6.911000000000001364e+00 3.486441540718078613e+01 2.800000000000000000e+01 5.400000000000000000e+01
7.058000000000001606e+00 3.486441540718078613e+01 2.900000000000000000e+01 5.200000000000000000e+01
6.997000000000001663e+00 3.486441540718078613e+01 3.000000000000000000e+01 9.500000000000000000e+01
7.281000000000001471e+00 3.486441540718078613e+01 3.100000000000000000e+01 1.010000000000000000e+02
7.557000000000000384e+00 3.486441540718078613e+01 3.200000000000000000e+01 1.300000000000000000e+02
7.925000000000001599e+00 3.486441540718078613e+01 3.300000000000000000e+01 1.440000000000000000e+02
8.335000000000002629e+00 3.486441540718078613e+01 3.400000000000000000e+01 1.020000000000000000e+02
8.507000000000001450e+00 3.486441540718078613e+01 3.500000000000000000e+01 1.520000000000000000e+02
9.017000000000003013e+00 3.486441540718078613e+01 3.600000000000000000e+01 1.810000000000000000e+02
9.232000000000002871e+00 3.486441540718078613e+01 3.700000000000000000e+01 1.830000000000000000e+02
9.399000000000002686e+00 3.486441540718078613e+01 3.800000000000000000e+01 1.990000000000000000e+02
9.524000000000000909e+00 3.486441540718078613e+01 3.900000000000000000e+01 2.390000000000000000e+02
1.005500000000000327e+01 3.486441540718078613e+01 4.000000000000000000e+01 2.120000000000000000e+02
1.043700000000000472e+01 3.486441540718078613e+01 4.100000000000000000e+01 2.670000000000000000e+02
1.053400000000000425e+01 3.486441540718078613e+01 4.200000000000000000e+01 2.270000000000000000e+02
1.063000000000000078e+01 3.486441540718078613e+01 4.300000000000000000e+01 2.960000000000000000e+02
1.120400000000000063e+01 3.486441540718078613e+01 4.400000000000000000e+01 3.200000000000000000e+02
1.151100000000000101e+01 3.486441540718078613e+01 4.500000000000000000e+01 3.860000000000000000e+02
1.202100000000000612e+01 3.486441540718078613e+01 4.600000000000000000e+01 3.670000000000000000e+02
1.240400000000000347e+01 3.486441540718078613e+01 4.700000000000000000e+01 3.740000000000000000e+02
1.261700000000000621e+01 3.486441540718078613e+01 4.800000000000000000e+01 4.790000000000000000e+02
1.291700000000000692e+01 3.486441540718078613e+01 4.900000000000000000e+01 5.720000000000000000e+02
1.282500000000000462e+01 3.486441540718078613e+01 5.000000000000000000e+01 6.000000000000000000e+00
1.326800000000000423e+01 3.486441540718078613e+01 5.100000000000000000e+01 5.440000000000000000e+02
1.371099999999999497e+01 3.486441540718078613e+01 5.200000000000000000e+01 6.490000000000000000e+02
1.410899999999999288e+01 3.486441540718078613e+01 5.300000000000000000e+01 6.810000000000000000e+02
1.447499999999999609e+01 3.486441540718078613e+01 5.400000000000000000e+01 6.870000000000000000e+02
1.477199999999999491e+01 3.486441540718078613e+01 5.500000000000000000e+01 8.820000000000000000e+02
1.536600000000000676e+01 3.486441540718078613e+01 5.600000000000000000e+01 8.580000000000000000e+02
1.620499999999999829e+01 3.486441540718078613e+01 5.700000000000000000e+01 9.170000000000000000e+02
1.665999999999997527e+01 3.486441540718078613e+01 5.800000000000000000e+01 1.190000000000000000e+03
1.745799999999996643e+01 3.486441540718078613e+01 5.900000000000000000e+01 1.423000000000000000e+03
1.809799999999996700e+01 3.486441540718078613e+01 6.000000000000000000e+01 1.348000000000000000e+03
1.897899999999998855e+01 3.486441540718078613e+01 6.100000000000000000e+01 1.214000000000000000e+03
1.953500000000000725e+01 3.486441540718078613e+01 6.200000000000000000e+01 1.646000000000000000e+03
2.007300000000002527e+01 3.486441540718078613e+01 6.300000000000000000e+01 1.413000000000000000e+03
2.049800000000004374e+01 3.486441540718078613e+01 6.400000000000000000e+01 2.306000000000000000e+03
2.094300000000007245e+01 3.486441540718078613e+01 6.500000000000000000e+01 2.523000000000000000e+03
2.617700000000025895e+01 3.486441540718078613e+01 6.600000000000000000e+01 2.085000000000000000e+03
2.780500000000031591e+01 3.486441540718078613e+01 6.700000000000000000e+01 2.511000000000000000e+03
3.165400000000045466e+01 3.486441540718078613e+01 6.800000000000000000e+01 4.601000000000000000e+03
3.236600000000048283e+01 3.486441540718078613e+01 6.900000000000000000e+01 3.242000000000000000e+03
3.331500000000051642e+01 3.486441540718078613e+01 7.000000000000000000e+01 4.792000000000000000e+03
3.482500000000057128e+01 3.486441540718078613e+01 7.100000000000000000e+01 2.793000000000000000e+03
0.000000000000000000e+00 3.486441540718078613e+01 0.000000000000000000e+00 0.000000000000000000e+00
3.486441540718078613e+01 3.486441540718078613e+01 0.000000000000000000e+00 0.000000000000000000e+00
3.486441540718078613e+01 3.486441540718078613e+01 0.000000000000000000e+00 0.000000000000000000e+00
