3.643999999999999684e+00 2.948051619529724121e+01 0.000000000000000000e+00 0.000000000000000000e+00
5.292000000000000703e+00 2.948051619529724121e+01 1.000000000000000000e+00 0.000000000000000000e+00
6.080000000000000959e+00 2.948051619529724121e+01 2.000000000000000000e+00 0.000000000000000000e+00
6.482000000000001094e+00 2.948051619529724121e+01 3.000000000000000000e+00 0.000000000000000000e+00
8.192000000000000171e+00 2.948051619529724121e+01 4.000000000000000000e+00 0.000000000000000000e+00
8.924999999999998934e+00 2.948051619529724121e+01 5.000000000000000000e+00 0.000000000000000000e+00
9.642999999999997129e+00 2.948051619529724121e+01 6.000000000000000000e+00 0.000000000000000000e+00
9.820999999999997954e+00 2.948051619529724121e+01 7.000000000000000000e+00 0.000000000000000000e+00
9.995999999999998664e+00 2.948051619529724121e+01 8.000000000000000000e+00 0.000000000000000000e+00
1.049199999999999910e+01 2.948051619529724121e+01 9.000000000000000000e+00 0.000000000000000000e+00
1.079899999999999949e+01 2.948051619529724121e+01 1.000000000000000000e+01 0.000000000000000000e+00
1.114899999999999913e+01 2.948051619529724121e+01 1.100000000000000000e+01 0.000000000000000000e+00
1.145199999999999996e+01 2.948051619529724121e+01 1.200000000000000000e+01 0.000000000000000000e+00
1.175300000000000011e+01 2.948051619529724121e+01 1.300000000000000000e+01 0.000000000000000000e+00
1.218699999999999939e+01 2.948051619529724121e+01 1.400000000000000000e+01 0.000000000000000000e+00
1.258099999999999952e+01 2.948051619529724121e+01 1.500000000000000000e+01 0.000000000000000000e+00
1.285600000000000165e+01 2.948051619529724121e+01 1.600000000000000000e+01 2.000000000000000000e+00
1.306099999999999994e+01 2.948051619529724121e+01 1.700000000000000000e+01 1.000000000000000000e+00
1.319200000000000017e+01 2.948051619529724121e+01 1.800000000000000000e+01 0.000000000000000000e+00
1.331900000000000084e+01 2.948051619529724121e+01 1.900000000000000000e+01 0.000000000000000000e+00
1.357600000000000229e+01 2.948051619529724121e+01 2.000000000000000000e+01 0.000000000000000000e+00
1.368900000000000183e+01 2.948051619529724121e+01 2.100000000000000000e+01 0.000000000000000000e+00
1.430400000000000205e+01 2.948051619529724121e+01 2.200000000000000000e+01 1.000000000000000000e+00
1.430400000000000205e+01 2.948051619529724121e+01 2.300000000000000000e+01 1.000000000000000000e+00
1.483800000000000097e+01 2.948051619529724121e+01 2.400000000000000000e+01 0.000000000000000000e+00
1.483800000000000097e+01 2.948051619529724121e+01 2.500000000000000000e+01 1.000000000000000000e+00
1.501200000000000045e+01 2.948051619529724121e+01 2.600000000000000000e+01 0.000000000000000000e+00
1.523300000000000232e+01 2.948051619529724121e+01 2.700000000000000000e+01 0.000000000000000000e+00
1.580000000000000249e+01 2.948051619529724121e+01 2.800000000000000000e+01 3.000000000000000000e+00
1.589200000000000301e+01 2.948051619529724121e+01 2.900000000000000000e+01 0.000000000000000000e+00
1.576500000000000234e+01 2.948051619529724121e+01 3.000000000000000000e+01 1.000000000000000000e+00
1.621500000000000341e+01 2.948051619529724121e+01 3.100000000000000000e+01 0.000000000000000000e+00
1.647899999999999920e+01 2.948051619529724121e+01 3.200000000000000000e+01 0.000000000000000000e+00
1.668800000000000594e+01 2.948051619529724121e+01 3.300000000000000000e+01 0.000000000000000000e+00
1.693900000000000361e+01 2.948051619529724121e+01 3.400000000000000000e+01 0.000000000000000000e+00
1.701200000000000401e+01 2.948051619529724121e+01 3.500000000000000000e+01 0.000000000000000000e+00
1.776500000000000767e+01 2.948051619529724121e+01 3.600000000000000000e+01 0.000000000000000000e+00
1.822400000000001086e+01 2.948051619529724121e+01 3.700000000000000000e+01 0.000000000000000000e+00
1.834900000000001086e+01 2.948051619529724121e+01 3.800000000000000000e+01 0.000000000000000000e+00
1.871000000000001151e+01 2.948051619529724121e+01 3.900000000000000000e+01 1.000000000000000000e+00
1.874200000000001154e+01 2.948051619529724121e+01 4.000000000000000000e+01 1.000000000000000000e+00
1.920900000000001384e+01 2.948051619529724121e+01 4.100000000000000000e+01 0.000000000000000000e+00
1.951800000000001134e+01 2.948051619529724121e+01 4.200000000000000000e+01 0.000000000000000000e+00
1.942800000000001148e+01 2.948051619529724121e+01 4.300000000000000000e+01 0.000000000000000000e+00
1.992400000000001725e+01 2.948051619529724121e+01 4.400000000000000000e+01 0.000000000000000000e+00
2.026300000000001944e+01 2.948051619529724121e+01 4.500000000000000000e+01 0.000000000000000000e+00
2.037700000000002021e+01 2.948051619529724121e+01 4.600000000000000000e+01 0.000000000000000000e+00
2.075400000000002265e+01 2.948051619529724121e+01 4.700000000000000000e+01 0.000000000000000000e+00
2.090300000000002356e+01 2.948051619529724121e+01 4.800000000000000000e+01 0.000000000000000000e+00
2.144500000000002160e+01 2.948051619529724121e+01 4.900000000000000000e+01 1.000000000000000000e+00
2.130500000000002103e+01 2.948051619529724121e+01 5.000000000000000000e+01 0.000000000000000000e+00
2.211400000000002208e+01 2.948051619529724121e+01 5.100000000000000000e+01 2.000000000000000000e+00
2.207000000000002160e+01 2.948051619529724121e+01 5.200000000000000000e+01 1.000000000000000000e+00
2.261400000000002564e+01 2.948051619529724121e+01 5.300000000000000000e+01 0.000000000000000000e+00
2.285600000000002652e+01 2.948051619529724121e+01 5.400000000000000000e+01 0.000000000000000000e+00
2.346500000000001407e+01 2.948051619529724121e+01 5.500000000000000000e+01 0.000000000000000000e+00
2.371700000000000585e+01 2.948051619529724121e+01 5.600000000000000000e+01 0.000000000000000000e+00
2.428400000000000247e+01 2.948051619529724121e+01 5.700000000000000000e+01 0.000000000000000000e+00
2.455199999999997829e+01 2.948051619529724121e+01 5.800000000000000000e+01 0.000000000000000000e+00
2.468499999999997740e+01 2.948051619529724121e+01 5.900000000000000000e+01 0.000000000000000000e+00
2.522699999999996123e+01 2.948051619529724121e+01 6.000000000000000000e+01 0.000000000000000000e+00
2.533199999999996166e+01 2.948051619529724121e+01 6.100000000000000000e+01 0.000000000000000000e+00
2.608199999999995100e+01 2.948051619529724121e+01 6.200000000000000000e+01 1.000000000000000000e+00
2.623199999999994958e+01 2.948051619529724121e+01 6.300000000000000000e+01 1.000000000000000000e+00
2.640399999999996794e+01 2.948051619529724121e+01 6.400000000000000000e+01 0.000000000000000000e+00
2.691999999999997684e+01 2.948051619529724121e+01 6.500000000000000000e+01 0.000000000000000000e+00
2.721999999999999176e+01 2.948051619529724121e+01 6.600000000000000000e+01 0.000000000000000000e+00
2.748400000000000176e+01 2.948051619529724121e+01 6.700000000000000000e+01 0.000000000000000000e+00
2.807600000000001828e+01 2.948051619529724121e+01 6.800000000000000000e+01 0.000000000000000000e+00
2.851400000000003487e+01 2.948051619529724121e+01 6.900000000000000000e+01 0.000000000000000000e+00
2.870100000000004670e+01 2.948051619529724121e+01 7.000000000000000000e+01 0.000000000000000000e+00
2.908500000000005770e+01 2.948051619529724121e+01 7.100000000000000000e+01 0.000000000000000000e+00
2.944500000000006068e+01 2.948051619529724121e+01 7.200000000000000000e+01 0.000000000000000000e+00
0.000000000000000000e+00 2.948051619529724121e+01 0.000000000000000000e+00 0.000000000000000000e+00
0.000000000000000000e+00 2.948051619529724121e+01 0.000000000000000000e+00 0.000000000000000000e+00
4.476000000000000867e+00 3.062912440299987793e+01 0.000000000000000000e+00 0.000000000000000000e+00
5.321000000000001506e+00 3.062912440299987793e+01 1.000000000000000000e+00 0.000000000000000000e+00
6.159000000000000696e+00 3.062912440299987793e+01 2.000000000000000000e+00 0.000000000000000000e+00
7.196000000000000618e+00 3.062912440299987793e+01 3.000000000000000000e+00 0.000000000000000000e+00
8.002000000000000668e+00 3.062912440299987793e+01 4.000000000000000000e+00 0.000000000000000000e+00
8.381999999999999673e+00 3.062912440299987793e+01 5.000000000000000000e+00 0.000000000000000000e+00
8.381999999999999673e+00 3.062912440299987793e+01 6.000000000000000000e+00 0.000000000000000000e+00
8.540000000000000924e+00 3.062912440299987793e+01 7.000000000000000000e+00 0.000000000000000000e+00
8.947000000000000952e+00 3.062912440299987793e+01 8.000000000000000000e+00 0.000000000000000000e+00
9.536999999999999034e+00 3.062912440299987793e+01 9.000000000000000000e+00 0.000000000000000000e+00
1.005999999999999872e+01 3.062912440299987793e+01 1.000000000000000000e+01 0.000000000000000000e+00
1.039100000000000001e+01 3.062912440299987793e+01 1.100000000000000000e+01 0.000000000000000000e+00
1.055199999999999960e+01 3.062912440299987793e+01 1.200000000000000000e+01 1.000000000000000000e+00
1.103400000000000070e+01 3.062912440299987793e+01 1.300000000000000000e+01 0.000000000000000000e+00
1.132600000000000051e+01 3.062912440299987793e+01 1.400000000000000000e+01 0.000000000000000000e+00
1.147000000000000064e+01 3.062912440299987793e+01 1.500000000000000000e+01 0.000000000000000000e+00
1.185799999999999876e+01 3.062912440299987793e+01 1.600000000000000000e+01 1.000000000000000000e+00
1.181599999999999895e+01 3.062912440299987793e+01 1.700000000000000000e+01 1.000000000000000000e+00
1.242399999999999949e+01 3.062912440299987793e+01 1.800000000000000000e+01 0.000000000000000000e+00
1.266899999999999871e+01 3.062912440299987793e+01 1.900000000000000000e+01 1.000000000000000000e+00
1.267099999999999937e+01 3.062912440299987793e+01 2.000000000000000000e+01 1.000000000000000000e+00
1.314299999999999891e+01 3.062912440299987793e+01 2.100000000000000000e+01 0.000000000000000000e+00
1.325999999999999979e+01 3.062912440299987793e+01 2.200000000000000000e+01 0.000000000000000000e+00
1.381400000000000006e+01 3.062912440299987793e+01 2.300000000000000000e+01 0.000000000000000000e+00
1.402699999999999925e+01 3.062912440299987793e+01 2.400000000000000000e+01 0.000000000000000000e+00
1.443999999999999950e+01 3.062912440299987793e+01 2.500000000000000000e+01 0.000000000000000000e+00
1.504400000000000048e+01 3.062912440299987793e+01 2.600000000000000000e+01 0.000000000000000000e+00
1.550900000000000212e+01 3.062912440299987793e+01 2.700000000000000000e+01 0.000000000000000000e+00
1.636100000000000421e+01 3.062912440299987793e+01 2.800000000000000000e+01 0.000000000000000000e+00
1.636100000000000421e+01 3.062912440299987793e+01 2.900000000000000000e+01 1.000000000000000000e+00
1.688000000000000611e+01 3.062912440299987793e+01 3.000000000000000000e+01 0.000000000000000000e+00
1.716500000000000625e+01 3.062912440299987793e+01 3.100000000000000000e+01 0.000000000000000000e+00
1.705799999999999983e+01 3.062912440299987793e+01 3.200000000000000000e+01 0.000000000000000000e+00
1.790000000000000568e+01 3.062912440299987793e+01 3.300000000000000000e+01 1.000000000000000000e+00
1.800100000000000833e+01 3.062912440299987793e+01 3.400000000000000000e+01 2.000000000000000000e+00
1.823300000000001120e+01 3.062912440299987793e+01 3.500000000000000000e+01 0.000000000000000000e+00
1.878000000000001890e+01 3.062912440299987793e+01 3.600000000000000000e+01 2.000000000000000000e+00
1.858200000000001495e+01 3.062912440299987793e+01 3.700000000000000000e+01 0.000000000000000000e+00
1.914800000000001745e+01 3.062912440299987793e+01 3.800000000000000000e+01 1.000000000000000000e+00
1.918900000000001782e+01 3.062912440299987793e+01 3.900000000000000000e+01 0.000000000000000000e+00
1.976100000000001344e+01 3.062912440299987793e+01 4.000000000000000000e+01 0.000000000000000000e+00
2.003800000000001447e+01 3.062912440299987793e+01 4.100000000000000000e+01 0.000000000000000000e+00
2.045200000000001239e+01 3.062912440299987793e+01 4.200000000000000000e+01 0.000000000000000000e+00
2.075500000000000966e+01 3.062912440299987793e+01 4.300000000000000000e+01 0.000000000000000000e+00
2.102000000000000313e+01 3.062912440299987793e+01 4.400000000000000000e+01 0.000000000000000000e+00
2.136700000000000799e+01 3.062912440299987793e+01 4.500000000000000000e+01 0.000000000000000000e+00
2.162100000000001288e+01 3.062912440299987793e+01 4.600000000000000000e+01 0.000000000000000000e+00
2.177600000000001046e+01 3.062912440299987793e+01 4.700000000000000000e+01 0.000000000000000000e+00
2.222600000000001685e+01 3.062912440299987793e+01 4.800000000000000000e+01 0.000000000000000000e+00
2.250500000000001677e+01 3.062912440299987793e+01 4.900000000000000000e+01 0.000000000000000000e+00
2.291600000000001813e+01 3.062912440299987793e+01 5.000000000000000000e+01 0.000000000000000000e+00
2.296800000000001418e+01 3.062912440299987793e+01 5.100000000000000000e+01 0.000000000000000000e+00
2.361400000000001143e+01 3.062912440299987793e+01 5.200000000000000000e+01 0.000000000000000000e+00
2.406700000000001793e+01 3.062912440299987793e+01 5.300000000000000000e+01 0.000000000000000000e+00
2.428000000000001180e+01 3.062912440299987793e+01 5.400000000000000000e+01 0.000000000000000000e+00
2.481700000000001438e+01 3.062912440299987793e+01 5.500000000000000000e+01 1.000000000000000000e+00
2.496600000000001174e+01 3.062912440299987793e+01 5.600000000000000000e+01 0.000000000000000000e+00
2.534200000000000941e+01 3.062912440299987793e+01 5.700000000000000000e+01 0.000000000000000000e+00
2.569099999999999895e+01 3.062912440299987793e+01 5.800000000000000000e+01 0.000000000000000000e+00
2.578599999999999426e+01 3.062912440299987793e+01 5.900000000000000000e+01 0.000000000000000000e+00
2.620999999999999019e+01 3.062912440299987793e+01 6.000000000000000000e+01 0.000000000000000000e+00
2.659899999999997888e+01 3.062912440299987793e+01 6.100000000000000000e+01 3.000000000000000000e+00
2.673199999999997800e+01 3.062912440299987793e+01 6.200000000000000000e+01 3.000000000000000000e+00
2.694399999999998485e+01 3.062912440299987793e+01 6.300000000000000000e+01 0.000000000000000000e+00
2.753699999999999903e+01 3.062912440299987793e+01 6.400000000000000000e+01 0.000000000000000000e+00
2.753200000000000713e+01 3.062912440299987793e+01 6.500000000000000000e+01 0.000000000000000000e+00
2.829600000000003135e+01 3.062912440299987793e+01 6.600000000000000000e+01 0.000000000000000000e+00
2.869800000000005014e+01 3.062912440299987793e+01 6.700000000000000000e+01 0.000000000000000000e+00
2.902300000000006008e+01 3.062912440299987793e+01 6.800000000000000000e+01 0.000000000000000000e+00
2.953700000000007364e+01 3.062912440299987793e+01 6.900000000000000000e+01 0.000000000000000000e+00
2.989400000000009072e+01 3.062912440299987793e+01 7.000000000000000000e+01 1.000000000000000000e+00
2.997600000000009501e+01 3.062912440299987793e+01 7.100000000000000000e+01 1.000000000000000000e+00
3.064500000000011326e+01 3.062912440299987793e+01 7.200000000000000000e+01 0.000000000000000000e+00
0.000000000000000000e+00 3.062912440299987793e+01 0.000000000000000000e+00 0.000000000000000000e+00
0.000000000000000000e+00 3.062912440299987793e+01 0.000000000000000000e+00 0.000000000000000000e+00
4.018000000000000682e+00 3.079490852355957031e+01 0.000000000000000000e+00 0.000000000000000000e+00
4.871000000000001329e+00 3.079490852355957031e+01 1.000000000000000000e+00 0.000000000000000000e+00
5.474000000000001087e+00 3.079490852355957031e+01 2.000000000000000000e+00 1.000000000000000000e+00
5.680000000000001492e+00 3.079490852355957031e+01 3.000000000000000000e+00 0.000000000000000000e+00
6.484000000000000874e+00 3.079490852355957031e+01 4.000000000000000000e+00 0.000000000000000000e+00
6.861000000000000654e+00 3.079490852355957031e+01 5.000000000000000000e+00 0.000000000000000000e+00
7.402000000000000135e+00 3.079490852355957031e+01 6.000000000000000000e+00 0.000000000000000000e+00
7.586999999999999744e+00 3.079490852355957031e+01 7.000000000000000000e+00 0.000000000000000000e+00
8.626000000000001222e+00 3.079490852355957031e+01 8.000000000000000000e+00 0.000000000000000000e+00
9.120000000000000995e+00 3.079490852355957031e+01 9.000000000000000000e+00 0.000000000000000000e+00
9.105000000000000426e+00 3.079490852355957031e+01 1.000000000000000000e+01 0.000000000000000000e+00
9.251000000000001222e+00 3.079490852355957031e+01 1.100000000000000000e+01 0.000000000000000000e+00
9.912000000000000810e+00 3.079490852355957031e+01 1.200000000000000000e+01 0.000000000000000000e+00
1.020200000000000173e+01 3.079490852355957031e+01 1.300000000000000000e+01 0.000000000000000000e+00
1.120700000000000252e+01 3.079490852355957031e+01 1.400000000000000000e+01 0.000000000000000000e+00
1.170300000000000296e+01 3.079490852355957031e+01 1.500000000000000000e+01 0.000000000000000000e+00
1.225900000000000212e+01 3.079490852355957031e+01 1.600000000000000000e+01 0.000000000000000000e+00
1.239800000000000146e+01 3.079490852355957031e+01 1.700000000000000000e+01 0.000000000000000000e+00
1.267900000000000205e+01 3.079490852355957031e+01 1.800000000000000000e+01 0.000000000000000000e+00
1.280400000000000205e+01 3.079490852355957031e+01 1.900000000000000000e+01 0.000000000000000000e+00
1.318400000000000283e+01 3.079490852355957031e+01 2.000000000000000000e+01 1.000000000000000000e+00
1.330600000000000271e+01 3.079490852355957031e+01 2.100000000000000000e+01 0.000000000000000000e+00
1.353300000000000303e+01 3.079490852355957031e+01 2.200000000000000000e+01 0.000000000000000000e+00
1.387100000000000399e+01 3.079490852355957031e+01 2.300000000000000000e+01 2.000000000000000000e+00
1.408700000000000330e+01 3.079490852355957031e+01 2.400000000000000000e+01 0.000000000000000000e+00
1.430100000000000371e+01 3.079490852355957031e+01 2.500000000000000000e+01 0.000000000000000000e+00
1.487800000000000367e+01 3.079490852355957031e+01 2.600000000000000000e+01 0.000000000000000000e+00
1.499300000000000388e+01 3.079490852355957031e+01 2.700000000000000000e+01 0.000000000000000000e+00
1.530800000000000338e+01 3.079490852355957031e+01 2.800000000000000000e+01 0.000000000000000000e+00
1.489600000000000080e+01 3.079490852355957031e+01 2.900000000000000000e+01 0.000000000000000000e+00
1.586900000000000333e+01 3.079490852355957031e+01 3.000000000000000000e+01 0.000000000000000000e+00
1.569400000000000261e+01 3.079490852355957031e+01 3.100000000000000000e+01 0.000000000000000000e+00
1.612400000000000233e+01 3.079490852355957031e+01 3.200000000000000000e+01 3.000000000000000000e+00
1.642600000000000193e+01 3.079490852355957031e+01 3.300000000000000000e+01 0.000000000000000000e+00
1.686800000000000210e+01 3.079490852355957031e+01 3.400000000000000000e+01 1.000000000000000000e+00
1.701200000000000401e+01 3.079490852355957031e+01 3.500000000000000000e+01 0.000000000000000000e+00
1.735900000000000887e+01 3.079490852355957031e+01 3.600000000000000000e+01 0.000000000000000000e+00
1.806200000000001182e+01 3.079490852355957031e+01 3.700000000000000000e+01 0.000000000000000000e+00
1.845600000000001728e+01 3.079490852355957031e+01 3.800000000000000000e+01 0.000000000000000000e+00
1.883400000000001384e+01 3.079490852355957031e+01 3.900000000000000000e+01 0.000000000000000000e+00
1.935300000000001219e+01 3.079490852355957031e+01 4.000000000000000000e+01 1.000000000000000000e+00
1.917700000000001381e+01 3.079490852355957031e+01 4.100000000000000000e+01 0.000000000000000000e+00
2.009400000000000830e+01 3.079490852355957031e+01 4.200000000000000000e+01 0.000000000000000000e+00
2.088199999999999790e+01 3.079490852355957031e+01 4.300000000000000000e+01 0.000000000000000000e+00
2.127699999999999392e+01 3.079490852355957031e+01 4.400000000000000000e+01 0.000000000000000000e+00
2.146999999999999531e+01 3.079490852355957031e+01 4.500000000000000000e+01 0.000000000000000000e+00
2.189300000000000068e+01 3.079490852355957031e+01 4.600000000000000000e+01 0.000000000000000000e+00
2.214000000000000412e+01 3.079490852355957031e+01 4.700000000000000000e+01 0.000000000000000000e+00
2.234800000000000253e+01 3.079490852355957031e+01 4.800000000000000000e+01 0.000000000000000000e+00
2.280400000000000915e+01 3.079490852355957031e+01 4.900000000000000000e+01 0.000000000000000000e+00
2.320600000000001373e+01 3.079490852355957031e+01 5.000000000000000000e+01 0.000000000000000000e+00
2.373800000000001731e+01 3.079490852355957031e+01 5.100000000000000000e+01 0.000000000000000000e+00
2.417300000000001603e+01 3.079490852355957031e+01 5.200000000000000000e+01 0.000000000000000000e+00
2.436100000000001486e+01 3.079490852355957031e+01 5.300000000000000000e+01 0.000000000000000000e+00
2.490600000000000946e+01 3.079490852355957031e+01 5.400000000000000000e+01 1.000000000000000000e+00
2.501800000000000779e+01 3.079490852355957031e+01 5.500000000000000000e+01 1.000000000000000000e+00
2.534600000000000009e+01 3.079490852355957031e+01 5.600000000000000000e+01 0.000000000000000000e+00
2.595799999999999841e+01 3.079490852355957031e+01 5.700000000000000000e+01 2.000000000000000000e+00
2.581799999999999784e+01 3.079490852355957031e+01 5.800000000000000000e+01 1.000000000000000000e+00
2.631400000000000006e+01 3.079490852355957031e+01 5.900000000000000000e+01 0.000000000000000000e+00
2.672599999999999554e+01 3.079490852355957031e+01 6.000000000000000000e+01 0.000000000000000000e+00
2.733699999999998198e+01 3.079490852355957031e+01 6.100000000000000000e+01 0.000000000000000000e+00
2.732799999999997453e+01 3.079490852355957031e+01 6.200000000000000000e+01 1.000000000000000000e+00
2.795299999999999230e+01 3.079490852355957031e+01 6.300000000000000000e+01 0.000000000000000000e+00
2.823700000000000188e+01 3.079490852355957031e+01 6.400000000000000000e+01 0.000000000000000000e+00
2.829700000000001125e+01 3.079490852355957031e+01 6.500000000000000000e+01 0.000000000000000000e+00
2.874700000000002831e+01 3.079490852355957031e+01 6.600000000000000000e+01 0.000000000000000000e+00
2.908500000000003638e+01 3.079490852355957031e+01 6.700000000000000000e+01 0.000000000000000000e+00
2.948100000000004783e+01 3.079490852355957031e+01 6.800000000000000000e+01 0.000000000000000000e+00
3.005500000000006722e+01 3.079490852355957031e+01 6.900000000000000000e+01 0.000000000000000000e+00
2.984700000000007236e+01 3.079490852355957031e+01 7.000000000000000000e+01 0.000000000000000000e+00
3.071200000000009211e+01 3.079490852355957031e+01 7.100000000000000000e+01 1.000000000000000000e+00
3.060100000000009501e+01 3.079490852355957031e+01 7.200000000000000000e+01 1.000000000000000000e+00
3.083100000000009899e+01 3.079490852355957031e+01 0.000000000000000000e+00 0.000000000000000000e+00
0.000000000000000000e+00 3.079490852355957031e+01 0.000000000000000000e+00 0.000000000000000000e+00
4.630000000000000782e+00 3.075952625274658203e+01 0.000000000000000000e+00 0.000000000000000000e+00
6.299000000000002153e+00 3.075952625274658203e+01 1.000000000000000000e+00 0.000000000000000000e+00
6.928000000000002601e+00 3.075952625274658203e+01 2.000000000000000000e+00 0.000000000000000000e+00
7.128000000000002778e+00 3.075952625274658203e+01 3.000000000000000000e+00 0.000000000000000000e+00
7.509000000000002117e+00 3.075952625274658203e+01 4.000000000000000000e+00 0.000000000000000000e+00
8.070000000000002061e+00 3.075952625274658203e+01 5.000000000000000000e+00 1.000000000000000000e+00
8.250000000000001776e+00 3.075952625274658203e+01 6.000000000000000000e+00 0.000000000000000000e+00
8.782000000000001805e+00 3.075952625274658203e+01 7.000000000000000000e+00 0.000000000000000000e+00
9.132000000000001450e+00 3.075952625274658203e+01 8.000000000000000000e+00 0.000000000000000000e+00
9.801000000000000156e+00 3.075952625274658203e+01 9.000000000000000000e+00 0.000000000000000000e+00
9.908000000000001251e+00 3.075952625274658203e+01 1.000000000000000000e+01 0.000000000000000000e+00
1.043100000000000094e+01 3.075952625274658203e+01 1.100000000000000000e+01 0.000000000000000000e+00
1.103999999999999915e+01 3.075952625274658203e+01 1.200000000000000000e+01 2.000000000000000000e+00
1.080700000000000038e+01 3.075952625274658203e+01 1.300000000000000000e+01 0.000000000000000000e+00
1.151600000000000001e+01 3.075952625274658203e+01 1.400000000000000000e+01 0.000000000000000000e+00
1.208100000000000129e+01 3.075952625274658203e+01 1.500000000000000000e+01 0.000000000000000000e+00
1.262700000000000067e+01 3.075952625274658203e+01 1.600000000000000000e+01 0.000000000000000000e+00
1.289400000000000013e+01 3.075952625274658203e+01 1.700000000000000000e+01 0.000000000000000000e+00
1.315600000000000058e+01 3.075952625274658203e+01 1.800000000000000000e+01 0.000000000000000000e+00
1.315900000000000070e+01 3.075952625274658203e+01 1.900000000000000000e+01 0.000000000000000000e+00
1.353900000000000148e+01 3.075952625274658203e+01 2.000000000000000000e+01 0.000000000000000000e+00
1.389300000000000068e+01 3.075952625274658203e+01 2.100000000000000000e+01 0.000000000000000000e+00
1.401200000000000045e+01 3.075952625274658203e+01 2.200000000000000000e+01 0.000000000000000000e+00
1.433400000000000318e+01 3.075952625274658203e+01 2.300000000000000000e+01 0.000000000000000000e+00
1.438600000000000279e+01 3.075952625274658203e+01 2.400000000000000000e+01 0.000000000000000000e+00
1.466900000000000226e+01 3.075952625274658203e+01 2.500000000000000000e+01 0.000000000000000000e+00
1.476700000000000301e+01 3.075952625274658203e+01 2.600000000000000000e+01 0.000000000000000000e+00
1.515700000000000180e+01 3.075952625274658203e+01 2.700000000000000000e+01 1.000000000000000000e+00
1.543600000000000172e+01 3.075952625274658203e+01 2.800000000000000000e+01 0.000000000000000000e+00
1.537000000000000277e+01 3.075952625274658203e+01 2.900000000000000000e+01 0.000000000000000000e+00
1.604300000000000281e+01 3.075952625274658203e+01 3.000000000000000000e+01 1.000000000000000000e+00
1.586300000000000310e+01 3.075952625274658203e+01 3.100000000000000000e+01 1.000000000000000000e+00
1.626099999999999923e+01 3.075952625274658203e+01 3.200000000000000000e+01 0.000000000000000000e+00
1.667099999999999937e+01 3.075952625274658203e+01 3.300000000000000000e+01 0.000000000000000000e+00
1.696099999999999852e+01 3.075952625274658203e+01 3.400000000000000000e+01 0.000000000000000000e+00
1.717200000000000060e+01 3.075952625274658203e+01 3.500000000000000000e+01 0.000000000000000000e+00
1.742400000000000304e+01 3.075952625274658203e+01 3.600000000000000000e+01 0.000000000000000000e+00
1.757800000000000296e+01 3.075952625274658203e+01 3.700000000000000000e+01 1.000000000000000000e+00
1.787800000000000367e+01 3.075952625274658203e+01 3.800000000000000000e+01 1.000000000000000000e+00
1.809900000000000375e+01 3.075952625274658203e+01 3.900000000000000000e+01 1.000000000000000000e+00
1.875100000000000477e+01 3.075952625274658203e+01 4.000000000000000000e+01 0.000000000000000000e+00
1.924000000000000199e+01 3.075952625274658203e+01 4.100000000000000000e+01 0.000000000000000000e+00
1.985999999999999943e+01 3.075952625274658203e+01 4.200000000000000000e+01 0.000000000000000000e+00
2.006799999999999784e+01 3.075952625274658203e+01 4.300000000000000000e+01 0.000000000000000000e+00
2.046200000000000330e+01 3.075952625274658203e+01 4.400000000000000000e+01 0.000000000000000000e+00
2.080700000000000927e+01 3.075952625274658203e+01 4.500000000000000000e+01 2.000000000000000000e+00
2.106800000000000850e+01 3.075952625274658203e+01 4.600000000000000000e+01 0.000000000000000000e+00
2.131400000000001071e+01 3.075952625274658203e+01 4.700000000000000000e+01 0.000000000000000000e+00
2.166100000000001558e+01 3.075952625274658203e+01 4.800000000000000000e+01 0.000000000000000000e+00
2.183700000000001751e+01 3.075952625274658203e+01 4.900000000000000000e+01 0.000000000000000000e+00
2.223600000000002197e+01 3.075952625274658203e+01 5.000000000000000000e+01 0.000000000000000000e+00
2.241400000000002279e+01 3.075952625274658203e+01 5.100000000000000000e+01 0.000000000000000000e+00
2.277700000000001879e+01 3.075952625274658203e+01 5.200000000000000000e+01 0.000000000000000000e+00
2.304100000000002524e+01 3.075952625274658203e+01 5.300000000000000000e+01 0.000000000000000000e+00
2.366600000000001458e+01 3.075952625274658203e+01 5.400000000000000000e+01 2.000000000000000000e+00
2.384600000000001430e+01 3.075952625274658203e+01 5.500000000000000000e+01 1.000000000000000000e+00
2.432199999999999207e+01 3.075952625274658203e+01 5.600000000000000000e+01 2.000000000000000000e+00
2.449999999999998934e+01 3.075952625274658203e+01 5.700000000000000000e+01 2.000000000000000000e+00
2.517299999999995919e+01 3.075952625274658203e+01 5.800000000000000000e+01 0.000000000000000000e+00
2.595899999999994634e+01 3.075952625274658203e+01 5.900000000000000000e+01 0.000000000000000000e+00
2.595599999999994623e+01 3.075952625274658203e+01 6.000000000000000000e+01 0.000000000000000000e+00
2.660999999999993904e+01 3.075952625274658203e+01 6.100000000000000000e+01 0.000000000000000000e+00
2.681599999999993500e+01 3.075952625274658203e+01 6.200000000000000000e+01 0.000000000000000000e+00
2.718099999999994054e+01 3.075952625274658203e+01 6.300000000000000000e+01 1.000000000000000000e+00
2.746699999999994546e+01 3.075952625274658203e+01 6.400000000000000000e+01 1.000000000000000000e+00
2.775999999999995893e+01 3.075952625274658203e+01 6.500000000000000000e+01 0.000000000000000000e+00
2.804499999999997328e+01 3.075952625274658203e+01 6.600000000000000000e+01 0.000000000000000000e+00
2.810799999999997567e+01 3.075952625274658203e+01 6.700000000000000000e+01 0.000000000000000000e+00
2.865200000000000102e+01 3.075952625274658203e+01 6.800000000000000000e+01 0.000000000000000000e+00
2.884799999999999898e+01 3.075952625274658203e+01 6.900000000000000000e+01 0.000000000000000000e+00
2.945700000000002206e+01 3.075952625274658203e+01 7.000000000000000000e+01 0.000000000000000000e+00
3.057200000000006668e+01 3.075952625274658203e+01 7.100000000000000000e+01 1.000000000000000000e+00
3.066300000000006776e+01 3.075952625274658203e+01 7.200000000000000000e+01 0.000000000000000000e+00
3.079100000000006787e+01 3.075952625274658203e+01 0.000000000000000000e+00 0.000000000000000000e+00
0.000000000000000000e+00 3.075952625274658203e+01 0.000000000000000000e+00 0.000000000000000000e+00
4.330999999999999517e+00 3.004025864601135254e+01 0.000000000000000000e+00 0.000000000000000000e+00
4.754999999999999893e+00 3.004025864601135254e+01 1.000000000000000000e+00 0.000000000000000000e+00
5.569000000000000838e+00 3.004025864601135254e+01 2.000000000000000000e+00 0.000000000000000000e+00
6.357000000000001094e+00 3.004025864601135254e+01 3.000000000000000000e+00 0.000000000000000000e+00
6.942000000000001059e+00 3.004025864601135254e+01 4.000000000000000000e+00 0.000000000000000000e+00
7.509000000000001229e+00 3.004025864601135254e+01 5.000000000000000000e+00 0.000000000000000000e+00
8.232000000000001094e+00 3.004025864601135254e+01 6.000000000000000000e+00 0.000000000000000000e+00
9.104000000000000981e+00 3.004025864601135254e+01 7.000000000000000000e+00 0.000000000000000000e+00
9.458000000000000185e+00 3.004025864601135254e+01 8.000000000000000000e+00 0.000000000000000000e+00
9.803000000000000824e+00 3.004025864601135254e+01 9.000000000000000000e+00 0.000000000000000000e+00
9.803000000000000824e+00 3.004025864601135254e+01 1.000000000000000000e+01 0.000000000000000000e+00
1.012300000000000111e+01 3.004025864601135254e+01 1.100000000000000000e+01 0.000000000000000000e+00
1.061700000000000088e+01 3.004025864601135254e+01 1.200000000000000000e+01 0.000000000000000000e+00
1.055600000000000094e+01 3.004025864601135254e+01 1.300000000000000000e+01 0.000000000000000000e+00
1.134699999999999953e+01 3.004025864601135254e+01 1.400000000000000000e+01 0.000000000000000000e+00
1.151699999999999946e+01 3.004025864601135254e+01 1.500000000000000000e+01 0.000000000000000000e+00
1.186900000000000155e+01 3.004025864601135254e+01 1.600000000000000000e+01 0.000000000000000000e+00
1.233099999999999952e+01 3.004025864601135254e+01 1.700000000000000000e+01 0.000000000000000000e+00
1.258799999999999919e+01 3.004025864601135254e+01 1.800000000000000000e+01 0.000000000000000000e+00
1.296299999999999919e+01 3.004025864601135254e+01 1.900000000000000000e+01 0.000000000000000000e+00
1.294200000000000017e+01 3.004025864601135254e+01 2.000000000000000000e+01 0.000000000000000000e+00
1.337199999999999989e+01 3.004025864601135254e+01 2.100000000000000000e+01 1.000000000000000000e+00
1.348799999999999777e+01 3.004025864601135254e+01 2.200000000000000000e+01 0.000000000000000000e+00
1.435299999999999976e+01 3.004025864601135254e+01 2.300000000000000000e+01 0.000000000000000000e+00
1.478099999999999881e+01 3.004025864601135254e+01 2.400000000000000000e+01 0.000000000000000000e+00
1.539199999999999946e+01 3.004025864601135254e+01 2.500000000000000000e+01 1.000000000000000000e+00
1.559399999999999942e+01 3.004025864601135254e+01 2.600000000000000000e+01 0.000000000000000000e+00
1.570100000000000229e+01 3.004025864601135254e+01 2.700000000000000000e+01 0.000000000000000000e+00
1.635999999999999943e+01 3.004025864601135254e+01 2.800000000000000000e+01 1.000000000000000000e+00
1.625199999999999889e+01 3.004025864601135254e+01 2.900000000000000000e+01 2.000000000000000000e+00
1.687499999999999289e+01 3.004025864601135254e+01 3.000000000000000000e+01 0.000000000000000000e+00
1.708799999999999031e+01 3.004025864601135254e+01 3.100000000000000000e+01 0.000000000000000000e+00
1.784599999999999298e+01 3.004025864601135254e+01 3.200000000000000000e+01 0.000000000000000000e+00
1.830799999999999272e+01 3.004025864601135254e+01 3.300000000000000000e+01 0.000000000000000000e+00
1.829999999999999361e+01 3.004025864601135254e+01 3.400000000000000000e+01 0.000000000000000000e+00
1.860499999999999687e+01 3.004025864601135254e+01 3.500000000000000000e+01 0.000000000000000000e+00
1.860899999999999466e+01 3.004025864601135254e+01 3.600000000000000000e+01 1.000000000000000000e+00
1.876299999999999812e+01 3.004025864601135254e+01 3.700000000000000000e+01 1.000000000000000000e+00
1.937599999999999767e+01 3.004025864601135254e+01 3.800000000000000000e+01 2.000000000000000000e+00
1.936899999999999622e+01 3.004025864601135254e+01 3.900000000000000000e+01 1.000000000000000000e+00
1.996099999999999497e+01 3.004025864601135254e+01 4.000000000000000000e+01 0.000000000000000000e+00
2.028999999999999204e+01 3.004025864601135254e+01 4.100000000000000000e+01 0.000000000000000000e+00
2.060499999999998977e+01 3.004025864601135254e+01 4.200000000000000000e+01 0.000000000000000000e+00
2.109599999999998943e+01 3.004025864601135254e+01 4.300000000000000000e+01 1.000000000000000000e+00
2.113599999999999213e+01 3.004025864601135254e+01 4.400000000000000000e+01 1.000000000000000000e+00
2.168199999999999150e+01 3.004025864601135254e+01 4.500000000000000000e+01 0.000000000000000000e+00
2.202699999999999747e+01 3.004025864601135254e+01 4.600000000000000000e+01 0.000000000000000000e+00
2.208200000000000429e+01 3.004025864601135254e+01 4.700000000000000000e+01 0.000000000000000000e+00
2.260899999999999821e+01 3.004025864601135254e+01 4.800000000000000000e+01 0.000000000000000000e+00
2.248100000000000165e+01 3.004025864601135254e+01 4.900000000000000000e+01 0.000000000000000000e+00
2.333800000000000807e+01 3.004025864601135254e+01 5.000000000000000000e+01 2.000000000000000000e+00
2.322900000000000631e+01 3.004025864601135254e+01 5.100000000000000000e+01 2.000000000000000000e+00
2.374400000000000688e+01 3.004025864601135254e+01 5.200000000000000000e+01 0.000000000000000000e+00
2.377000000000001023e+01 3.004025864601135254e+01 5.300000000000000000e+01 0.000000000000000000e+00
2.422700000000000387e+01 3.004025864601135254e+01 5.400000000000000000e+01 0.000000000000000000e+00
2.455500000000001037e+01 3.004025864601135254e+01 5.500000000000000000e+01 0.000000000000000000e+00
2.493299999999999983e+01 3.004025864601135254e+01 5.600000000000000000e+01 0.000000000000000000e+00
2.487300000000000111e+01 3.004025864601135254e+01 5.700000000000000000e+01 0.000000000000000000e+00
2.546799999999996800e+01 3.004025864601135254e+01 5.800000000000000000e+01 0.000000000000000000e+00
2.582099999999996953e+01 3.004025864601135254e+01 5.900000000000000000e+01 0.000000000000000000e+00
2.628899999999993753e+01 3.004025864601135254e+01 6.000000000000000000e+01 0.000000000000000000e+00
2.647399999999993980e+01 3.004025864601135254e+01 6.100000000000000000e+01 0.000000000000000000e+00
2.694199999999993622e+01 3.004025864601135254e+01 6.200000000000000000e+01 0.000000000000000000e+00
2.730799999999993588e+01 3.004025864601135254e+01 6.300000000000000000e+01 0.000000000000000000e+00
2.747999999999994714e+01 3.004025864601135254e+01 6.400000000000000000e+01 0.000000000000000000e+00
2.791199999999995995e+01 3.004025864601135254e+01 6.500000000000000000e+01 0.000000000000000000e+00
2.806699999999996820e+01 3.004025864601135254e+01 6.600000000000000000e+01 0.000000000000000000e+00
2.849099999999997834e+01 3.004025864601135254e+01 6.700000000000000000e+01 0.000000000000000000e+00
2.852499999999998792e+01 3.004025864601135254e+01 6.800000000000000000e+01 0.000000000000000000e+00
2.900300000000000011e+01 3.004025864601135254e+01 6.900000000000000000e+01 0.000000000000000000e+00
2.930400000000000915e+01 3.004025864601135254e+01 7.000000000000000000e+01 0.000000000000000000e+00
2.950200000000002021e+01 3.004025864601135254e+01 7.100000000000000000e+01 0.000000000000000000e+00
2.989000000000003610e+01 3.004025864601135254e+01 7.200000000000000000e+01 0.000000000000000000e+00
0.000000000000000000e+00 3.004025864601135254e+01 0.000000000000000000e+00 0.000000000000000000e+00
0.000000000000000000e+00 3.004025864601135254e+01 0.000000000000000000e+00 0.000000000000000000e+00
4.821000000000000618e+00 3.034679508209228516e+01 0.000000000000000000e+00 0.000000000000000000e+00
5.039000000000000590e+00 3.034679508209228516e+01 1.000000000000000000e+00 0.000000000000000000e+00
5.452000000000000846e+00 3.034679508209228516e+01 2.000000000000000000e+00 0.000000000000000000e+00
7.611000000000002430e+00 3.034679508209228516e+01 3.000000000000000000e+00 0.000000000000000000e+00
7.611000000000002430e+00 3.034679508209228516e+01 4.000000000000000000e+00 0.000000000000000000e+00
8.178000000000002601e+00 3.034679508209228516e+01 5.000000000000000000e+00 0.000000000000000000e+00
8.720000000000002416e+00 3.034679508209228516e+01 6.000000000000000000e+00 0.000000000000000000e+00
9.078000000000002956e+00 3.034679508209228516e+01 7.000000000000000000e+00 0.000000000000000000e+00
9.427000000000003155e+00 3.034679508209228516e+01 8.000000000000000000e+00 0.000000000000000000e+00
1.025600000000000200e+01 3.034679508209228516e+01 9.000000000000000000e+00 0.000000000000000000e+00
1.074200000000000088e+01 3.034679508209228516e+01 1.000000000000000000e+01 0.000000000000000000e+00
1.056500000000000128e+01 3.034679508209228516e+01 1.100000000000000000e+01 1.000000000000000000e+00
1.150400000000000134e+01 3.034679508209228516e+01 1.200000000000000000e+01 1.000000000000000000e+00
1.165700000000000180e+01 3.034679508209228516e+01 1.300000000000000000e+01 2.000000000000000000e+00
1.194900000000000162e+01 3.034679508209228516e+01 1.400000000000000000e+01 0.000000000000000000e+00
1.239000000000000234e+01 3.034679508209228516e+01 1.500000000000000000e+01 0.000000000000000000e+00
1.214300000000000246e+01 3.034679508209228516e+01 1.600000000000000000e+01 2.000000000000000000e+00
1.252700000000000280e+01 3.034679508209228516e+01 1.700000000000000000e+01 2.000000000000000000e+00
1.292000000000000348e+01 3.034679508209228516e+01 1.800000000000000000e+01 1.000000000000000000e+00
1.289000000000000234e+01 3.034679508209228516e+01 1.900000000000000000e+01 0.000000000000000000e+00
1.343700000000000294e+01 3.034679508209228516e+01 2.000000000000000000e+01 0.000000000000000000e+00
1.367900000000000382e+01 3.034679508209228516e+01 2.100000000000000000e+01 0.000000000000000000e+00
1.413300000000000445e+01 3.034679508209228516e+01 2.200000000000000000e+01 0.000000000000000000e+00
1.458300000000000374e+01 3.034679508209228516e+01 2.300000000000000000e+01 2.000000000000000000e+00
1.458300000000000374e+01 3.034679508209228516e+01 2.400000000000000000e+01 0.000000000000000000e+00
1.458600000000000385e+01 3.034679508209228516e+01 2.500000000000000000e+01 0.000000000000000000e+00
1.518900000000000361e+01 3.034679508209228516e+01 2.600000000000000000e+01 0.000000000000000000e+00
1.500100000000000300e+01 3.034679508209228516e+01 2.700000000000000000e+01 1.000000000000000000e+00
1.551500000000000234e+01 3.034679508209228516e+01 2.800000000000000000e+01 0.000000000000000000e+00
1.630100000000000193e+01 3.034679508209228516e+01 2.900000000000000000e+01 0.000000000000000000e+00
1.664300000000000068e+01 3.034679508209228516e+01 3.000000000000000000e+01 0.000000000000000000e+00
1.650499999999999901e+01 3.034679508209228516e+01 3.100000000000000000e+01 0.000000000000000000e+00
1.707500000000000284e+01 3.034679508209228516e+01 3.200000000000000000e+01 0.000000000000000000e+00
1.749100000000000321e+01 3.034679508209228516e+01 3.300000000000000000e+01 0.000000000000000000e+00
1.776500000000000412e+01 3.034679508209228516e+01 3.400000000000000000e+01 0.000000000000000000e+00
1.794800000000000395e+01 3.034679508209228516e+01 3.500000000000000000e+01 3.000000000000000000e+00
1.856300000000000594e+01 3.034679508209228516e+01 3.600000000000000000e+01 0.000000000000000000e+00
1.902600000000000691e+01 3.034679508209228516e+01 3.700000000000000000e+01 0.000000000000000000e+00
1.933600000000000563e+01 3.034679508209228516e+01 3.800000000000000000e+01 0.000000000000000000e+00
1.945800000000000551e+01 3.034679508209228516e+01 3.900000000000000000e+01 0.000000000000000000e+00
1.998200000000000287e+01 3.034679508209228516e+01 4.000000000000000000e+01 0.000000000000000000e+00
2.014900000000000446e+01 3.034679508209228516e+01 4.100000000000000000e+01 0.000000000000000000e+00
2.051300000000000168e+01 3.034679508209228516e+01 4.200000000000000000e+01 0.000000000000000000e+00
2.065099999999999980e+01 3.034679508209228516e+01 4.300000000000000000e+01 0.000000000000000000e+00
2.122599999999999909e+01 3.034679508209228516e+01 4.400000000000000000e+01 0.000000000000000000e+00
2.163499999999999801e+01 3.034679508209228516e+01 4.500000000000000000e+01 1.000000000000000000e+00
2.189699999999999847e+01 3.034679508209228516e+01 4.600000000000000000e+01 1.000000000000000000e+00
2.230400000000000560e+01 3.034679508209228516e+01 4.700000000000000000e+01 1.000000000000000000e+00
2.229800000000000537e+01 3.034679508209228516e+01 4.800000000000000000e+01 0.000000000000000000e+00
2.308200000000000429e+01 3.034679508209228516e+01 4.900000000000000000e+01 0.000000000000000000e+00
2.312900000000000489e+01 3.034679508209228516e+01 5.000000000000000000e+01 0.000000000000000000e+00
2.361899999999999977e+01 3.034679508209228516e+01 5.100000000000000000e+01 0.000000000000000000e+00
2.368100000000000094e+01 3.034679508209228516e+01 5.200000000000000000e+01 0.000000000000000000e+00
2.398100000000000165e+01 3.034679508209228516e+01 5.300000000000000000e+01 0.000000000000000000e+00
2.448999999999999844e+01 3.034679508209228516e+01 5.400000000000000000e+01 0.000000000000000000e+00
2.488000000000000256e+01 3.034679508209228516e+01 5.500000000000000000e+01 0.000000000000000000e+00
2.510000000000000142e+01 3.034679508209228516e+01 5.600000000000000000e+01 0.000000000000000000e+00
2.567799999999999372e+01 3.034679508209228516e+01 5.700000000000000000e+01 0.000000000000000000e+00
2.600799999999998136e+01 3.034679508209228516e+01 5.800000000000000000e+01 0.000000000000000000e+00
2.652599999999997493e+01 3.034679508209228516e+01 5.900000000000000000e+01 0.000000000000000000e+00
2.665499999999997272e+01 3.034679508209228516e+01 6.000000000000000000e+01 0.000000000000000000e+00
2.684199999999996322e+01 3.034679508209228516e+01 6.100000000000000000e+01 3.000000000000000000e+00
2.718199999999996308e+01 3.034679508209228516e+01 6.200000000000000000e+01 3.000000000000000000e+00
2.744499999999997542e+01 3.034679508209228516e+01 6.300000000000000000e+01 0.000000000000000000e+00
2.775599999999997891e+01 3.034679508209228516e+01 6.400000000000000000e+01 0.000000000000000000e+00
2.832399999999999807e+01 3.034679508209228516e+01 6.500000000000000000e+01 1.000000000000000000e+00
2.848400000000000176e+01 3.034679508209228516e+01 6.600000000000000000e+01 0.000000000000000000e+00
2.883900000000002706e+01 3.034679508209228516e+01 6.700000000000000000e+01 0.000000000000000000e+00
2.924600000000003419e+01 3.034679508209228516e+01 6.800000000000000000e+01 0.000000000000000000e+00
2.974100000000004940e+01 3.034679508209228516e+01 6.900000000000000000e+01 0.000000000000000000e+00
2.974600000000005195e+01 3.034679508209228516e+01 7.000000000000000000e+01 0.000000000000000000e+00
2.985800000000005383e+01 3.034679508209228516e+01 7.100000000000000000e+01 0.000000000000000000e+00
3.029700000000006810e+01 3.034679508209228516e+01 7.200000000000000000e+01 0.000000000000000000e+00
0.000000000000000000e+00 3.034679508209228516e+01 0.000000000000000000e+00 0.000000000000000000e+00
0.000000000000000000e+00 3.034679508209228516e+01 0.000000000000000000e+00 0.000000000000000000e+00
4.564000000000000057e+00 3.011960697174072266e+01 0.000000000000000000e+00 0.000000000000000000e+00
5.020999999999999908e+00 3.011960697174072266e+01 1.000000000000000000e+00 0.000000000000000000e+00
5.241999999999999993e+00 3.011960697174072266e+01 2.000000000000000000e+00 0.000000000000000000e+00
6.611000000000000654e+00 3.011960697174072266e+01 3.000000000000000000e+00 0.000000000000000000e+00
7.001000000000000334e+00 3.011960697174072266e+01 4.000000000000000000e+00 0.000000000000000000e+00
7.387999999999999901e+00 3.011960697174072266e+01 5.000000000000000000e+00 0.000000000000000000e+00
7.932999999999999829e+00 3.011960697174072266e+01 6.000000000000000000e+00 0.000000000000000000e+00
8.630000000000000782e+00 3.011960697174072266e+01 7.000000000000000000e+00 0.000000000000000000e+00
9.141999999999999460e+00 3.011960697174072266e+01 8.000000000000000000e+00 1.000000000000000000e+00
8.964000000000000412e+00 3.011960697174072266e+01 9.000000000000000000e+00 1.000000000000000000e+00
9.809999999999998721e+00 3.011960697174072266e+01 1.000000000000000000e+01 0.000000000000000000e+00
1.061599999999999788e+01 3.011960697174072266e+01 1.100000000000000000e+01 0.000000000000000000e+00
1.107199999999999740e+01 3.011960697174072266e+01 1.200000000000000000e+01 1.000000000000000000e+00
1.107199999999999740e+01 3.011960697174072266e+01 1.300000000000000000e+01 0.000000000000000000e+00
1.164799999999999613e+01 3.011960697174072266e+01 1.400000000000000000e+01 0.000000000000000000e+00
1.197999999999999687e+01 3.011960697174072266e+01 1.500000000000000000e+01 0.000000000000000000e+00
1.234499999999999531e+01 3.011960697174072266e+01 1.600000000000000000e+01 0.000000000000000000e+00
1.242899999999999494e+01 3.011960697174072266e+01 1.700000000000000000e+01 0.000000000000000000e+00
1.258699999999999619e+01 3.011960697174072266e+01 1.800000000000000000e+01 0.000000000000000000e+00
1.310699999999999577e+01 3.011960697174072266e+01 1.900000000000000000e+01 0.000000000000000000e+00
1.335199999999999498e+01 3.011960697174072266e+01 2.000000000000000000e+01 0.000000000000000000e+00
1.346699999999999520e+01 3.011960697174072266e+01 2.100000000000000000e+01 0.000000000000000000e+00
1.391599999999999504e+01 3.011960697174072266e+01 2.200000000000000000e+01 1.000000000000000000e+00
1.391599999999999504e+01 3.011960697174072266e+01 2.300000000000000000e+01 0.000000000000000000e+00
1.434599999999999476e+01 3.011960697174072266e+01 2.400000000000000000e+01 0.000000000000000000e+00
1.418199999999999505e+01 3.011960697174072266e+01 2.500000000000000000e+01 0.000000000000000000e+00
1.485199999999999498e+01 3.011960697174072266e+01 2.600000000000000000e+01 1.000000000000000000e+00
1.480399999999999494e+01 3.011960697174072266e+01 2.700000000000000000e+01 0.000000000000000000e+00
1.489099999999999646e+01 3.011960697174072266e+01 2.800000000000000000e+01 0.000000000000000000e+00
1.523899999999999544e+01 3.011960697174072266e+01 2.900000000000000000e+01 0.000000000000000000e+00
1.556699999999999662e+01 3.011960697174072266e+01 3.000000000000000000e+01 0.000000000000000000e+00
1.599799999999999756e+01 3.011960697174072266e+01 3.100000000000000000e+01 0.000000000000000000e+00
1.623299999999999699e+01 3.011960697174072266e+01 3.200000000000000000e+01 1.000000000000000000e+00
1.628099999999999881e+01 3.011960697174072266e+01 3.300000000000000000e+01 0.000000000000000000e+00
1.676099999999999568e+01 3.011960697174072266e+01 3.400000000000000000e+01 0.000000000000000000e+00
1.727699999999999392e+01 3.011960697174072266e+01 3.500000000000000000e+01 1.000000000000000000e+00
1.735199999999999321e+01 3.011960697174072266e+01 3.600000000000000000e+01 0.000000000000000000e+00
1.774599999999999511e+01 3.011960697174072266e+01 3.700000000000000000e+01 0.000000000000000000e+00
1.806499999999999417e+01 3.011960697174072266e+01 3.800000000000000000e+01 0.000000000000000000e+00
1.822599999999999554e+01 3.011960697174072266e+01 3.900000000000000000e+01 0.000000000000000000e+00
1.870799999999999130e+01 3.011960697174072266e+01 4.000000000000000000e+01 0.000000000000000000e+00
1.861099999999999355e+01 3.011960697174072266e+01 4.100000000000000000e+01 0.000000000000000000e+00
1.921099999999998786e+01 3.011960697174072266e+01 4.200000000000000000e+01 0.000000000000000000e+00
1.972699999999998255e+01 3.011960697174072266e+01 4.300000000000000000e+01 2.000000000000000000e+00
1.973599999999998289e+01 3.011960697174072266e+01 4.400000000000000000e+01 1.000000000000000000e+00
2.015799999999998349e+01 3.011960697174072266e+01 4.500000000000000000e+01 0.000000000000000000e+00
2.054299999999998150e+01 3.011960697174072266e+01 4.600000000000000000e+01 0.000000000000000000e+00
2.073299999999998278e+01 3.011960697174072266e+01 4.700000000000000000e+01 0.000000000000000000e+00
2.130399999999998784e+01 3.011960697174072266e+01 4.800000000000000000e+01 0.000000000000000000e+00
2.169199999999999307e+01 3.011960697174072266e+01 4.900000000000000000e+01 2.000000000000000000e+00
2.142299999999999116e+01 3.011960697174072266e+01 5.000000000000000000e+01 3.000000000000000000e+00
2.270699999999998653e+01 3.011960697174072266e+01 5.100000000000000000e+01 0.000000000000000000e+00
2.316799999999997794e+01 3.011960697174072266e+01 5.200000000000000000e+01 0.000000000000000000e+00
2.312399999999998101e+01 3.011960697174072266e+01 5.300000000000000000e+01 0.000000000000000000e+00
2.363199999999997658e+01 3.011960697174072266e+01 5.400000000000000000e+01 0.000000000000000000e+00
2.390299999999997738e+01 3.011960697174072266e+01 5.500000000000000000e+01 0.000000000000000000e+00
2.438599999999995660e+01 3.011960697174072266e+01 5.600000000000000000e+01 0.000000000000000000e+00
2.440299999999995251e+01 3.011960697174072266e+01 5.700000000000000000e+01 0.000000000000000000e+00
2.489999999999992397e+01 3.011960697174072266e+01 5.800000000000000000e+01 3.000000000000000000e+00
2.497699999999992215e+01 3.011960697174072266e+01 5.900000000000000000e+01 3.000000000000000000e+00
2.519999999999989626e+01 3.011960697174072266e+01 6.000000000000000000e+01 0.000000000000000000e+00
2.550999999999989143e+01 3.011960697174072266e+01 6.100000000000000000e+01 0.000000000000000000e+00
2.602499999999988489e+01 3.011960697174072266e+01 6.200000000000000000e+01 0.000000000000000000e+00
2.623499999999988930e+01 3.011960697174072266e+01 6.300000000000000000e+01 0.000000000000000000e+00
2.694299999999990547e+01 3.011960697174072266e+01 6.400000000000000000e+01 0.000000000000000000e+00
2.713899999999991763e+01 3.011960697174072266e+01 6.500000000000000000e+01 0.000000000000000000e+00
2.766699999999992698e+01 3.011960697174072266e+01 6.600000000000000000e+01 0.000000000000000000e+00
2.798199999999993892e+01 3.011960697174072266e+01 6.700000000000000000e+01 0.000000000000000000e+00
2.835999999999995680e+01 3.011960697174072266e+01 6.800000000000000000e+01 0.000000000000000000e+00
2.838999999999996859e+01 3.011960697174072266e+01 6.900000000000000000e+01 0.000000000000000000e+00
2.915799999999998349e+01 3.011960697174072266e+01 7.000000000000000000e+01 0.000000000000000000e+00
2.964500000000000313e+01 3.011960697174072266e+01 7.100000000000000000e+01 0.000000000000000000e+00
3.008300000000001972e+01 3.011960697174072266e+01 7.200000000000000000e+01 0.000000000000000000e+00
0.000000000000000000e+00 3.011960697174072266e+01 0.000000000000000000e+00 0.000000000000000000e+00
0.000000000000000000e+00 3.011960697174072266e+01 0.000000000000000000e+00 0.000000000000000000e+00
5.829999999999999183e+00 3.006178283691406250e+01 0.000000000000000000e+00 0.000000000000000000e+00
6.255999999999999339e+00 3.006178283691406250e+01 1.000000000000000000e+00 0.000000000000000000e+00
6.255999999999999339e+00 3.006178283691406250e+01 2.000000000000000000e+00 0.000000000000000000e+00
6.648999999999999133e+00 3.006178283691406250e+01 3.000000000000000000e+00 0.000000000000000000e+00
7.236999999999999211e+00 3.006178283691406250e+01 4.000000000000000000e+00 0.000000000000000000e+00
7.423999999999999488e+00 3.006178283691406250e+01 5.000000000000000000e+00 0.000000000000000000e+00
7.823999999999998956e+00 3.006178283691406250e+01 6.000000000000000000e+00 0.000000000000000000e+00
8.806999999999998607e+00 3.006178283691406250e+01 7.000000000000000000e+00 0.000000000000000000e+00
9.174999999999997158e+00 3.006178283691406250e+01 8.000000000000000000e+00 0.000000000000000000e+00
9.577999999999997627e+00 3.006178283691406250e+01 9.000000000000000000e+00 0.000000000000000000e+00
9.878999999999997783e+00 3.006178283691406250e+01 1.000000000000000000e+01 1.000000000000000000e+00
1.008199999999999719e+01 3.006178283691406250e+01 1.100000000000000000e+01 0.000000000000000000e+00
1.070599999999999774e+01 3.006178283691406250e+01 1.200000000000000000e+01 2.000000000000000000e+00
1.071299999999999741e+01 3.006178283691406250e+01 1.300000000000000000e+01 0.000000000000000000e+00
1.100699999999999790e+01 3.006178283691406250e+01 1.400000000000000000e+01 0.000000000000000000e+00
1.156299999999999706e+01 3.006178283691406250e+01 1.500000000000000000e+01 1.000000000000000000e+00
1.198099999999999632e+01 3.006178283691406250e+01 1.600000000000000000e+01 0.000000000000000000e+00
1.211299999999999599e+01 3.006178283691406250e+01 1.700000000000000000e+01 0.000000000000000000e+00
1.262299999999999578e+01 3.006178283691406250e+01 1.800000000000000000e+01 0.000000000000000000e+00
1.274599999999999511e+01 3.006178283691406250e+01 1.900000000000000000e+01 0.000000000000000000e+00
1.301599999999999469e+01 3.006178283691406250e+01 2.000000000000000000e+01 0.000000000000000000e+00
1.306399999999999650e+01 3.006178283691406250e+01 2.100000000000000000e+01 0.000000000000000000e+00
1.391099999999999604e+01 3.006178283691406250e+01 2.200000000000000000e+01 1.000000000000000000e+00
1.389199999999999768e+01 3.006178283691406250e+01 2.300000000000000000e+01 0.000000000000000000e+00
1.378799999999999670e+01 3.006178283691406250e+01 2.400000000000000000e+01 0.000000000000000000e+00
1.455099999999999483e+01 3.006178283691406250e+01 2.500000000000000000e+01 1.000000000000000000e+00
1.459899999999999665e+01 3.006178283691406250e+01 2.600000000000000000e+01 0.000000000000000000e+00
1.494699999999999562e+01 3.006178283691406250e+01 2.700000000000000000e+01 0.000000000000000000e+00
1.540499999999999403e+01 3.006178283691406250e+01 2.800000000000000000e+01 0.000000000000000000e+00
1.568199999999999328e+01 3.006178283691406250e+01 2.900000000000000000e+01 0.000000000000000000e+00
1.602199999999999136e+01 3.006178283691406250e+01 3.000000000000000000e+01 0.000000000000000000e+00
1.628099999999998815e+01 3.006178283691406250e+01 3.100000000000000000e+01 0.000000000000000000e+00
1.676099999999998502e+01 3.006178283691406250e+01 3.200000000000000000e+01 0.000000000000000000e+00
1.691899999999998627e+01 3.006178283691406250e+01 3.300000000000000000e+01 0.000000000000000000e+00
1.750799999999999201e+01 3.006178283691406250e+01 3.400000000000000000e+01 0.000000000000000000e+00
1.736200000000000188e+01 3.006178283691406250e+01 3.500000000000000000e+01 0.000000000000000000e+00
1.805899999999999750e+01 3.006178283691406250e+01 3.600000000000000000e+01 0.000000000000000000e+00
1.825099999999999412e+01 3.006178283691406250e+01 3.700000000000000000e+01 0.000000000000000000e+00
1.843999999999999417e+01 3.006178283691406250e+01 3.800000000000000000e+01 0.000000000000000000e+00
1.866000000000000014e+01 3.006178283691406250e+01 3.900000000000000000e+01 0.000000000000000000e+00
1.904499999999999815e+01 3.006178283691406250e+01 4.000000000000000000e+01 0.000000000000000000e+00
1.905600000000000449e+01 3.006178283691406250e+01 4.100000000000000000e+01 0.000000000000000000e+00
1.972599999999999909e+01 3.006178283691406250e+01 4.200000000000000000e+01 0.000000000000000000e+00
2.002699999999999747e+01 3.006178283691406250e+01 4.300000000000000000e+01 0.000000000000000000e+00
2.007400000000000162e+01 3.006178283691406250e+01 4.400000000000000000e+01 0.000000000000000000e+00
2.039699999999999847e+01 3.006178283691406250e+01 4.500000000000000000e+01 0.000000000000000000e+00
2.064100000000000179e+01 3.006178283691406250e+01 4.600000000000000000e+01 0.000000000000000000e+00
2.102599999999999980e+01 3.006178283691406250e+01 4.700000000000000000e+01 0.000000000000000000e+00
2.142299999999999827e+01 3.006178283691406250e+01 4.800000000000000000e+01 0.000000000000000000e+00
2.159699999999999420e+01 3.006178283691406250e+01 4.900000000000000000e+01 0.000000000000000000e+00
2.212700000000000600e+01 3.006178283691406250e+01 5.000000000000000000e+01 1.000000000000000000e+00
2.232300000000000395e+01 3.006178283691406250e+01 5.100000000000000000e+01 1.000000000000000000e+00
2.273100000000000165e+01 3.006178283691406250e+01 5.200000000000000000e+01 0.000000000000000000e+00
2.293499999999999872e+01 3.006178283691406250e+01 5.300000000000000000e+01 0.000000000000000000e+00
2.277399999999999736e+01 3.006178283691406250e+01 5.400000000000000000e+01 0.000000000000000000e+00
2.333599999999999142e+01 3.006178283691406250e+01 5.500000000000000000e+01 0.000000000000000000e+00
2.355799999999998562e+01 3.006178283691406250e+01 5.600000000000000000e+01 0.000000000000000000e+00
2.434499999999997755e+01 3.006178283691406250e+01 5.700000000000000000e+01 1.000000000000000000e+00
2.440899999999997760e+01 3.006178283691406250e+01 5.800000000000000000e+01 0.000000000000000000e+00
2.519599999999997664e+01 3.006178283691406250e+01 5.900000000000000000e+01 0.000000000000000000e+00
2.560199999999995057e+01 3.006178283691406250e+01 6.000000000000000000e+01 0.000000000000000000e+00
2.598999999999994159e+01 3.006178283691406250e+01 6.100000000000000000e+01 2.000000000000000000e+00
2.599199999999994404e+01 3.006178283691406250e+01 6.200000000000000000e+01 2.000000000000000000e+00
2.630599999999996186e+01 3.006178283691406250e+01 6.300000000000000000e+01 0.000000000000000000e+00
2.695599999999997110e+01 3.006178283691406250e+01 6.400000000000000000e+01 0.000000000000000000e+00
2.704099999999997905e+01 3.006178283691406250e+01 6.500000000000000000e+01 0.000000000000000000e+00
2.764999999999999147e+01 3.006178283691406250e+01 6.600000000000000000e+01 0.000000000000000000e+00
2.783400000000000318e+01 3.006178283691406250e+01 6.700000000000000000e+01 0.000000000000000000e+00
2.811900000000001043e+01 3.006178283691406250e+01 6.800000000000000000e+01 0.000000000000000000e+00
2.837900000000002265e+01 3.006178283691406250e+01 6.900000000000000000e+01 0.000000000000000000e+00
2.876300000000004076e+01 3.006178283691406250e+01 7.000000000000000000e+01 0.000000000000000000e+00
2.906000000000004491e+01 3.006178283691406250e+01 7.100000000000000000e+01 0.000000000000000000e+00
2.987600000000008293e+01 3.006178283691406250e+01 7.200000000000000000e+01 0.000000000000000000e+00
3.001900000000008006e+01 3.006178283691406250e+01 0.000000000000000000e+00 0.000000000000000000e+00
0.000000000000000000e+00 3.006178283691406250e+01 0.000000000000000000e+00 0.000000000000000000e+00
3.068000000000000060e+00 3.103288698196411133e+01 0.000000000000000000e+00 0.000000000000000000e+00
6.356000000000000760e+00 3.103288698196411133e+01 1.000000000000000000e+00 0.000000000000000000e+00
6.972000000000001307e+00 3.103288698196411133e+01 2.000000000000000000e+00 0.000000000000000000e+00
7.364000000000001656e+00 3.103288698196411133e+01 3.000000000000000000e+00 0.000000000000000000e+00
8.512000000000002231e+00 3.103288698196411133e+01 4.000000000000000000e+00 0.000000000000000000e+00
9.060000000000002274e+00 3.103288698196411133e+01 5.000000000000000000e+00 0.000000000000000000e+00
9.237000000000001876e+00 3.103288698196411133e+01 6.000000000000000000e+00 0.000000000000000000e+00
9.592000000000002302e+00 3.103288698196411133e+01 7.000000000000000000e+00 0.000000000000000000e+00
9.400000000000002132e+00 3.103288698196411133e+01 8.000000000000000000e+00 1.000000000000000000e+00
9.929000000000002046e+00 3.103288698196411133e+01 9.000000000000000000e+00 0.000000000000000000e+00
1.056400000000000183e+01 3.103288698196411133e+01 1.000000000000000000e+01 1.000000000000000000e+00
1.072600000000000264e+01 3.103288698196411133e+01 1.100000000000000000e+01 0.000000000000000000e+00
1.133700000000000330e+01 3.103288698196411133e+01 1.200000000000000000e+01 0.000000000000000000e+00
1.148700000000000365e+01 3.103288698196411133e+01 1.300000000000000000e+01 0.000000000000000000e+00
1.205400000000000382e+01 3.103288698196411133e+01 1.400000000000000000e+01 0.000000000000000000e+00
1.229600000000000470e+01 3.103288698196411133e+01 1.500000000000000000e+01 0.000000000000000000e+00
1.263300000000000622e+01 3.103288698196411133e+01 1.600000000000000000e+01 0.000000000000000000e+00
1.289800000000000502e+01 3.103288698196411133e+01 1.700000000000000000e+01 1.000000000000000000e+00
1.267300000000000360e+01 3.103288698196411133e+01 1.800000000000000000e+01 0.000000000000000000e+00
1.341300000000000381e+01 3.103288698196411133e+01 1.900000000000000000e+01 0.000000000000000000e+00
1.353500000000000369e+01 3.103288698196411133e+01 2.000000000000000000e+01 0.000000000000000000e+00
1.388900000000000468e+01 3.103288698196411133e+01 2.100000000000000000e+01 0.000000000000000000e+00
1.411700000000000621e+01 3.103288698196411133e+01 2.200000000000000000e+01 0.000000000000000000e+00
1.434300000000000708e+01 3.103288698196411133e+01 2.300000000000000000e+01 1.000000000000000000e+00
1.455600000000000627e+01 3.103288698196411133e+01 2.400000000000000000e+01 0.000000000000000000e+00
1.476700000000000657e+01 3.103288698196411133e+01 2.500000000000000000e+01 0.000000000000000000e+00
1.515900000000000780e+01 3.103288698196411133e+01 2.600000000000000000e+01 0.000000000000000000e+00
1.505700000000000749e+01 3.103288698196411133e+01 2.700000000000000000e+01 1.000000000000000000e+00
1.562600000000000655e+01 3.103288698196411133e+01 2.800000000000000000e+01 0.000000000000000000e+00
1.580300000000000615e+01 3.103288698196411133e+01 2.900000000000000000e+01 0.000000000000000000e+00
1.601000000000000512e+01 3.103288698196411133e+01 3.000000000000000000e+01 0.000000000000000000e+00
1.648800000000000665e+01 3.103288698196411133e+01 3.100000000000000000e+01 0.000000000000000000e+00
1.638700000000000756e+01 3.103288698196411133e+01 3.200000000000000000e+01 0.000000000000000000e+00
1.699400000000001398e+01 3.103288698196411133e+01 3.300000000000000000e+01 1.000000000000000000e+00
1.710500000000001464e+01 3.103288698196411133e+01 3.400000000000000000e+01 1.000000000000000000e+00
1.768600000000002481e+01 3.103288698196411133e+01 3.500000000000000000e+01 0.000000000000000000e+00
1.799800000000002598e+01 3.103288698196411133e+01 3.600000000000000000e+01 0.000000000000000000e+00
1.834100000000002595e+01 3.103288698196411133e+01 3.700000000000000000e+01 0.000000000000000000e+00
1.859900000000002862e+01 3.103288698196411133e+01 3.800000000000000000e+01 0.000000000000000000e+00
1.897900000000002407e+01 3.103288698196411133e+01 3.900000000000000000e+01 0.000000000000000000e+00
1.961300000000002086e+01 3.103288698196411133e+01 4.000000000000000000e+01 0.000000000000000000e+00
2.003900000000001924e+01 3.103288698196411133e+01 4.100000000000000000e+01 1.000000000000000000e+00
1.992400000000002080e+01 3.103288698196411133e+01 4.200000000000000000e+01 1.000000000000000000e+00
2.065800000000001191e+01 3.103288698196411133e+01 4.300000000000000000e+01 0.000000000000000000e+00
2.097900000000000986e+01 3.103288698196411133e+01 4.400000000000000000e+01 0.000000000000000000e+00
2.117200000000001125e+01 3.103288698196411133e+01 4.500000000000000000e+01 0.000000000000000000e+00
2.156500000000001194e+01 3.103288698196411133e+01 4.600000000000000000e+01 0.000000000000000000e+00
2.180300000000001148e+01 3.103288698196411133e+01 4.700000000000000000e+01 0.000000000000000000e+00
2.202700000000001168e+01 3.103288698196411133e+01 4.800000000000000000e+01 0.000000000000000000e+00
2.218300000000001049e+01 3.103288698196411133e+01 4.900000000000000000e+01 0.000000000000000000e+00
2.218700000000001182e+01 3.103288698196411133e+01 5.000000000000000000e+01 5.000000000000000000e+00
2.264900000000000801e+01 3.103288698196411133e+01 5.100000000000000000e+01 3.000000000000000000e+00
2.278200000000001069e+01 3.103288698196411133e+01 5.200000000000000000e+01 1.000000000000000000e+00
2.317900000000001981e+01 3.103288698196411133e+01 5.300000000000000000e+01 1.000000000000000000e+00
2.357200000000001694e+01 3.103288698196411133e+01 5.400000000000000000e+01 0.000000000000000000e+00
2.411900000000001398e+01 3.103288698196411133e+01 5.500000000000000000e+01 0.000000000000000000e+00
2.427100000000001501e+01 3.103288698196411133e+01 5.600000000000000000e+01 0.000000000000000000e+00
2.448600000000001486e+01 3.103288698196411133e+01 5.700000000000000000e+01 0.000000000000000000e+00
2.490300000000001290e+01 3.103288698196411133e+01 5.800000000000000000e+01 1.000000000000000000e+00
2.545700000000000429e+01 3.103288698196411133e+01 5.900000000000000000e+01 2.000000000000000000e+00
2.545400000000000418e+01 3.103288698196411133e+01 6.000000000000000000e+01 1.000000000000000000e+00
2.620999999999999019e+01 3.103288698196411133e+01 6.100000000000000000e+01 0.000000000000000000e+00
2.601399999999998514e+01 3.103288698196411133e+01 6.200000000000000000e+01 0.000000000000000000e+00
2.709600000000000719e+01 3.103288698196411133e+01 6.300000000000000000e+01 2.000000000000000000e+00
2.716300000000000736e+01 3.103288698196411133e+01 6.400000000000000000e+01 2.000000000000000000e+00
2.812100000000004130e+01 3.103288698196411133e+01 6.500000000000000000e+01 0.000000000000000000e+00
2.859300000000006392e+01 3.103288698196411133e+01 6.600000000000000000e+01 0.000000000000000000e+00
2.896100000000007313e+01 3.103288698196411133e+01 6.700000000000000000e+01 0.000000000000000000e+00
2.921000000000008257e+01 3.103288698196411133e+01 6.800000000000000000e+01 0.000000000000000000e+00
2.956900000000010209e+01 3.103288698196411133e+01 6.900000000000000000e+01 0.000000000000000000e+00
2.983100000000010610e+01 3.103288698196411133e+01 7.000000000000000000e+01 0.000000000000000000e+00
3.024500000000012179e+01 3.103288698196411133e+01 7.100000000000000000e+01 0.000000000000000000e+00
3.100700000000015422e+01 3.103288698196411133e+01 7.200000000000000000e+01 0.000000000000000000e+00
3.103300000000015402e+01 3.103288698196411133e+01 0.000000000000000000e+00 0.000000000000000000e+00
0.000000000000000000e+00 3.103288698196411133e+01 0.000000000000000000e+00 0.000000000000000000e+00
3.478000000000000203e+00 3.085266947746276855e+01 0.000000000000000000e+00 0.000000000000000000e+00
5.349000000000001087e+00 3.085266947746276855e+01 1.000000000000000000e+00 0.000000000000000000e+00
5.751000000000001222e+00 3.085266947746276855e+01 2.000000000000000000e+00 0.000000000000000000e+00
6.145000000000001350e+00 3.085266947746276855e+01 3.000000000000000000e+00 0.000000000000000000e+00
6.340000000000001634e+00 3.085266947746276855e+01 4.000000000000000000e+00 0.000000000000000000e+00
6.723000000000001641e+00 3.085266947746276855e+01 5.000000000000000000e+00 0.000000000000000000e+00
7.795000000000002593e+00 3.085266947746276855e+01 6.000000000000000000e+00 1.000000000000000000e+00
7.795000000000002593e+00 3.085266947746276855e+01 7.000000000000000000e+00 0.000000000000000000e+00
8.324000000000003396e+00 3.085266947746276855e+01 8.000000000000000000e+00 0.000000000000000000e+00
8.493000000000003880e+00 3.085266947746276855e+01 9.000000000000000000e+00 0.000000000000000000e+00
9.155000000000002913e+00 3.085266947746276855e+01 1.000000000000000000e+01 0.000000000000000000e+00
9.917000000000001592e+00 3.085266947746276855e+01 1.100000000000000000e+01 0.000000000000000000e+00
1.007700000000000173e+01 3.085266947746276855e+01 1.200000000000000000e+01 0.000000000000000000e+00
1.022900000000000098e+01 3.085266947746276855e+01 1.300000000000000000e+01 0.000000000000000000e+00
1.018100000000000094e+01 3.085266947746276855e+01 1.400000000000000000e+01 0.000000000000000000e+00
1.093900000000000183e+01 3.085266947746276855e+01 1.500000000000000000e+01 0.000000000000000000e+00
1.093900000000000183e+01 3.085266947746276855e+01 1.600000000000000000e+01 0.000000000000000000e+00
1.148200000000000287e+01 3.085266947746276855e+01 1.700000000000000000e+01 0.000000000000000000e+00
1.157400000000000517e+01 3.085266947746276855e+01 1.800000000000000000e+01 0.000000000000000000e+00
1.238700000000000401e+01 3.085266947746276855e+01 1.900000000000000000e+01 0.000000000000000000e+00
1.299500000000000455e+01 3.085266947746276855e+01 2.000000000000000000e+01 0.000000000000000000e+00
1.311900000000000510e+01 3.085266947746276855e+01 2.100000000000000000e+01 0.000000000000000000e+00
1.358100000000000485e+01 3.085266947746276855e+01 2.200000000000000000e+01 0.000000000000000000e+00
1.337600000000000477e+01 3.085266947746276855e+01 2.300000000000000000e+01 0.000000000000000000e+00
1.396400000000000396e+01 3.085266947746276855e+01 2.400000000000000000e+01 1.000000000000000000e+00
1.411600000000000499e+01 3.085266947746276855e+01 2.500000000000000000e+01 0.000000000000000000e+00
1.414500000000000490e+01 3.085266947746276855e+01 2.600000000000000000e+01 0.000000000000000000e+00
1.472200000000000308e+01 3.085266947746276855e+01 2.700000000000000000e+01 0.000000000000000000e+00
1.472200000000000308e+01 3.085266947746276855e+01 2.800000000000000000e+01 0.000000000000000000e+00
1.506500000000000306e+01 3.085266947746276855e+01 2.900000000000000000e+01 0.000000000000000000e+00
1.533900000000000219e+01 3.085266947746276855e+01 3.000000000000000000e+01 0.000000000000000000e+00
1.544000000000000306e+01 3.085266947746276855e+01 3.100000000000000000e+01 0.000000000000000000e+00
1.599300000000000210e+01 3.085266947746276855e+01 3.200000000000000000e+01 1.000000000000000000e+00
1.609700000000000131e+01 3.085266947746276855e+01 3.300000000000000000e+01 0.000000000000000000e+00
1.636200000000000188e+01 3.085266947746276855e+01 3.400000000000000000e+01 0.000000000000000000e+00
1.672400000000000375e+01 3.085266947746276855e+01 3.500000000000000000e+01 1.000000000000000000e+00
1.703200000000000358e+01 3.085266947746276855e+01 3.600000000000000000e+01 0.000000000000000000e+00
1.741600000000000747e+01 3.085266947746276855e+01 3.700000000000000000e+01 0.000000000000000000e+00
1.785800000000000409e+01 3.085266947746276855e+01 3.800000000000000000e+01 0.000000000000000000e+00
1.779200000000000514e+01 3.085266947746276855e+01 3.900000000000000000e+01 0.000000000000000000e+00
1.844000000000000483e+01 3.085266947746276855e+01 4.000000000000000000e+01 0.000000000000000000e+00
1.928499999999999659e+01 3.085266947746276855e+01 4.100000000000000000e+01 1.000000000000000000e+00
1.935499999999999687e+01 3.085266947746276855e+01 4.200000000000000000e+01 1.000000000000000000e+00
1.985099999999999554e+01 3.085266947746276855e+01 4.300000000000000000e+01 1.000000000000000000e+00
1.979199999999999449e+01 3.085266947746276855e+01 4.400000000000000000e+01 1.000000000000000000e+00
2.032599999999999696e+01 3.085266947746276855e+01 4.500000000000000000e+01 0.000000000000000000e+00
2.109000000000000341e+01 3.085266947746276855e+01 4.600000000000000000e+01 0.000000000000000000e+00
2.125300000000000367e+01 3.085266947746276855e+01 4.700000000000000000e+01 0.000000000000000000e+00
2.125800000000000267e+01 3.085266947746276855e+01 4.800000000000000000e+01 0.000000000000000000e+00
2.183100000000000307e+01 3.085266947746276855e+01 4.900000000000000000e+01 0.000000000000000000e+00
2.202600000000001046e+01 3.085266947746276855e+01 5.000000000000000000e+01 1.000000000000000000e+00
2.242700000000001026e+01 3.085266947746276855e+01 5.100000000000000000e+01 1.000000000000000000e+00
2.290700000000001424e+01 3.085266947746276855e+01 5.200000000000000000e+01 0.000000000000000000e+00
2.308200000000001850e+01 3.085266947746276855e+01 5.300000000000000000e+01 0.000000000000000000e+00
2.354200000000001580e+01 3.085266947746276855e+01 5.400000000000000000e+01 0.000000000000000000e+00
2.363300000000000978e+01 3.085266947746276855e+01 5.500000000000000000e+01 0.000000000000000000e+00
2.468099999999997962e+01 3.085266947746276855e+01 5.600000000000000000e+01 0.000000000000000000e+00
2.512399999999997746e+01 3.085266947746276855e+01 5.700000000000000000e+01 0.000000000000000000e+00
2.563999999999995794e+01 3.085266947746276855e+01 5.800000000000000000e+01 0.000000000000000000e+00
2.615999999999995396e+01 3.085266947746276855e+01 5.900000000000000000e+01 0.000000000000000000e+00
2.640699999999995029e+01 3.085266947746276855e+01 6.000000000000000000e+01 0.000000000000000000e+00
2.683499999999994401e+01 3.085266947746276855e+01 6.100000000000000000e+01 0.000000000000000000e+00
2.708699999999993935e+01 3.085266947746276855e+01 6.200000000000000000e+01 0.000000000000000000e+00
2.757099999999995177e+01 3.085266947746276855e+01 6.300000000000000000e+01 0.000000000000000000e+00
2.829199999999997317e+01 3.085266947746276855e+01 6.400000000000000000e+01 0.000000000000000000e+00
2.841999999999998394e+01 3.085266947746276855e+01 6.500000000000000000e+01 0.000000000000000000e+00
2.858899999999998798e+01 3.085266947746276855e+01 6.600000000000000000e+01 0.000000000000000000e+00
2.921900000000000830e+01 3.085266947746276855e+01 6.700000000000000000e+01 4.000000000000000000e+00
2.919400000000000972e+01 3.085266947746276855e+01 6.800000000000000000e+01 4.000000000000000000e+00
2.985100000000003106e+01 3.085266947746276855e+01 6.900000000000000000e+01 2.000000000000000000e+00
2.965000000000003055e+01 3.085266947746276855e+01 7.000000000000000000e+01 1.000000000000000000e+00
3.047600000000005593e+01 3.085266947746276855e+01 7.100000000000000000e+01 0.000000000000000000e+00
3.082000000000007134e+01 3.085266947746276855e+01 7.200000000000000000e+01 0.000000000000000000e+00
3.062500000000007105e+01 3.085266947746276855e+01 0.000000000000000000e+00 0.000000000000000000e+00
0.000000000000000000e+00 3.085266947746276855e+01 0.000000000000000000e+00 0.000000000000000000e+00
