1.403999999999999915e+00 1.495807719230651855e+01 0.000000000000000000e+00 0.000000000000000000e+00
2.179999999999999716e+00 1.495807719230651855e+01 1.000000000000000000e+00 0.000000000000000000e+00
2.988999999999999435e+00 1.495807719230651855e+01 2.000000000000000000e+00 0.000000000000000000e+00
3.175999999999999268e+00 1.495807719230651855e+01 3.000000000000000000e+00 0.000000000000000000e+00
3.534999999999999254e+00 1.495807719230651855e+01 4.000000000000000000e+00 0.000000000000000000e+00
3.534999999999999254e+00 1.495807719230651855e+01 5.000000000000000000e+00 0.000000000000000000e+00
4.050999999999999268e+00 1.495807719230651855e+01 6.000000000000000000e+00 0.000000000000000000e+00
4.050999999999999268e+00 1.495807719230651855e+01 7.000000000000000000e+00 0.000000000000000000e+00
4.538999999999998813e+00 1.495807719230651855e+01 8.000000000000000000e+00 0.000000000000000000e+00
4.543999999999998707e+00 1.495807719230651855e+01 9.000000000000000000e+00 0.000000000000000000e+00
4.866999999999999105e+00 1.495807719230651855e+01 1.000000000000000000e+01 0.000000000000000000e+00
5.020999999999999019e+00 1.495807719230651855e+01 1.100000000000000000e+01 0.000000000000000000e+00
5.330999999999999517e+00 1.495807719230651855e+01 1.200000000000000000e+01 0.000000000000000000e+00
5.330999999999999517e+00 1.495807719230651855e+01 1.300000000000000000e+01 0.000000000000000000e+00
5.621999999999998998e+00 1.495807719230651855e+01 1.400000000000000000e+01 0.000000000000000000e+00
5.621999999999998998e+00 1.495807719230651855e+01 1.500000000000000000e+01 0.000000000000000000e+00
5.764999999999998792e+00 1.495807719230651855e+01 1.600000000000000000e+01 0.000000000000000000e+00
5.896999999999998465e+00 1.495807719230651855e+01 1.700000000000000000e+01 0.000000000000000000e+00
6.150999999999998025e+00 1.495807719230651855e+01 1.800000000000000000e+01 0.000000000000000000e+00
5.974999999999997868e+00 1.495807719230651855e+01 1.900000000000000000e+01 0.000000000000000000e+00
6.510999999999997456e+00 1.495807719230651855e+01 2.000000000000000000e+01 0.000000000000000000e+00
6.446999999999998288e+00 1.495807719230651855e+01 2.100000000000000000e+01 0.000000000000000000e+00
0.000000000000000000e+00 1.495807719230651855e+01 2.200000000000000000e+01 0.000000000000000000e+00
6.498999999999998778e+00 1.495807719230651855e+01 2.300000000000000000e+01 0.000000000000000000e+00
6.975999999999997314e+00 1.495807719230651855e+01 2.400000000000000000e+01 0.000000000000000000e+00
6.911999999999998145e+00 1.495807719230651855e+01 2.500000000000000000e+01 0.000000000000000000e+00
7.104999999999997762e+00 1.495807719230651855e+01 2.600000000000000000e+01 0.000000000000000000e+00
7.318999999999997286e+00 1.495807719230651855e+01 2.700000000000000000e+01 0.000000000000000000e+00
7.418999999999996930e+00 1.495807719230651855e+01 2.800000000000000000e+01 0.000000000000000000e+00
7.227999999999997982e+00 1.495807719230651855e+01 2.900000000000000000e+01 0.000000000000000000e+00
7.600999999999996426e+00 1.495807719230651855e+01 3.000000000000000000e+01 0.000000000000000000e+00
7.764999999999997016e+00 1.495807719230651855e+01 3.100000000000000000e+01 1.000000000000000000e+00
7.929999999999997051e+00 1.495807719230651855e+01 3.200000000000000000e+01 0.000000000000000000e+00
8.051999999999997826e+00 1.495807719230651855e+01 3.300000000000000000e+01 0.000000000000000000e+00
8.172999999999998266e+00 1.495807719230651855e+01 3.400000000000000000e+01 0.000000000000000000e+00
8.386999999999996902e+00 1.495807719230651855e+01 3.500000000000000000e+01 0.000000000000000000e+00
8.452999999999997627e+00 1.495807719230651855e+01 3.600000000000000000e+01 0.000000000000000000e+00
8.452999999999997627e+00 1.495807719230651855e+01 3.700000000000000000e+01 0.000000000000000000e+00
8.516999999999997684e+00 1.495807719230651855e+01 3.800000000000000000e+01 0.000000000000000000e+00
8.520999999999997243e+00 1.495807719230651855e+01 3.900000000000000000e+01 0.000000000000000000e+00
8.882999999999997343e+00 1.495807719230651855e+01 4.000000000000000000e+01 0.000000000000000000e+00
8.991999999999997328e+00 1.495807719230651855e+01 4.100000000000000000e+01 0.000000000000000000e+00
8.857000000000001094e+00 1.495807719230651855e+01 4.200000000000000000e+01 0.000000000000000000e+00
9.241999999999999105e+00 1.495807719230651855e+01 4.300000000000000000e+01 0.000000000000000000e+00
9.387999999999998124e+00 1.495807719230651855e+01 4.400000000000000000e+01 0.000000000000000000e+00
9.391999999999997684e+00 1.495807719230651855e+01 4.500000000000000000e+01 0.000000000000000000e+00
9.649999999999996803e+00 1.495807719230651855e+01 4.600000000000000000e+01 0.000000000000000000e+00
9.636999999999995126e+00 1.495807719230651855e+01 4.700000000000000000e+01 0.000000000000000000e+00
9.817999999999996064e+00 1.495807719230651855e+01 4.800000000000000000e+01 0.000000000000000000e+00
1.000799999999999734e+01 1.495807719230651855e+01 4.900000000000000000e+01 0.000000000000000000e+00
9.940999999999997172e+00 1.495807719230651855e+01 5.000000000000000000e+01 0.000000000000000000e+00
1.014899999999999558e+01 1.495807719230651855e+01 5.100000000000000000e+01 0.000000000000000000e+00
1.031699999999999484e+01 1.495807719230651855e+01 5.200000000000000000e+01 0.000000000000000000e+00
1.039799999999999613e+01 1.495807719230651855e+01 5.300000000000000000e+01 0.000000000000000000e+00
1.088799999999999457e+01 1.495807719230651855e+01 5.400000000000000000e+01 0.000000000000000000e+00
0.000000000000000000e+00 1.495807719230651855e+01 5.500000000000000000e+01 0.000000000000000000e+00
1.088399999999999324e+01 1.495807719230651855e+01 5.600000000000000000e+01 0.000000000000000000e+00
1.106899999999999551e+01 1.495807719230651855e+01 5.700000000000000000e+01 0.000000000000000000e+00
1.155100000000000371e+01 1.495807719230651855e+01 5.800000000000000000e+01 0.000000000000000000e+00
1.158700000000000507e+01 1.495807719230651855e+01 5.900000000000000000e+01 0.000000000000000000e+00
1.169800000000000573e+01 1.495807719230651855e+01 6.000000000000000000e+01 0.000000000000000000e+00
1.207899999999999707e+01 1.495807719230651855e+01 6.100000000000000000e+01 0.000000000000000000e+00
1.212499999999999645e+01 1.495807719230651855e+01 6.200000000000000000e+01 0.000000000000000000e+00
1.253000000000001357e+01 1.495807719230651855e+01 6.300000000000000000e+01 0.000000000000000000e+00
0.000000000000000000e+00 1.495807719230651855e+01 6.400000000000000000e+01 0.000000000000000000e+00
1.285200000000002341e+01 1.495807719230651855e+01 6.500000000000000000e+01 0.000000000000000000e+00
1.324200000000003286e+01 1.495807719230651855e+01 6.600000000000000000e+01 0.000000000000000000e+00
1.355400000000004646e+01 1.495807719230651855e+01 6.700000000000000000e+01 0.000000000000000000e+00
1.368500000000005379e+01 1.495807719230651855e+01 6.800000000000000000e+01 0.000000000000000000e+00
1.392000000000006210e+01 1.495807719230651855e+01 6.900000000000000000e+01 0.000000000000000000e+00
1.441500000000007731e+01 1.495807719230651855e+01 7.000000000000000000e+01 0.000000000000000000e+00
1.491500000000009685e+01 1.495807719230651855e+01 7.100000000000000000e+01 0.000000000000000000e+00
0.000000000000000000e+00 1.495807719230651855e+01 0.000000000000000000e+00 0.000000000000000000e+00
1.495807719230651855e+01 1.495807719230651855e+01 0.000000000000000000e+00 0.000000000000000000e+00
1.495807719230651855e+01 1.495807719230651855e+01 0.000000000000000000e+00 0.000000000000000000e+00
2.120000000000000107e+00 1.528745293617248535e+01 0.000000000000000000e+00 0.000000000000000000e+00
2.695999999999999730e+00 1.528745293617248535e+01 1.000000000000000000e+00 0.000000000000000000e+00
3.080999999999999517e+00 1.528745293617248535e+01 2.000000000000000000e+00 0.000000000000000000e+00
3.632999999999999563e+00 1.528745293617248535e+01 3.000000000000000000e+00 0.000000000000000000e+00
3.814999999999999503e+00 1.528745293617248535e+01 4.000000000000000000e+00 1.000000000000000000e+00
3.992999999999999439e+00 1.528745293617248535e+01 5.000000000000000000e+00 0.000000000000000000e+00
4.164999999999999147e+00 1.528745293617248535e+01 6.000000000000000000e+00 0.000000000000000000e+00
4.498999999999998778e+00 1.528745293617248535e+01 7.000000000000000000e+00 0.000000000000000000e+00
4.822999999999998622e+00 1.528745293617248535e+01 8.000000000000000000e+00 0.000000000000000000e+00
0.000000000000000000e+00 1.528745293617248535e+01 9.000000000000000000e+00 0.000000000000000000e+00
4.955999999999998629e+00 1.528745293617248535e+01 1.000000000000000000e+01 0.000000000000000000e+00
5.292999999999998373e+00 1.528745293617248535e+01 1.100000000000000000e+01 0.000000000000000000e+00
5.444999999999998508e+00 1.528745293617248535e+01 1.200000000000000000e+01 0.000000000000000000e+00
5.596999999999998643e+00 1.528745293617248535e+01 1.300000000000000000e+01 0.000000000000000000e+00
5.747999999999998444e+00 1.528745293617248535e+01 1.400000000000000000e+01 0.000000000000000000e+00
6.024999999999998579e+00 1.528745293617248535e+01 1.500000000000000000e+01 0.000000000000000000e+00
6.024999999999998579e+00 1.528745293617248535e+01 1.600000000000000000e+01 0.000000000000000000e+00
6.155999999999998806e+00 1.528745293617248535e+01 1.700000000000000000e+01 0.000000000000000000e+00
6.517999999999998906e+00 1.528745293617248535e+01 1.800000000000000000e+01 0.000000000000000000e+00
6.365999999999997883e+00 1.528745293617248535e+01 1.900000000000000000e+01 0.000000000000000000e+00
6.752999999999999226e+00 1.528745293617248535e+01 2.000000000000000000e+01 0.000000000000000000e+00
7.086999999999998856e+00 1.528745293617248535e+01 2.100000000000000000e+01 0.000000000000000000e+00
7.086999999999998856e+00 1.528745293617248535e+01 2.200000000000000000e+01 0.000000000000000000e+00
7.156999999999998252e+00 1.528745293617248535e+01 2.300000000000000000e+01 0.000000000000000000e+00
7.415999999999999481e+00 1.528745293617248535e+01 2.400000000000000000e+01 0.000000000000000000e+00
7.415999999999999481e+00 1.528745293617248535e+01 2.500000000000000000e+01 0.000000000000000000e+00
7.506999999999999673e+00 1.528745293617248535e+01 2.600000000000000000e+01 0.000000000000000000e+00
7.794999999999999929e+00 1.528745293617248535e+01 2.700000000000000000e+01 0.000000000000000000e+00
7.835999999999999410e+00 1.528745293617248535e+01 2.800000000000000000e+01 0.000000000000000000e+00
8.060000000000000497e+00 1.528745293617248535e+01 2.900000000000000000e+01 0.000000000000000000e+00
8.222000000000001307e+00 1.528745293617248535e+01 3.000000000000000000e+01 0.000000000000000000e+00
8.302000000000001378e+00 1.528745293617248535e+01 3.100000000000000000e+01 0.000000000000000000e+00
8.531000000000000583e+00 1.528745293617248535e+01 3.200000000000000000e+01 0.000000000000000000e+00
8.751999999999998892e+00 1.528745293617248535e+01 3.300000000000000000e+01 0.000000000000000000e+00
8.598999999999994870e+00 1.528745293617248535e+01 3.400000000000000000e+01 0.000000000000000000e+00
8.960999999999998522e+00 1.528745293617248535e+01 3.500000000000000000e+01 0.000000000000000000e+00
9.160999999999999588e+00 1.528745293617248535e+01 3.600000000000000000e+01 0.000000000000000000e+00
9.339999999999998082e+00 1.528745293617248535e+01 3.700000000000000000e+01 0.000000000000000000e+00
9.309999999999996945e+00 1.528745293617248535e+01 3.800000000000000000e+01 0.000000000000000000e+00
9.221999999999997755e+00 1.528745293617248535e+01 3.900000000000000000e+01 0.000000000000000000e+00
9.524999999999998579e+00 1.528745293617248535e+01 4.000000000000000000e+01 0.000000000000000000e+00
9.689999999999999503e+00 1.528745293617248535e+01 4.100000000000000000e+01 0.000000000000000000e+00
1.000500000000000078e+01 1.528745293617248535e+01 4.200000000000000000e+01 0.000000000000000000e+00
1.009700000000000131e+01 1.528745293617248535e+01 4.300000000000000000e+01 0.000000000000000000e+00
1.028499999999999837e+01 1.528745293617248535e+01 4.400000000000000000e+01 0.000000000000000000e+00
1.053999999999999915e+01 1.528745293617248535e+01 4.500000000000000000e+01 0.000000000000000000e+00
1.066099999999999781e+01 1.528745293617248535e+01 4.600000000000000000e+01 0.000000000000000000e+00
1.069799999999999685e+01 1.528745293617248535e+01 4.700000000000000000e+01 0.000000000000000000e+00
1.091399999999999793e+01 1.528745293617248535e+01 4.800000000000000000e+01 0.000000000000000000e+00
1.109799999999999898e+01 1.528745293617248535e+01 4.900000000000000000e+01 0.000000000000000000e+00
1.108299999999999841e+01 1.528745293617248535e+01 5.000000000000000000e+01 0.000000000000000000e+00
1.138700000000000045e+01 1.528745293617248535e+01 5.100000000000000000e+01 0.000000000000000000e+00
1.136099999999999888e+01 1.528745293617248535e+01 5.200000000000000000e+01 0.000000000000000000e+00
1.176800000000000068e+01 1.528745293617248535e+01 5.300000000000000000e+01 0.000000000000000000e+00
1.181000000000000050e+01 1.528745293617248535e+01 5.400000000000000000e+01 0.000000000000000000e+00
1.188299999999999557e+01 1.528745293617248535e+01 5.500000000000000000e+01 0.000000000000000000e+00
0.000000000000000000e+00 1.528745293617248535e+01 5.600000000000000000e+01 0.000000000000000000e+00
1.196599999999999220e+01 1.528745293617248535e+01 5.700000000000000000e+01 0.000000000000000000e+00
1.236599999999999433e+01 1.528745293617248535e+01 5.800000000000000000e+01 0.000000000000000000e+00
0.000000000000000000e+00 1.528745293617248535e+01 5.900000000000000000e+01 0.000000000000000000e+00
1.256399999999999828e+01 1.528745293617248535e+01 6.000000000000000000e+01 0.000000000000000000e+00
1.284499999999999531e+01 1.528745293617248535e+01 6.100000000000000000e+01 0.000000000000000000e+00
1.309500000000000064e+01 1.528745293617248535e+01 6.200000000000000000e+01 0.000000000000000000e+00
1.305100000000000726e+01 1.528745293617248535e+01 6.300000000000000000e+01 0.000000000000000000e+00
1.352200000000001623e+01 1.528745293617248535e+01 6.400000000000000000e+01 0.000000000000000000e+00
1.326400000000002244e+01 1.528745293617248535e+01 6.500000000000000000e+01 0.000000000000000000e+00
1.351700000000002255e+01 1.528745293617248535e+01 6.600000000000000000e+01 0.000000000000000000e+00
1.399400000000003530e+01 1.528745293617248535e+01 6.700000000000000000e+01 0.000000000000000000e+00
1.455100000000005345e+01 1.528745293617248535e+01 6.800000000000000000e+01 0.000000000000000000e+00
0.000000000000000000e+00 1.528745293617248535e+01 6.900000000000000000e+01 0.000000000000000000e+00
1.492600000000006766e+01 1.528745293617248535e+01 7.000000000000000000e+01 0.000000000000000000e+00
1.525100000000008293e+01 1.528745293617248535e+01 7.100000000000000000e+01 0.000000000000000000e+00
0.000000000000000000e+00 1.528745293617248535e+01 0.000000000000000000e+00 0.000000000000000000e+00
1.528745293617248535e+01 1.528745293617248535e+01 0.000000000000000000e+00 0.000000000000000000e+00
1.528745293617248535e+01 1.528745293617248535e+01 0.000000000000000000e+00 0.000000000000000000e+00
1.526000000000000023e+00 1.598511290550231934e+01 0.000000000000000000e+00 0.000000000000000000e+00
2.109999999999999876e+00 1.598511290550231934e+01 1.000000000000000000e+00 0.000000000000000000e+00
2.678000000000000380e+00 1.598511290550231934e+01 2.000000000000000000e+00 0.000000000000000000e+00
2.866000000000000547e+00 1.598511290550231934e+01 3.000000000000000000e+00 0.000000000000000000e+00
3.409000000000000696e+00 1.598511290550231934e+01 4.000000000000000000e+00 0.000000000000000000e+00
3.763000000000000789e+00 1.598511290550231934e+01 5.000000000000000000e+00 0.000000000000000000e+00
3.937000000000000721e+00 1.598511290550231934e+01 6.000000000000000000e+00 0.000000000000000000e+00
4.287000000000000810e+00 1.598511290550231934e+01 7.000000000000000000e+00 0.000000000000000000e+00
4.453000000000001180e+00 1.598511290550231934e+01 8.000000000000000000e+00 0.000000000000000000e+00
4.614000000000000767e+00 1.598511290550231934e+01 9.000000000000000000e+00 0.000000000000000000e+00
4.775000000000000355e+00 1.598511290550231934e+01 1.000000000000000000e+01 0.000000000000000000e+00
5.092000000000000526e+00 1.598511290550231934e+01 1.100000000000000000e+01 0.000000000000000000e+00
5.092000000000000526e+00 1.598511290550231934e+01 1.200000000000000000e+01 0.000000000000000000e+00
5.242000000000000881e+00 1.598511290550231934e+01 1.300000000000000000e+01 0.000000000000000000e+00
5.520000000000001350e+00 1.598511290550231934e+01 1.400000000000000000e+01 0.000000000000000000e+00
5.520000000000001350e+00 1.598511290550231934e+01 1.500000000000000000e+01 0.000000000000000000e+00
5.783000000000001251e+00 1.598511290550231934e+01 1.600000000000000000e+01 0.000000000000000000e+00
0.000000000000000000e+00 1.598511290550231934e+01 1.700000000000000000e+01 0.000000000000000000e+00
6.010000000000001563e+00 1.598511290550231934e+01 1.800000000000000000e+01 0.000000000000000000e+00
6.321000000000001506e+00 1.598511290550231934e+01 1.900000000000000000e+01 0.000000000000000000e+00
6.321000000000001506e+00 1.598511290550231934e+01 2.000000000000000000e+01 0.000000000000000000e+00
6.661000000000001364e+00 1.598511290550231934e+01 2.100000000000000000e+01 0.000000000000000000e+00
6.879000000000001336e+00 1.598511290550231934e+01 2.200000000000000000e+01 0.000000000000000000e+00
7.091000000000001968e+00 1.598511290550231934e+01 2.300000000000000000e+01 0.000000000000000000e+00
7.091000000000001968e+00 1.598511290550231934e+01 2.400000000000000000e+01 0.000000000000000000e+00
7.066000000000002501e+00 1.598511290550231934e+01 2.500000000000000000e+01 0.000000000000000000e+00
7.418000000000001926e+00 1.598511290550231934e+01 2.600000000000000000e+01 0.000000000000000000e+00
0.000000000000000000e+00 1.598511290550231934e+01 2.700000000000000000e+01 0.000000000000000000e+00
7.670000000000003482e+00 1.598511290550231934e+01 2.800000000000000000e+01 0.000000000000000000e+00
7.877000000000002444e+00 1.598511290550231934e+01 2.900000000000000000e+01 0.000000000000000000e+00
8.094000000000002970e+00 1.598511290550231934e+01 3.000000000000000000e+01 0.000000000000000000e+00
8.094000000000002970e+00 1.598511290550231934e+01 3.100000000000000000e+01 0.000000000000000000e+00
8.076000000000000512e+00 1.598511290550231934e+01 3.200000000000000000e+01 0.000000000000000000e+00
8.211000000000002075e+00 1.598511290550231934e+01 3.300000000000000000e+01 0.000000000000000000e+00
8.454000000000002402e+00 1.598511290550231934e+01 3.400000000000000000e+01 0.000000000000000000e+00
8.779000000000003467e+00 1.598511290550231934e+01 3.500000000000000000e+01 0.000000000000000000e+00
8.820000000000002061e+00 1.598511290550231934e+01 3.600000000000000000e+01 0.000000000000000000e+00
8.871000000000002217e+00 1.598511290550231934e+01 3.700000000000000000e+01 0.000000000000000000e+00
9.156000000000002359e+00 1.598511290550231934e+01 3.800000000000000000e+01 0.000000000000000000e+00
9.326000000000000512e+00 1.598511290550231934e+01 3.900000000000000000e+01 0.000000000000000000e+00
9.358000000000000540e+00 1.598511290550231934e+01 4.000000000000000000e+01 0.000000000000000000e+00
9.698000000000000398e+00 1.598511290550231934e+01 4.100000000000000000e+01 0.000000000000000000e+00
9.695000000000000284e+00 1.598511290550231934e+01 4.200000000000000000e+01 0.000000000000000000e+00
9.799000000000001265e+00 1.598511290550231934e+01 4.300000000000000000e+01 0.000000000000000000e+00
9.885000000000001563e+00 1.598511290550231934e+01 4.400000000000000000e+01 0.000000000000000000e+00
9.761999999999996902e+00 1.598511290550231934e+01 4.500000000000000000e+01 0.000000000000000000e+00
1.009099999999999575e+01 1.598511290550231934e+01 4.600000000000000000e+01 0.000000000000000000e+00
1.025199999999999534e+01 1.598511290550231934e+01 4.700000000000000000e+01 0.000000000000000000e+00
0.000000000000000000e+00 1.598511290550231934e+01 4.800000000000000000e+01 0.000000000000000000e+00
1.065099999999999802e+01 1.598511290550231934e+01 4.900000000000000000e+01 0.000000000000000000e+00
1.057399999999999807e+01 1.598511290550231934e+01 5.000000000000000000e+01 0.000000000000000000e+00
1.084899999999999487e+01 1.598511290550231934e+01 5.100000000000000000e+01 0.000000000000000000e+00
1.119499999999999673e+01 1.598511290550231934e+01 5.200000000000000000e+01 0.000000000000000000e+00
1.134999999999999432e+01 1.598511290550231934e+01 5.300000000000000000e+01 0.000000000000000000e+00
1.131699999999999129e+01 1.598511290550231934e+01 5.400000000000000000e+01 0.000000000000000000e+00
1.170799999999999308e+01 1.598511290550231934e+01 5.500000000000000000e+01 0.000000000000000000e+00
1.162099999999999511e+01 1.598511290550231934e+01 5.600000000000000000e+01 0.000000000000000000e+00
1.188499999999999623e+01 1.598511290550231934e+01 5.700000000000000000e+01 0.000000000000000000e+00
1.232300000000000217e+01 1.598511290550231934e+01 5.800000000000000000e+01 0.000000000000000000e+00
1.241900000000000226e+01 1.598511290550231934e+01 5.900000000000000000e+01 0.000000000000000000e+00
1.254900000000000659e+01 1.598511290550231934e+01 6.000000000000000000e+01 0.000000000000000000e+00
1.274900000000000588e+01 1.598511290550231934e+01 6.100000000000000000e+01 0.000000000000000000e+00
1.278200000000001602e+01 1.598511290550231934e+01 6.200000000000000000e+01 0.000000000000000000e+00
1.328000000000002601e+01 1.598511290550231934e+01 6.300000000000000000e+01 0.000000000000000000e+00
1.348800000000003507e+01 1.598511290550231934e+01 6.400000000000000000e+01 0.000000000000000000e+00
0.000000000000000000e+00 1.598511290550231934e+01 6.500000000000000000e+01 0.000000000000000000e+00
1.378700000000004522e+01 1.598511290550231934e+01 6.600000000000000000e+01 0.000000000000000000e+00
1.420400000000006102e+01 1.598511290550231934e+01 6.700000000000000000e+01 0.000000000000000000e+00
1.456500000000007233e+01 1.598511290550231934e+01 6.800000000000000000e+01 0.000000000000000000e+00
1.472300000000008424e+01 1.598511290550231934e+01 6.900000000000000000e+01 0.000000000000000000e+00
1.505700000000009808e+01 1.598511290550231934e+01 7.000000000000000000e+01 0.000000000000000000e+00
1.573900000000012511e+01 1.598511290550231934e+01 7.100000000000000000e+01 0.000000000000000000e+00
0.000000000000000000e+00 1.598511290550231934e+01 0.000000000000000000e+00 0.000000000000000000e+00
1.598511290550231934e+01 1.598511290550231934e+01 0.000000000000000000e+00 0.000000000000000000e+00
1.598511290550231934e+01 1.598511290550231934e+01 0.000000000000000000e+00 0.000000000000000000e+00
9.050000000000000266e-01 1.549990868568420410e+01 0.000000000000000000e+00 0.000000000000000000e+00
3.393999999999999684e+00 1.549990868568420410e+01 1.000000000000000000e+00 0.000000000000000000e+00
3.584999999999999520e+00 1.549990868568420410e+01 2.000000000000000000e+00 0.000000000000000000e+00
3.771999999999999353e+00 1.549990868568420410e+01 3.000000000000000000e+00 0.000000000000000000e+00
3.952999999999999403e+00 1.549990868568420410e+01 4.000000000000000000e+00 0.000000000000000000e+00
4.307999999999998941e+00 1.549990868568420410e+01 5.000000000000000000e+00 0.000000000000000000e+00
4.307999999999998941e+00 1.549990868568420410e+01 6.000000000000000000e+00 1.000000000000000000e+00
4.479999999999998650e+00 1.549990868568420410e+01 7.000000000000000000e+00 0.000000000000000000e+00
4.812999999999998835e+00 1.549990868568420410e+01 8.000000000000000000e+00 0.000000000000000000e+00
4.812999999999998835e+00 1.549990868568420410e+01 9.000000000000000000e+00 1.000000000000000000e+00
4.812999999999998835e+00 1.549990868568420410e+01 1.000000000000000000e+01 1.000000000000000000e+00
4.978999999999999204e+00 1.549990868568420410e+01 1.100000000000000000e+01 0.000000000000000000e+00
4.978999999999999204e+00 1.549990868568420410e+01 1.200000000000000000e+01 0.000000000000000000e+00
5.273999999999999133e+00 1.549990868568420410e+01 1.300000000000000000e+01 0.000000000000000000e+00
5.215999999999999304e+00 1.549990868568420410e+01 1.400000000000000000e+01 0.000000000000000000e+00
5.549999999999998934e+00 1.549990868568420410e+01 1.500000000000000000e+01 0.000000000000000000e+00
5.549999999999998934e+00 1.549990868568420410e+01 1.600000000000000000e+01 0.000000000000000000e+00
5.627999999999999226e+00 1.549990868568420410e+01 1.700000000000000000e+01 0.000000000000000000e+00
0.000000000000000000e+00 1.549990868568420410e+01 1.800000000000000000e+01 0.000000000000000000e+00
6.051999999999998714e+00 1.549990868568420410e+01 1.900000000000000000e+01 0.000000000000000000e+00
6.051999999999998714e+00 1.549990868568420410e+01 2.000000000000000000e+01 0.000000000000000000e+00
6.179999999999998828e+00 1.549990868568420410e+01 2.100000000000000000e+01 0.000000000000000000e+00
6.049999999999998934e+00 1.549990868568420410e+01 2.200000000000000000e+01 0.000000000000000000e+00
6.417999999999998373e+00 1.549990868568420410e+01 2.300000000000000000e+01 0.000000000000000000e+00
6.417999999999998373e+00 1.549990868568420410e+01 2.400000000000000000e+01 0.000000000000000000e+00
6.624999999999998224e+00 1.549990868568420410e+01 2.500000000000000000e+01 0.000000000000000000e+00
6.822999999999997733e+00 1.549990868568420410e+01 2.600000000000000000e+01 0.000000000000000000e+00
7.007999999999998231e+00 1.549990868568420410e+01 2.700000000000000000e+01 0.000000000000000000e+00
7.097999999999998089e+00 1.549990868568420410e+01 2.800000000000000000e+01 0.000000000000000000e+00
7.097999999999998089e+00 1.549990868568420410e+01 2.900000000000000000e+01 0.000000000000000000e+00
7.345999999999998309e+00 1.549990868568420410e+01 3.000000000000000000e+01 0.000000000000000000e+00
7.408999999999998032e+00 1.549990868568420410e+01 3.100000000000000000e+01 0.000000000000000000e+00
7.416999999999998039e+00 1.549990868568420410e+01 3.200000000000000000e+01 0.000000000000000000e+00
7.804999999999998828e+00 1.549990868568420410e+01 3.300000000000000000e+01 0.000000000000000000e+00
8.016999999999999460e+00 1.549990868568420410e+01 3.400000000000000000e+01 0.000000000000000000e+00
8.159999999999998366e+00 1.549990868568420410e+01 3.500000000000000000e+01 0.000000000000000000e+00
8.086000000000000298e+00 1.549990868568420410e+01 3.600000000000000000e+01 0.000000000000000000e+00
8.229000000000000981e+00 1.549990868568420410e+01 3.700000000000000000e+01 0.000000000000000000e+00
8.342000000000000526e+00 1.549990868568420410e+01 3.800000000000000000e+01 0.000000000000000000e+00
8.601999999999998536e+00 1.549990868568420410e+01 3.900000000000000000e+01 0.000000000000000000e+00
8.482999999999998764e+00 1.549990868568420410e+01 4.000000000000000000e+01 0.000000000000000000e+00
8.929999999999997939e+00 1.549990868568420410e+01 4.100000000000000000e+01 0.000000000000000000e+00
9.022999999999997911e+00 1.549990868568420410e+01 4.200000000000000000e+01 0.000000000000000000e+00
9.266999999999995907e+00 1.549990868568420410e+01 4.300000000000000000e+01 0.000000000000000000e+00
9.266999999999995907e+00 1.549990868568420410e+01 4.400000000000000000e+01 0.000000000000000000e+00
9.110999999999995325e+00 1.549990868568420410e+01 4.500000000000000000e+01 0.000000000000000000e+00
9.633999999999991459e+00 1.549990868568420410e+01 4.600000000000000000e+01 0.000000000000000000e+00
0.000000000000000000e+00 1.549990868568420410e+01 4.700000000000000000e+01 0.000000000000000000e+00
9.840999999999988646e+00 1.549990868568420410e+01 4.800000000000000000e+01 0.000000000000000000e+00
1.011699999999998845e+01 1.549990868568420410e+01 4.900000000000000000e+01 0.000000000000000000e+00
1.027999999999999226e+01 1.549990868568420410e+01 5.000000000000000000e+01 0.000000000000000000e+00
0.000000000000000000e+00 1.549990868568420410e+01 5.100000000000000000e+01 0.000000000000000000e+00
1.051199999999999335e+01 1.549990868568420410e+01 5.200000000000000000e+01 0.000000000000000000e+00
1.071199999999999264e+01 1.549990868568420410e+01 5.300000000000000000e+01 0.000000000000000000e+00
0.000000000000000000e+00 1.549990868568420410e+01 5.400000000000000000e+01 0.000000000000000000e+00
1.093999999999999062e+01 1.549990868568420410e+01 5.500000000000000000e+01 0.000000000000000000e+00
1.121899999999999586e+01 1.549990868568420410e+01 5.600000000000000000e+01 0.000000000000000000e+00
1.140599999999999525e+01 1.549990868568420410e+01 5.700000000000000000e+01 0.000000000000000000e+00
1.150600000000000378e+01 1.549990868568420410e+01 5.800000000000000000e+01 0.000000000000000000e+00
1.157700000000000173e+01 1.549990868568420410e+01 5.900000000000000000e+01 0.000000000000000000e+00
1.200500000000000433e+01 1.549990868568420410e+01 6.000000000000000000e+01 0.000000000000000000e+00
1.238000000000000789e+01 1.549990868568420410e+01 6.100000000000000000e+01 0.000000000000000000e+00
1.240700000000000891e+01 1.549990868568420410e+01 6.200000000000000000e+01 0.000000000000000000e+00
1.273500000000002075e+01 1.549990868568420410e+01 6.300000000000000000e+01 0.000000000000000000e+00
1.282900000000003082e+01 1.549990868568420410e+01 6.400000000000000000e+01 0.000000000000000000e+00
1.326300000000003898e+01 1.549990868568420410e+01 6.500000000000000000e+01 0.000000000000000000e+00
1.306200000000005090e+01 1.549990868568420410e+01 6.600000000000000000e+01 0.000000000000000000e+00
1.347500000000005649e+01 1.549990868568420410e+01 6.700000000000000000e+01 0.000000000000000000e+00
1.385600000000006915e+01 1.549990868568420410e+01 6.800000000000000000e+01 0.000000000000000000e+00
1.423100000000008336e+01 1.549990868568420410e+01 6.900000000000000000e+01 0.000000000000000000e+00
1.455900000000009875e+01 1.549990868568420410e+01 7.000000000000000000e+01 0.000000000000000000e+00
1.519800000000012297e+01 1.549990868568420410e+01 7.100000000000000000e+01 0.000000000000000000e+00
0.000000000000000000e+00 1.549990868568420410e+01 0.000000000000000000e+00 0.000000000000000000e+00
1.549990868568420410e+01 1.549990868568420410e+01 0.000000000000000000e+00 0.000000000000000000e+00
1.549990868568420410e+01 1.549990868568420410e+01 0.000000000000000000e+00 0.000000000000000000e+00
1.479000000000000092e+00 1.494239592552185059e+01 0.000000000000000000e+00 0.000000000000000000e+00
2.447000000000000064e+00 1.494239592552185059e+01 1.000000000000000000e+00 0.000000000000000000e+00
3.012999999999999901e+00 1.494239592552185059e+01 2.000000000000000000e+00 0.000000000000000000e+00
3.012999999999999901e+00 1.494239592552185059e+01 3.000000000000000000e+00 0.000000000000000000e+00
3.199999999999999734e+00 1.494239592552185059e+01 4.000000000000000000e+00 0.000000000000000000e+00
3.381999999999999673e+00 1.494239592552185059e+01 5.000000000000000000e+00 0.000000000000000000e+00
3.729999999999999538e+00 1.494239592552185059e+01 6.000000000000000000e+00 0.000000000000000000e+00
3.729999999999999538e+00 1.494239592552185059e+01 7.000000000000000000e+00 0.000000000000000000e+00
3.899999999999999467e+00 1.494239592552185059e+01 8.000000000000000000e+00 0.000000000000000000e+00
4.063999999999999169e+00 1.494239592552185059e+01 9.000000000000000000e+00 0.000000000000000000e+00
4.218999999999999417e+00 1.494239592552185059e+01 1.000000000000000000e+01 0.000000000000000000e+00
4.532000000000000028e+00 1.494239592552185059e+01 1.100000000000000000e+01 0.000000000000000000e+00
4.500000000000000888e+00 1.494239592552185059e+01 1.200000000000000000e+01 0.000000000000000000e+00
4.974000000000000199e+00 1.494239592552185059e+01 1.300000000000000000e+01 0.000000000000000000e+00
4.974000000000000199e+00 1.494239592552185059e+01 1.400000000000000000e+01 0.000000000000000000e+00
5.116000000000000547e+00 1.494239592552185059e+01 1.500000000000000000e+01 0.000000000000000000e+00
5.247000000000000774e+00 1.494239592552185059e+01 1.600000000000000000e+01 1.000000000000000000e+00
5.628000000000001002e+00 1.494239592552185059e+01 1.700000000000000000e+01 0.000000000000000000e+00
5.628000000000001002e+00 1.494239592552185059e+01 1.800000000000000000e+01 0.000000000000000000e+00
5.623000000000001108e+00 1.494239592552185059e+01 1.900000000000000000e+01 0.000000000000000000e+00
5.718000000000000860e+00 1.494239592552185059e+01 2.000000000000000000e+01 0.000000000000000000e+00
6.113000000000001322e+00 1.494239592552185059e+01 2.100000000000000000e+01 0.000000000000000000e+00
6.228000000000001535e+00 1.494239592552185059e+01 2.200000000000000000e+01 0.000000000000000000e+00
6.337000000000001521e+00 1.494239592552185059e+01 2.300000000000000000e+01 0.000000000000000000e+00
6.431000000000001826e+00 1.494239592552185059e+01 2.400000000000000000e+01 0.000000000000000000e+00
6.554000000000002046e+00 1.494239592552185059e+01 2.500000000000000000e+01 0.000000000000000000e+00
6.736000000000001542e+00 1.494239592552185059e+01 2.600000000000000000e+01 0.000000000000000000e+00
6.858000000000001428e+00 1.494239592552185059e+01 2.700000000000000000e+01 0.000000000000000000e+00
6.978000000000002423e+00 1.494239592552185059e+01 2.800000000000000000e+01 0.000000000000000000e+00
7.189000000000001833e+00 1.494239592552185059e+01 2.900000000000000000e+01 0.000000000000000000e+00
7.239000000000001656e+00 1.494239592552185059e+01 3.000000000000000000e+01 0.000000000000000000e+00
7.354000000000001869e+00 1.494239592552185059e+01 3.100000000000000000e+01 0.000000000000000000e+00
7.587000000000002409e+00 1.494239592552185059e+01 3.200000000000000000e+01 0.000000000000000000e+00
7.494000000000002437e+00 1.494239592552185059e+01 3.300000000000000000e+01 0.000000000000000000e+00
8.016000000000003567e+00 1.494239592552185059e+01 3.400000000000000000e+01 0.000000000000000000e+00
8.151000000000005130e+00 1.494239592552185059e+01 3.500000000000000000e+01 0.000000000000000000e+00
8.281000000000005912e+00 1.494239592552185059e+01 3.600000000000000000e+01 0.000000000000000000e+00
8.345000000000005969e+00 1.494239592552185059e+01 3.700000000000000000e+01 0.000000000000000000e+00
8.524000000000006239e+00 1.494239592552185059e+01 3.800000000000000000e+01 0.000000000000000000e+00
8.514000000000002899e+00 1.494239592552185059e+01 3.900000000000000000e+01 0.000000000000000000e+00
8.456000000000001293e+00 1.494239592552185059e+01 4.000000000000000000e+01 0.000000000000000000e+00
8.839000000000003965e+00 1.494239592552185059e+01 4.100000000000000000e+01 0.000000000000000000e+00
9.109000000000007091e+00 1.494239592552185059e+01 4.200000000000000000e+01 0.000000000000000000e+00
9.251000000000006551e+00 1.494239592552185059e+01 4.300000000000000000e+01 0.000000000000000000e+00
9.563000000000007716e+00 1.494239592552185059e+01 4.400000000000000000e+01 0.000000000000000000e+00
9.297000000000004150e+00 1.494239592552185059e+01 4.500000000000000000e+01 0.000000000000000000e+00
9.692000000000007276e+00 1.494239592552185059e+01 4.600000000000000000e+01 0.000000000000000000e+00
9.751000000000006551e+00 1.494239592552185059e+01 4.700000000000000000e+01 0.000000000000000000e+00
1.001900000000000723e+01 1.494239592552185059e+01 4.800000000000000000e+01 0.000000000000000000e+00
1.020000000000000817e+01 1.494239592552185059e+01 4.900000000000000000e+01 0.000000000000000000e+00
1.039500000000000846e+01 1.494239592552185059e+01 5.000000000000000000e+01 0.000000000000000000e+00
1.032000000000000206e+01 1.494239592552185059e+01 5.100000000000000000e+01 0.000000000000000000e+00
1.059000000000000519e+01 1.494239592552185059e+01 5.200000000000000000e+01 0.000000000000000000e+00
1.079300000000000281e+01 1.494239592552185059e+01 5.300000000000000000e+01 0.000000000000000000e+00
1.090999999999999837e+01 1.494239592552185059e+01 5.400000000000000000e+01 0.000000000000000000e+00
1.116799999999999748e+01 1.494239592552185059e+01 5.500000000000000000e+01 0.000000000000000000e+00
1.111899999999999800e+01 1.494239592552185059e+01 5.600000000000000000e+01 0.000000000000000000e+00
1.126899999999999658e+01 1.494239592552185059e+01 5.700000000000000000e+01 0.000000000000000000e+00
1.170300000000000651e+01 1.494239592552185059e+01 5.800000000000000000e+01 0.000000000000000000e+00
1.152700000000000458e+01 1.494239592552185059e+01 5.900000000000000000e+01 0.000000000000000000e+00
1.181200000000000827e+01 1.494239592552185059e+01 6.000000000000000000e+01 0.000000000000000000e+00
1.180400000000000027e+01 1.494239592552185059e+01 6.100000000000000000e+01 0.000000000000000000e+00
1.229400000000000404e+01 1.494239592552185059e+01 6.200000000000000000e+01 0.000000000000000000e+00
1.255300000000001148e+01 1.494239592552185059e+01 6.300000000000000000e+01 0.000000000000000000e+00
1.289300000000002377e+01 1.494239592552185059e+01 6.400000000000000000e+01 0.000000000000000000e+00
1.313100000000002865e+01 1.494239592552185059e+01 6.500000000000000000e+01 0.000000000000000000e+00
1.317200000000003257e+01 1.494239592552185059e+01 6.600000000000000000e+01 0.000000000000000000e+00
1.357100000000004236e+01 1.494239592552185059e+01 6.700000000000000000e+01 0.000000000000000000e+00
1.377400000000005420e+01 1.494239592552185059e+01 6.800000000000000000e+01 0.000000000000000000e+00
1.422300000000006648e+01 1.494239592552185059e+01 6.900000000000000000e+01 0.000000000000000000e+00
1.447100000000008002e+01 1.494239592552185059e+01 7.000000000000000000e+01 0.000000000000000000e+00
1.492400000000009364e+01 1.494239592552185059e+01 7.100000000000000000e+01 0.000000000000000000e+00
0.000000000000000000e+00 1.494239592552185059e+01 0.000000000000000000e+00 0.000000000000000000e+00
1.494239592552185059e+01 1.494239592552185059e+01 0.000000000000000000e+00 0.000000000000000000e+00
1.494239592552185059e+01 1.494239592552185059e+01 0.000000000000000000e+00 0.000000000000000000e+00
9.170000000000000373e-01 1.615275788307189941e+01 0.000000000000000000e+00 0.000000000000000000e+00
1.495999999999999996e+00 1.615275788307189941e+01 1.000000000000000000e+00 0.000000000000000000e+00
1.873999999999999888e+00 1.615275788307189941e+01 2.000000000000000000e+00 0.000000000000000000e+00
3.157999999999999030e+00 1.615275788307189941e+01 3.000000000000000000e+00 0.000000000000000000e+00
3.157999999999999030e+00 1.615275788307189941e+01 4.000000000000000000e+00 0.000000000000000000e+00
3.514999999999998792e+00 1.615275788307189941e+01 5.000000000000000000e+00 0.000000000000000000e+00
3.690999999999998948e+00 1.615275788307189941e+01 6.000000000000000000e+00 0.000000000000000000e+00
4.026999999999999247e+00 1.615275788307189941e+01 7.000000000000000000e+00 0.000000000000000000e+00
4.201999999999999069e+00 1.615275788307189941e+01 8.000000000000000000e+00 0.000000000000000000e+00
4.373999999999998778e+00 1.615275788307189941e+01 9.000000000000000000e+00 0.000000000000000000e+00
4.534999999999998366e+00 1.615275788307189941e+01 1.000000000000000000e+01 0.000000000000000000e+00
0.000000000000000000e+00 1.615275788307189941e+01 1.100000000000000000e+01 0.000000000000000000e+00
4.651999999999998359e+00 1.615275788307189941e+01 1.200000000000000000e+01 0.000000000000000000e+00
4.987999999999998657e+00 1.615275788307189941e+01 1.300000000000000000e+01 0.000000000000000000e+00
5.402999999999998693e+00 1.615275788307189941e+01 1.400000000000000000e+01 0.000000000000000000e+00
5.544999999999999041e+00 1.615275788307189941e+01 1.500000000000000000e+01 0.000000000000000000e+00
5.686999999999999389e+00 1.615275788307189941e+01 1.600000000000000000e+01 0.000000000000000000e+00
5.819999999999999396e+00 1.615275788307189941e+01 1.700000000000000000e+01 0.000000000000000000e+00
5.946999999999999176e+00 1.615275788307189941e+01 1.800000000000000000e+01 0.000000000000000000e+00
6.067999999999999616e+00 1.615275788307189941e+01 1.900000000000000000e+01 0.000000000000000000e+00
6.296999999999999709e+00 1.615275788307189941e+01 2.000000000000000000e+01 0.000000000000000000e+00
6.410999999999999588e+00 1.615275788307189941e+01 2.100000000000000000e+01 0.000000000000000000e+00
6.372000000000000774e+00 1.615275788307189941e+01 2.200000000000000000e+01 0.000000000000000000e+00
6.491999999999999105e+00 1.615275788307189941e+01 2.300000000000000000e+01 0.000000000000000000e+00
6.626999999999999780e+00 1.615275788307189941e+01 2.400000000000000000e+01 0.000000000000000000e+00
7.122999999999999332e+00 1.615275788307189941e+01 2.500000000000000000e+01 0.000000000000000000e+00
7.218999999999999417e+00 1.615275788307189941e+01 2.600000000000000000e+01 0.000000000000000000e+00
7.311999999999999389e+00 1.615275788307189941e+01 2.700000000000000000e+01 0.000000000000000000e+00
7.481999999999999318e+00 1.615275788307189941e+01 2.800000000000000000e+01 0.000000000000000000e+00
7.664999999999999147e+00 1.615275788307189941e+01 2.900000000000000000e+01 0.000000000000000000e+00
7.646999999999999353e+00 1.615275788307189941e+01 3.000000000000000000e+01 0.000000000000000000e+00
8.241999999999999105e+00 1.615275788307189941e+01 3.100000000000000000e+01 0.000000000000000000e+00
0.000000000000000000e+00 1.615275788307189941e+01 3.200000000000000000e+01 0.000000000000000000e+00
8.612999999999997769e+00 1.615275788307189941e+01 3.300000000000000000e+01 0.000000000000000000e+00
8.531999999999996476e+00 1.615275788307189941e+01 3.400000000000000000e+01 0.000000000000000000e+00
8.946999999999997399e+00 1.615275788307189941e+01 3.500000000000000000e+01 0.000000000000000000e+00
0.000000000000000000e+00 1.615275788307189941e+01 3.600000000000000000e+01 0.000000000000000000e+00
9.136999999999998678e+00 1.615275788307189941e+01 3.700000000000000000e+01 0.000000000000000000e+00
9.240999999999999659e+00 1.615275788307189941e+01 3.800000000000000000e+01 0.000000000000000000e+00
9.535999999999997812e+00 1.615275788307189941e+01 3.900000000000000000e+01 0.000000000000000000e+00
9.645999999999997243e+00 1.615275788307189941e+01 4.000000000000000000e+01 0.000000000000000000e+00
9.736999999999998323e+00 1.615275788307189941e+01 4.100000000000000000e+01 0.000000000000000000e+00
9.798999999999999488e+00 1.615275788307189941e+01 4.200000000000000000e+01 0.000000000000000000e+00
1.022700000000000031e+01 1.615275788307189941e+01 4.300000000000000000e+01 0.000000000000000000e+00
1.021700000000000053e+01 1.615275788307189941e+01 4.400000000000000000e+01 0.000000000000000000e+00
1.044299999999999962e+01 1.615275788307189941e+01 4.500000000000000000e+01 0.000000000000000000e+00
1.048999999999999844e+01 1.615275788307189941e+01 4.600000000000000000e+01 0.000000000000000000e+00
1.051599999999999824e+01 1.615275788307189941e+01 4.700000000000000000e+01 0.000000000000000000e+00
1.060399999999999920e+01 1.615275788307189941e+01 4.800000000000000000e+01 0.000000000000000000e+00
1.070999999999999908e+01 1.615275788307189941e+01 4.900000000000000000e+01 0.000000000000000000e+00
1.095900000000000318e+01 1.615275788307189941e+01 5.000000000000000000e+01 0.000000000000000000e+00
1.122000000000000242e+01 1.615275788307189941e+01 5.100000000000000000e+01 0.000000000000000000e+00
1.124200000000000799e+01 1.615275788307189941e+01 5.200000000000000000e+01 0.000000000000000000e+00
0.000000000000000000e+00 1.615275788307189941e+01 5.300000000000000000e+01 0.000000000000000000e+00
1.135000000000000675e+01 1.615275788307189941e+01 5.400000000000000000e+01 0.000000000000000000e+00
1.187500000000000178e+01 1.615275788307189941e+01 5.500000000000000000e+01 0.000000000000000000e+00
1.166000000000000192e+01 1.615275788307189941e+01 5.600000000000000000e+01 0.000000000000000000e+00
1.214400000000000190e+01 1.615275788307189941e+01 5.700000000000000000e+01 0.000000000000000000e+00
1.229800000000001070e+01 1.615275788307189941e+01 5.800000000000000000e+01 0.000000000000000000e+00
0.000000000000000000e+00 1.615275788307189941e+01 5.900000000000000000e+01 0.000000000000000000e+00
1.273900000000001498e+01 1.615275788307189941e+01 6.000000000000000000e+01 0.000000000000000000e+00
1.278600000000000669e+01 1.615275788307189941e+01 6.100000000000000000e+01 0.000000000000000000e+00
1.297400000000001086e+01 1.615275788307189941e+01 6.200000000000000000e+01 0.000000000000000000e+00
1.344300000000002093e+01 1.615275788307189941e+01 6.300000000000000000e+01 0.000000000000000000e+00
1.365100000000002645e+01 1.615275788307189941e+01 6.400000000000000000e+01 0.000000000000000000e+00
1.378000000000003311e+01 1.615275788307189941e+01 6.500000000000000000e+01 0.000000000000000000e+00
1.423700000000004984e+01 1.615275788307189941e+01 6.600000000000000000e+01 0.000000000000000000e+00
1.455200000000006177e+01 1.615275788307189941e+01 6.700000000000000000e+01 0.000000000000000000e+00
1.465200000000007385e+01 1.615275788307189941e+01 6.800000000000000000e+01 0.000000000000000000e+00
1.531600000000008954e+01 1.615275788307189941e+01 6.900000000000000000e+01 0.000000000000000000e+00
1.543000000000009919e+01 1.615275788307189941e+01 7.000000000000000000e+01 0.000000000000000000e+00
1.614200000000012025e+01 1.615275788307189941e+01 7.100000000000000000e+01 0.000000000000000000e+00
0.000000000000000000e+00 1.615275788307189941e+01 0.000000000000000000e+00 0.000000000000000000e+00
1.615275788307189941e+01 1.615275788307189941e+01 0.000000000000000000e+00 0.000000000000000000e+00
1.615275788307189941e+01 1.615275788307189941e+01 0.000000000000000000e+00 0.000000000000000000e+00
2.127000000000000224e+00 1.549786257743835449e+01 0.000000000000000000e+00 0.000000000000000000e+00
2.333000000000000185e+00 1.549786257743835449e+01 1.000000000000000000e+00 0.000000000000000000e+00
2.721000000000000085e+00 1.549786257743835449e+01 2.000000000000000000e+00 0.000000000000000000e+00
3.089999999999999858e+00 1.549786257743835449e+01 3.000000000000000000e+00 0.000000000000000000e+00
3.271999999999999797e+00 1.549786257743835449e+01 4.000000000000000000e+00 0.000000000000000000e+00
3.986999999999999655e+00 1.549786257743835449e+01 5.000000000000000000e+00 0.000000000000000000e+00
3.986999999999999655e+00 1.549786257743835449e+01 6.000000000000000000e+00 0.000000000000000000e+00
4.309000000000000163e+00 1.549786257743835449e+01 7.000000000000000000e+00 0.000000000000000000e+00
4.658999999999998920e+00 1.549786257743835449e+01 8.000000000000000000e+00 0.000000000000000000e+00
4.819999999999998508e+00 1.549786257743835449e+01 9.000000000000000000e+00 0.000000000000000000e+00
4.975999999999998202e+00 1.549786257743835449e+01 1.000000000000000000e+01 0.000000000000000000e+00
5.114999999999998437e+00 1.549786257743835449e+01 1.100000000000000000e+01 0.000000000000000000e+00
5.423999999999997712e+00 1.549786257743835449e+01 1.200000000000000000e+01 0.000000000000000000e+00
5.567999999999997840e+00 1.549786257743835449e+01 1.300000000000000000e+01 0.000000000000000000e+00
5.982999999999997875e+00 1.549786257743835449e+01 1.400000000000000000e+01 0.000000000000000000e+00
5.982999999999997875e+00 1.549786257743835449e+01 1.500000000000000000e+01 0.000000000000000000e+00
5.682999999999998053e+00 1.549786257743835449e+01 1.600000000000000000e+01 0.000000000000000000e+00
6.120999999999997776e+00 1.549786257743835449e+01 1.700000000000000000e+01 0.000000000000000000e+00
6.244999999999997442e+00 1.549786257743835449e+01 1.800000000000000000e+01 0.000000000000000000e+00
6.364999999999997549e+00 1.549786257743835449e+01 1.900000000000000000e+01 0.000000000000000000e+00
6.594999999999997975e+00 1.549786257743835449e+01 2.000000000000000000e+01 0.000000000000000000e+00
6.707999999999998408e+00 1.549786257743835449e+01 2.100000000000000000e+01 0.000000000000000000e+00
6.747999999999999332e+00 1.549786257743835449e+01 2.200000000000000000e+01 0.000000000000000000e+00
6.969999999999998863e+00 1.549786257743835449e+01 2.300000000000000000e+01 0.000000000000000000e+00
7.235999999999998877e+00 1.549786257743835449e+01 2.400000000000000000e+01 0.000000000000000000e+00
7.432999999999998941e+00 1.549786257743835449e+01 2.500000000000000000e+01 0.000000000000000000e+00
0.000000000000000000e+00 1.549786257743835449e+01 2.600000000000000000e+01 0.000000000000000000e+00
7.708999999999998742e+00 1.549786257743835449e+01 2.700000000000000000e+01 0.000000000000000000e+00
7.598999999999998423e+00 1.549786257743835449e+01 2.800000000000000000e+01 0.000000000000000000e+00
0.000000000000000000e+00 1.549786257743835449e+01 2.900000000000000000e+01 0.000000000000000000e+00
7.966999999999998749e+00 1.549786257743835449e+01 3.000000000000000000e+01 0.000000000000000000e+00
8.047999999999998266e+00 1.549786257743835449e+01 3.100000000000000000e+01 0.000000000000000000e+00
8.285999999999997812e+00 1.549786257743835449e+01 3.200000000000000000e+01 0.000000000000000000e+00
8.087999999999999190e+00 1.549786257743835449e+01 3.300000000000000000e+01 0.000000000000000000e+00
8.228999999999997428e+00 1.549786257743835449e+01 3.400000000000000000e+01 0.000000000000000000e+00
8.494999999999997442e+00 1.549786257743835449e+01 3.500000000000000000e+01 0.000000000000000000e+00
8.768999999999996575e+00 1.549786257743835449e+01 3.600000000000000000e+01 0.000000000000000000e+00
8.653999999999996362e+00 1.549786257743835449e+01 3.700000000000000000e+01 0.000000000000000000e+00
8.954999999999998295e+00 1.549786257743835449e+01 3.800000000000000000e+01 0.000000000000000000e+00
9.072999999999998622e+00 1.549786257743835449e+01 3.900000000000000000e+01 0.000000000000000000e+00
9.237999999999999545e+00 1.549786257743835449e+01 4.000000000000000000e+01 0.000000000000000000e+00
9.279999999999999361e+00 1.549786257743835449e+01 4.100000000000000000e+01 0.000000000000000000e+00
9.538000000000000256e+00 1.549786257743835449e+01 4.200000000000000000e+01 0.000000000000000000e+00
9.575999999999998735e+00 1.549786257743835449e+01 4.300000000000000000e+01 0.000000000000000000e+00
9.725999999999999091e+00 1.549786257743835449e+01 4.400000000000000000e+01 0.000000000000000000e+00
9.870999999999998664e+00 1.549786257743835449e+01 4.500000000000000000e+01 0.000000000000000000e+00
1.025399999999999423e+01 1.549786257743835449e+01 4.600000000000000000e+01 0.000000000000000000e+00
9.959999999999997300e+00 1.549786257743835449e+01 4.700000000000000000e+01 0.000000000000000000e+00
1.037299999999999578e+01 1.549786257743835449e+01 4.800000000000000000e+01 0.000000000000000000e+00
1.068199999999999505e+01 1.549786257743835449e+01 4.900000000000000000e+01 0.000000000000000000e+00
1.080099999999999483e+01 1.549786257743835449e+01 5.000000000000000000e+01 0.000000000000000000e+00
1.098799999999999244e+01 1.549786257743835449e+01 5.100000000000000000e+01 0.000000000000000000e+00
1.127799999999999514e+01 1.549786257743835449e+01 5.200000000000000000e+01 0.000000000000000000e+00
0.000000000000000000e+00 1.549786257743835449e+01 5.300000000000000000e+01 0.000000000000000000e+00
1.136899999999999444e+01 1.549786257743835449e+01 5.400000000000000000e+01 0.000000000000000000e+00
1.142699999999999072e+01 1.549786257743835449e+01 5.500000000000000000e+01 0.000000000000000000e+00
1.172299999999999010e+01 1.549786257743835449e+01 5.600000000000000000e+01 0.000000000000000000e+00
1.179399999999999160e+01 1.549786257743835449e+01 5.700000000000000000e+01 0.000000000000000000e+00
1.192199999999998994e+01 1.549786257743835449e+01 5.800000000000000000e+01 0.000000000000000000e+00
1.223499999999998522e+01 1.549786257743835449e+01 5.900000000000000000e+01 0.000000000000000000e+00
1.255099999999998772e+01 1.549786257743835449e+01 6.000000000000000000e+01 0.000000000000000000e+00
1.261999999999999034e+01 1.549786257743835449e+01 6.100000000000000000e+01 0.000000000000000000e+00
1.258799999999999564e+01 1.549786257743835449e+01 6.200000000000000000e+01 0.000000000000000000e+00
1.257400000000000517e+01 1.549786257743835449e+01 6.300000000000000000e+01 0.000000000000000000e+00
1.331200000000001360e+01 1.549786257743835449e+01 6.400000000000000000e+01 0.000000000000000000e+00
1.369800000000003060e+01 1.549786257743835449e+01 6.500000000000000000e+01 0.000000000000000000e+00
1.384700000000003328e+01 1.549786257743835449e+01 6.600000000000000000e+01 0.000000000000000000e+00
1.417000000000004611e+01 1.549786257743835449e+01 6.700000000000000000e+01 0.000000000000000000e+00
1.406100000000005501e+01 1.549786257743835449e+01 6.800000000000000000e+01 0.000000000000000000e+00
1.476100000000006851e+01 1.549786257743835449e+01 6.900000000000000000e+01 0.000000000000000000e+00
1.499000000000008193e+01 1.549786257743835449e+01 7.000000000000000000e+01 0.000000000000000000e+00
1.549700000000009226e+01 1.549786257743835449e+01 7.100000000000000000e+01 0.000000000000000000e+00
0.000000000000000000e+00 1.549786257743835449e+01 0.000000000000000000e+00 0.000000000000000000e+00
1.549786257743835449e+01 1.549786257743835449e+01 0.000000000000000000e+00 0.000000000000000000e+00
1.549786257743835449e+01 1.549786257743835449e+01 0.000000000000000000e+00 0.000000000000000000e+00
2.463999999999999968e+00 1.620132493972778320e+01 0.000000000000000000e+00 0.000000000000000000e+00
3.040000000000000036e+00 1.620132493972778320e+01 1.000000000000000000e+00 0.000000000000000000e+00
3.416999999999999815e+00 1.620132493972778320e+01 2.000000000000000000e+00 0.000000000000000000e+00
3.969999999999999307e+00 1.620132493972778320e+01 3.000000000000000000e+00 0.000000000000000000e+00
3.969999999999999307e+00 1.620132493972778320e+01 4.000000000000000000e+00 0.000000000000000000e+00
4.326999999999999069e+00 1.620132493972778320e+01 5.000000000000000000e+00 0.000000000000000000e+00
4.326999999999999069e+00 1.620132493972778320e+01 6.000000000000000000e+00 0.000000000000000000e+00
4.846999999999999531e+00 1.620132493972778320e+01 7.000000000000000000e+00 0.000000000000000000e+00
0.000000000000000000e+00 1.620132493972778320e+01 8.000000000000000000e+00 0.000000000000000000e+00
5.015999999999999126e+00 1.620132493972778320e+01 9.000000000000000000e+00 0.000000000000000000e+00
5.171999999999998820e+00 1.620132493972778320e+01 1.000000000000000000e+01 0.000000000000000000e+00
5.470999999999998309e+00 1.620132493972778320e+01 1.100000000000000000e+01 0.000000000000000000e+00
0.000000000000000000e+00 1.620132493972778320e+01 1.200000000000000000e+01 0.000000000000000000e+00
5.433999999999999275e+00 1.620132493972778320e+01 1.300000000000000000e+01 0.000000000000000000e+00
5.775999999999998913e+00 1.620132493972778320e+01 1.400000000000000000e+01 0.000000000000000000e+00
5.775999999999998913e+00 1.620132493972778320e+01 1.500000000000000000e+01 0.000000000000000000e+00
5.910999999999998700e+00 1.620132493972778320e+01 1.600000000000000000e+01 0.000000000000000000e+00
6.040999999999998593e+00 1.620132493972778320e+01 1.700000000000000000e+01 0.000000000000000000e+00
6.180999999999998273e+00 1.620132493972778320e+01 1.800000000000000000e+01 0.000000000000000000e+00
6.432999999999998053e+00 1.620132493972778320e+01 1.900000000000000000e+01 0.000000000000000000e+00
6.359999999999997655e+00 1.620132493972778320e+01 2.000000000000000000e+01 0.000000000000000000e+00
6.778999999999998138e+00 1.620132493972778320e+01 2.100000000000000000e+01 0.000000000000000000e+00
6.648999999999998245e+00 1.620132493972778320e+01 2.200000000000000000e+01 0.000000000000000000e+00
6.990999999999997883e+00 1.620132493972778320e+01 2.300000000000000000e+01 0.000000000000000000e+00
7.193999999999998174e+00 1.620132493972778320e+01 2.400000000000000000e+01 0.000000000000000000e+00
7.583999999999997854e+00 1.620132493972778320e+01 2.500000000000000000e+01 0.000000000000000000e+00
0.000000000000000000e+00 1.620132493972778320e+01 2.600000000000000000e+01 0.000000000000000000e+00
7.392999999999997129e+00 1.620132493972778320e+01 2.700000000000000000e+01 0.000000000000000000e+00
7.888999999999996682e+00 1.620132493972778320e+01 2.800000000000000000e+01 0.000000000000000000e+00
8.000999999999997669e+00 1.620132493972778320e+01 2.900000000000000000e+01 0.000000000000000000e+00
8.206999999999997186e+00 1.620132493972778320e+01 3.000000000000000000e+01 0.000000000000000000e+00
8.522999999999996135e+00 1.620132493972778320e+01 3.100000000000000000e+01 0.000000000000000000e+00
8.701999999999996405e+00 1.620132493972778320e+01 3.200000000000000000e+01 0.000000000000000000e+00
8.930999999999997385e+00 1.620132493972778320e+01 3.300000000000000000e+01 0.000000000000000000e+00
9.143999999999996575e+00 1.620132493972778320e+01 3.400000000000000000e+01 0.000000000000000000e+00
8.987999999999995993e+00 1.620132493972778320e+01 3.500000000000000000e+01 0.000000000000000000e+00
9.540999999999998593e+00 1.620132493972778320e+01 3.600000000000000000e+01 0.000000000000000000e+00
9.726999999999998536e+00 1.620132493972778320e+01 3.700000000000000000e+01 0.000000000000000000e+00
9.964999999999998082e+00 1.620132493972778320e+01 3.800000000000000000e+01 0.000000000000000000e+00
9.979999999999996874e+00 1.620132493972778320e+01 3.900000000000000000e+01 0.000000000000000000e+00
1.024399999999999622e+01 1.620132493972778320e+01 4.000000000000000000e+01 0.000000000000000000e+00
1.004299999999999571e+01 1.620132493972778320e+01 4.100000000000000000e+01 0.000000000000000000e+00
1.054499999999999638e+01 1.620132493972778320e+01 4.200000000000000000e+01 0.000000000000000000e+00
1.058599999999999497e+01 1.620132493972778320e+01 4.300000000000000000e+01 0.000000000000000000e+00
1.057999999999999474e+01 1.620132493972778320e+01 4.400000000000000000e+01 0.000000000000000000e+00
1.057999999999999474e+01 1.620132493972778320e+01 4.500000000000000000e+01 0.000000000000000000e+00
1.123899999999999189e+01 1.620132493972778320e+01 4.600000000000000000e+01 0.000000000000000000e+00
1.142799999999999372e+01 1.620132493972778320e+01 4.700000000000000000e+01 0.000000000000000000e+00
0.000000000000000000e+00 1.620132493972778320e+01 4.800000000000000000e+01 0.000000000000000000e+00
1.154399999999999338e+01 1.620132493972778320e+01 4.900000000000000000e+01 0.000000000000000000e+00
1.165799999999999592e+01 1.620132493972778320e+01 5.000000000000000000e+01 0.000000000000000000e+00
1.179199999999999626e+01 1.620132493972778320e+01 5.100000000000000000e+01 0.000000000000000000e+00
1.205999999999999694e+01 1.620132493972778320e+01 5.200000000000000000e+01 0.000000000000000000e+00
1.208399999999999785e+01 1.620132493972778320e+01 5.300000000000000000e+01 0.000000000000000000e+00
1.233699999999999442e+01 1.620132493972778320e+01 5.400000000000000000e+01 0.000000000000000000e+00
1.232799999999999230e+01 1.620132493972778320e+01 5.500000000000000000e+01 0.000000000000000000e+00
1.265900000000000070e+01 1.620132493972778320e+01 5.600000000000000000e+01 0.000000000000000000e+00
1.279300000000000104e+01 1.620132493972778320e+01 5.700000000000000000e+01 0.000000000000000000e+00
1.278600000000000314e+01 1.620132493972778320e+01 5.800000000000000000e+01 0.000000000000000000e+00
1.295699999999999896e+01 1.620132493972778320e+01 5.900000000000000000e+01 0.000000000000000000e+00
1.314899999999999913e+01 1.620132493972778320e+01 6.000000000000000000e+01 0.000000000000000000e+00
1.352499999999999858e+01 1.620132493972778320e+01 6.100000000000000000e+01 0.000000000000000000e+00
1.373800000000000487e+01 1.620132493972778320e+01 6.200000000000000000e+01 0.000000000000000000e+00
1.369800000000000573e+01 1.620132493972778320e+01 6.300000000000000000e+01 0.000000000000000000e+00
1.408800000000001518e+01 1.620132493972778320e+01 6.400000000000000000e+01 0.000000000000000000e+00
1.449300000000003052e+01 1.620132493972778320e+01 6.500000000000000000e+01 0.000000000000000000e+00
1.435200000000003051e+01 1.620132493972778320e+01 6.600000000000000000e+01 0.000000000000000000e+00
1.483200000000004337e+01 1.620132493972778320e+01 6.700000000000000000e+01 0.000000000000000000e+00
1.492700000000005112e+01 1.620132493972778320e+01 6.800000000000000000e+01 0.000000000000000000e+00
1.528800000000006598e+01 1.620132493972778320e+01 6.900000000000000000e+01 0.000000000000000000e+00
1.581500000000007944e+01 1.620132493972778320e+01 7.000000000000000000e+01 0.000000000000000000e+00
1.587200000000009581e+01 1.620132493972778320e+01 7.100000000000000000e+01 0.000000000000000000e+00
0.000000000000000000e+00 1.620132493972778320e+01 0.000000000000000000e+00 0.000000000000000000e+00
1.620132493972778320e+01 1.620132493972778320e+01 0.000000000000000000e+00 0.000000000000000000e+00
1.620132493972778320e+01 1.620132493972778320e+01 0.000000000000000000e+00 0.000000000000000000e+00
2.141999999999999904e+00 1.525510358810424805e+01 0.000000000000000000e+00 0.000000000000000000e+00
2.725000000000000089e+00 1.525510358810424805e+01 1.000000000000000000e+00 0.000000000000000000e+00
3.292999999999999705e+00 1.525510358810424805e+01 2.000000000000000000e+00 0.000000000000000000e+00
3.480999999999999872e+00 1.525510358810424805e+01 3.000000000000000000e+00 0.000000000000000000e+00
3.842999999999999972e+00 1.525510358810424805e+01 4.000000000000000000e+00 0.000000000000000000e+00
3.842999999999999972e+00 1.525510358810424805e+01 5.000000000000000000e+00 0.000000000000000000e+00
4.022000000000000242e+00 1.525510358810424805e+01 6.000000000000000000e+00 0.000000000000000000e+00
4.190000000000000391e+00 1.525510358810424805e+01 7.000000000000000000e+00 0.000000000000000000e+00
4.358999999999999986e+00 1.525510358810424805e+01 8.000000000000000000e+00 0.000000000000000000e+00
4.358999999999999986e+00 1.525510358810424805e+01 9.000000000000000000e+00 0.000000000000000000e+00
0.000000000000000000e+00 1.525510358810424805e+01 1.000000000000000000e+01 0.000000000000000000e+00
4.525999999999999801e+00 1.525510358810424805e+01 1.100000000000000000e+01 0.000000000000000000e+00
4.684999999999999609e+00 1.525510358810424805e+01 1.200000000000000000e+01 0.000000000000000000e+00
4.976999999999999424e+00 1.525510358810424805e+01 1.300000000000000000e+01 0.000000000000000000e+00
5.117999999999999439e+00 1.525510358810424805e+01 1.400000000000000000e+01 0.000000000000000000e+00
5.386999999999998678e+00 1.525510358810424805e+01 1.500000000000000000e+01 0.000000000000000000e+00
5.386999999999998678e+00 1.525510358810424805e+01 1.600000000000000000e+01 0.000000000000000000e+00
5.519999999999998685e+00 1.525510358810424805e+01 1.700000000000000000e+01 0.000000000000000000e+00
5.646999999999998465e+00 1.525510358810424805e+01 1.800000000000000000e+01 0.000000000000000000e+00
5.906999999999998252e+00 1.525510358810424805e+01 1.900000000000000000e+01 0.000000000000000000e+00
6.029999999999998472e+00 1.525510358810424805e+01 2.000000000000000000e+01 0.000000000000000000e+00
5.897999999999998799e+00 1.525510358810424805e+01 2.100000000000000000e+01 0.000000000000000000e+00
6.104999999999998650e+00 1.525510358810424805e+01 2.200000000000000000e+01 0.000000000000000000e+00
6.353999999999999204e+00 1.525510358810424805e+01 2.300000000000000000e+01 0.000000000000000000e+00
0.000000000000000000e+00 1.525510358810424805e+01 2.400000000000000000e+01 0.000000000000000000e+00
6.455999999999999517e+00 1.525510358810424805e+01 2.500000000000000000e+01 0.000000000000000000e+00
6.446999999999999176e+00 1.525510358810424805e+01 2.600000000000000000e+01 0.000000000000000000e+00
6.547999999999999154e+00 1.525510358810424805e+01 2.700000000000000000e+01 0.000000000000000000e+00
6.903999999999999915e+00 1.525510358810424805e+01 2.800000000000000000e+01 0.000000000000000000e+00
7.156000000000000583e+00 1.525510358810424805e+01 2.900000000000000000e+01 0.000000000000000000e+00
7.156000000000000583e+00 1.525510358810424805e+01 3.000000000000000000e+01 0.000000000000000000e+00
7.554000000000000270e+00 1.525510358810424805e+01 3.100000000000000000e+01 0.000000000000000000e+00
0.000000000000000000e+00 1.525510358810424805e+01 3.200000000000000000e+01 0.000000000000000000e+00
7.629999999999999893e+00 1.525510358810424805e+01 3.300000000000000000e+01 0.000000000000000000e+00
7.838999999999999524e+00 1.525510358810424805e+01 3.400000000000000000e+01 0.000000000000000000e+00
8.041000000000000369e+00 1.525510358810424805e+01 3.500000000000000000e+01 0.000000000000000000e+00
8.183000000000001606e+00 1.525510358810424805e+01 3.600000000000000000e+01 0.000000000000000000e+00
8.309000000000002828e+00 1.525510358810424805e+01 3.700000000000000000e+01 0.000000000000000000e+00
8.614000000000002544e+00 1.525510358810424805e+01 3.800000000000000000e+01 0.000000000000000000e+00
8.652000000000001023e+00 1.525510358810424805e+01 3.900000000000000000e+01 0.000000000000000000e+00
8.721999999999999531e+00 1.525510358810424805e+01 4.000000000000000000e+01 0.000000000000000000e+00
9.032000000000001805e+00 1.525510358810424805e+01 4.100000000000000000e+01 0.000000000000000000e+00
9.161000000000001364e+00 1.525510358810424805e+01 4.200000000000000000e+01 0.000000000000000000e+00
9.265000000000002345e+00 1.525510358810424805e+01 4.300000000000000000e+01 0.000000000000000000e+00
9.454000000000002402e+00 1.525510358810424805e+01 4.400000000000000000e+01 0.000000000000000000e+00
9.799000000000003041e+00 1.525510358810424805e+01 4.500000000000000000e+01 0.000000000000000000e+00
9.862000000000000099e+00 1.525510358810424805e+01 4.600000000000000000e+01 0.000000000000000000e+00
9.913999999999999702e+00 1.525510358810424805e+01 4.700000000000000000e+01 0.000000000000000000e+00
1.008899999999999686e+01 1.525510358810424805e+01 4.800000000000000000e+01 0.000000000000000000e+00
1.028199999999999825e+01 1.525510358810424805e+01 4.900000000000000000e+01 0.000000000000000000e+00
1.069700000000000095e+01 1.525510358810424805e+01 5.000000000000000000e+01 0.000000000000000000e+00
1.085899999999999643e+01 1.525510358810424805e+01 5.100000000000000000e+01 0.000000000000000000e+00
0.000000000000000000e+00 1.525510358810424805e+01 5.200000000000000000e+01 0.000000000000000000e+00
1.095699999999999363e+01 1.525510358810424805e+01 5.300000000000000000e+01 0.000000000000000000e+00
1.119699999999999207e+01 1.525510358810424805e+01 5.400000000000000000e+01 0.000000000000000000e+00
1.136499999999998956e+01 1.525510358810424805e+01 5.500000000000000000e+01 0.000000000000000000e+00
1.156499999999999240e+01 1.525510358810424805e+01 5.600000000000000000e+01 0.000000000000000000e+00
1.166199999999999015e+01 1.525510358810424805e+01 5.700000000000000000e+01 0.000000000000000000e+00
1.200399999999999601e+01 1.525510358810424805e+01 5.800000000000000000e+01 0.000000000000000000e+00
1.213599999999999746e+01 1.525510358810424805e+01 5.900000000000000000e+01 0.000000000000000000e+00
1.238900000000000290e+01 1.525510358810424805e+01 6.000000000000000000e+01 0.000000000000000000e+00
1.257099999999999973e+01 1.525510358810424805e+01 6.100000000000000000e+01 0.000000000000000000e+00
1.279600000000000470e+01 1.525510358810424805e+01 6.200000000000000000e+01 0.000000000000000000e+00
1.298400000000001064e+01 1.525510358810424805e+01 6.300000000000000000e+01 0.000000000000000000e+00
1.313000000000002210e+01 1.525510358810424805e+01 6.400000000000000000e+01 0.000000000000000000e+00
0.000000000000000000e+00 1.525510358810424805e+01 6.500000000000000000e+01 0.000000000000000000e+00
1.357600000000003071e+01 1.525510358810424805e+01 6.600000000000000000e+01 0.000000000000000000e+00
1.382500000000004192e+01 1.525510358810424805e+01 6.700000000000000000e+01 0.000000000000000000e+00
1.413700000000004842e+01 1.525510358810424805e+01 6.800000000000000000e+01 0.000000000000000000e+00
1.411500000000005883e+01 1.525510358810424805e+01 6.900000000000000000e+01 0.000000000000000000e+00
1.481600000000007533e+01 1.525510358810424805e+01 7.000000000000000000e+01 0.000000000000000000e+00
1.509800000000008957e+01 1.525510358810424805e+01 7.100000000000000000e+01 0.000000000000000000e+00
0.000000000000000000e+00 1.525510358810424805e+01 0.000000000000000000e+00 0.000000000000000000e+00
1.525510358810424805e+01 1.525510358810424805e+01 0.000000000000000000e+00 0.000000000000000000e+00
1.525510358810424805e+01 1.525510358810424805e+01 0.000000000000000000e+00 0.000000000000000000e+00
2.082000000000000295e+00 1.506845808029174805e+01 0.000000000000000000e+00 0.000000000000000000e+00
2.724000000000000643e+00 1.506845808029174805e+01 1.000000000000000000e+00 0.000000000000000000e+00
3.137000000000000899e+00 1.506845808029174805e+01 2.000000000000000000e+00 0.000000000000000000e+00
3.544000000000000927e+00 1.506845808029174805e+01 3.000000000000000000e+00 0.000000000000000000e+00
3.943000000000000949e+00 1.506845808029174805e+01 4.000000000000000000e+00 0.000000000000000000e+00
4.139000000000001123e+00 1.506845808029174805e+01 5.000000000000000000e+00 0.000000000000000000e+00
4.139000000000001123e+00 1.506845808029174805e+01 6.000000000000000000e+00 0.000000000000000000e+00
4.329000000000001513e+00 1.506845808029174805e+01 7.000000000000000000e+00 0.000000000000000000e+00
4.329000000000001513e+00 1.506845808029174805e+01 8.000000000000000000e+00 0.000000000000000000e+00
4.329000000000001513e+00 1.506845808029174805e+01 9.000000000000000000e+00 0.000000000000000000e+00
4.695000000000001172e+00 1.506845808029174805e+01 1.000000000000000000e+01 0.000000000000000000e+00
4.865000000000001101e+00 1.506845808029174805e+01 1.100000000000000000e+01 0.000000000000000000e+00
5.030000000000001137e+00 1.506845808029174805e+01 1.200000000000000000e+01 0.000000000000000000e+00
5.139000000000000234e+00 1.506845808029174805e+01 1.300000000000000000e+01 0.000000000000000000e+00
5.649000000000000909e+00 1.506845808029174805e+01 1.400000000000000000e+01 1.000000000000000000e+00
5.471000000000000973e+00 1.506845808029174805e+01 1.500000000000000000e+01 0.000000000000000000e+00
5.604000000000000092e+00 1.506845808029174805e+01 1.600000000000000000e+01 0.000000000000000000e+00
5.942000000000001059e+00 1.506845808029174805e+01 1.700000000000000000e+01 0.000000000000000000e+00
6.087000000000000632e+00 1.506845808029174805e+01 1.800000000000000000e+01 0.000000000000000000e+00
5.917000000000000703e+00 1.506845808029174805e+01 1.900000000000000000e+01 0.000000000000000000e+00
6.227000000000000313e+00 1.506845808029174805e+01 2.000000000000000000e+01 0.000000000000000000e+00
6.355999999999999872e+00 1.506845808029174805e+01 2.100000000000000000e+01 1.000000000000000000e+00
6.355999999999999872e+00 1.506845808029174805e+01 2.200000000000000000e+01 0.000000000000000000e+00
6.591000000000000192e+00 1.506845808029174805e+01 2.300000000000000000e+01 0.000000000000000000e+00
6.813000000000000611e+00 1.506845808029174805e+01 2.400000000000000000e+01 0.000000000000000000e+00
6.923000000000000931e+00 1.506845808029174805e+01 2.500000000000000000e+01 0.000000000000000000e+00
7.029000000000000803e+00 1.506845808029174805e+01 2.600000000000000000e+01 0.000000000000000000e+00
7.235000000000001208e+00 1.506845808029174805e+01 2.700000000000000000e+01 0.000000000000000000e+00
7.235000000000001208e+00 1.506845808029174805e+01 2.800000000000000000e+01 0.000000000000000000e+00
7.425000000000001599e+00 1.506845808029174805e+01 2.900000000000000000e+01 0.000000000000000000e+00
7.322000000000001840e+00 1.506845808029174805e+01 3.000000000000000000e+01 0.000000000000000000e+00
7.793000000000001037e+00 1.506845808029174805e+01 3.100000000000000000e+01 0.000000000000000000e+00
0.000000000000000000e+00 1.506845808029174805e+01 3.200000000000000000e+01 0.000000000000000000e+00
7.811000000000002608e+00 1.506845808029174805e+01 3.300000000000000000e+01 0.000000000000000000e+00
7.915000000000001812e+00 1.506845808029174805e+01 3.400000000000000000e+01 0.000000000000000000e+00
8.338999999999998636e+00 1.506845808029174805e+01 3.500000000000000000e+01 0.000000000000000000e+00
8.690000000000001279e+00 1.506845808029174805e+01 3.600000000000000000e+01 0.000000000000000000e+00
8.721000000000003638e+00 1.506845808029174805e+01 3.700000000000000000e+01 0.000000000000000000e+00
9.020000000000004903e+00 1.506845808029174805e+01 3.800000000000000000e+01 0.000000000000000000e+00
8.935000000000007603e+00 1.506845808029174805e+01 3.900000000000000000e+01 0.000000000000000000e+00
9.325000000000004619e+00 1.506845808029174805e+01 4.000000000000000000e+01 0.000000000000000000e+00
9.607000000000002871e+00 1.506845808029174805e+01 4.100000000000000000e+01 0.000000000000000000e+00
0.000000000000000000e+00 1.506845808029174805e+01 4.200000000000000000e+01 0.000000000000000000e+00
9.710000000000006182e+00 1.506845808029174805e+01 4.300000000000000000e+01 0.000000000000000000e+00
1.005900000000000460e+01 1.506845808029174805e+01 4.400000000000000000e+01 0.000000000000000000e+00
1.004300000000000459e+01 1.506845808029174805e+01 4.500000000000000000e+01 0.000000000000000000e+00
1.032300000000000395e+01 1.506845808029174805e+01 4.600000000000000000e+01 0.000000000000000000e+00
1.048700000000000188e+01 1.506845808029174805e+01 4.700000000000000000e+01 0.000000000000000000e+00
1.052600000000000158e+01 1.506845808029174805e+01 4.800000000000000000e+01 0.000000000000000000e+00
1.072199999999999953e+01 1.506845808029174805e+01 4.900000000000000000e+01 0.000000000000000000e+00
1.089100000000000179e+01 1.506845808029174805e+01 5.000000000000000000e+01 0.000000000000000000e+00
1.099400000000000333e+01 1.506845808029174805e+01 5.100000000000000000e+01 0.000000000000000000e+00
1.111300000000000310e+01 1.506845808029174805e+01 5.200000000000000000e+01 0.000000000000000000e+00
0.000000000000000000e+00 1.506845808029174805e+01 5.300000000000000000e+01 0.000000000000000000e+00
1.145600000000000129e+01 1.506845808029174805e+01 5.400000000000000000e+01 0.000000000000000000e+00
1.146300000000000097e+01 1.506845808029174805e+01 5.500000000000000000e+01 0.000000000000000000e+00
1.183399999999999963e+01 1.506845808029174805e+01 5.600000000000000000e+01 0.000000000000000000e+00
1.184299999999999997e+01 1.506845808029174805e+01 5.700000000000000000e+01 0.000000000000000000e+00
1.193900000000000183e+01 1.506845808029174805e+01 5.800000000000000000e+01 0.000000000000000000e+00
1.234100000000000108e+01 1.506845808029174805e+01 5.900000000000000000e+01 0.000000000000000000e+00
1.242600000000000193e+01 1.506845808029174805e+01 6.000000000000000000e+01 0.000000000000000000e+00
1.267700000000000493e+01 1.506845808029174805e+01 6.100000000000000000e+01 0.000000000000000000e+00
1.286699999999999910e+01 1.506845808029174805e+01 6.200000000000000000e+01 0.000000000000000000e+00
1.288000000000000966e+01 1.506845808029174805e+01 6.300000000000000000e+01 0.000000000000000000e+00
1.312900000000001199e+01 1.506845808029174805e+01 6.400000000000000000e+01 0.000000000000000000e+00
1.346700000000002007e+01 1.506845808029174805e+01 6.500000000000000000e+01 0.000000000000000000e+00
1.364600000000003099e+01 1.506845808029174805e+01 6.600000000000000000e+01 0.000000000000000000e+00
1.366800000000003656e+01 1.506845808029174805e+01 6.700000000000000000e+01 0.000000000000000000e+00
1.402000000000004754e+01 1.506845808029174805e+01 6.800000000000000000e+01 0.000000000000000000e+00
1.423400000000006571e+01 1.506845808029174805e+01 6.900000000000000000e+01 0.000000000000000000e+00
1.444000000000006523e+01 1.506845808029174805e+01 7.000000000000000000e+01 0.000000000000000000e+00
1.476100000000008272e+01 1.506845808029174805e+01 7.100000000000000000e+01 0.000000000000000000e+00
0.000000000000000000e+00 1.506845808029174805e+01 0.000000000000000000e+00 0.000000000000000000e+00
1.506845808029174805e+01 1.506845808029174805e+01 0.000000000000000000e+00 0.000000000000000000e+00
1.506845808029174805e+01 1.506845808029174805e+01 0.000000000000000000e+00 0.000000000000000000e+00
