1.322000000000000064e+00 3.036954522132873535e+01 0.000000000000000000e+00 0.000000000000000000e+00
2.658999999999999808e+00 3.036954522132873535e+01 1.000000000000000000e+00 3.000000000000000000e+00
0.000000000000000000e+00 3.036954522132873535e+01 2.000000000000000000e+00 3.000000000000000000e+00
3.215999999999999748e+00 3.036954522132873535e+01 3.000000000000000000e+00 1.300000000000000000e+01
3.395999999999999908e+00 3.036954522132873535e+01 4.000000000000000000e+00 1.700000000000000000e+01
3.572999999999999954e+00 3.036954522132873535e+01 5.000000000000000000e+00 1.300000000000000000e+01
3.915000000000000036e+00 3.036954522132873535e+01 6.000000000000000000e+00 3.000000000000000000e+00
4.083999999999999631e+00 3.036954522132873535e+01 7.000000000000000000e+00 1.700000000000000000e+01
4.407999999999999474e+00 3.036954522132873535e+01 8.000000000000000000e+00 2.600000000000000000e+01
4.407999999999999474e+00 3.036954522132873535e+01 9.000000000000000000e+00 2.000000000000000000e+01
4.566999999999999282e+00 3.036954522132873535e+01 1.000000000000000000e+01 3.200000000000000000e+01
0.000000000000000000e+00 3.036954522132873535e+01 1.100000000000000000e+01 2.100000000000000000e+01
4.720999999999999197e+00 3.036954522132873535e+01 1.200000000000000000e+01 2.300000000000000000e+01
5.142999999999998906e+00 3.036954522132873535e+01 1.300000000000000000e+01 2.900000000000000000e+01
5.553999999999998494e+00 3.036954522132873535e+01 1.400000000000000000e+01 3.000000000000000000e+01
5.688999999999998280e+00 3.036954522132873535e+01 1.500000000000000000e+01 3.500000000000000000e+01
5.946999999999998288e+00 3.036954522132873535e+01 1.600000000000000000e+01 4.500000000000000000e+01
6.018999999999999240e+00 3.036954522132873535e+01 1.700000000000000000e+01 4.500000000000000000e+01
6.253999999999998671e+00 3.036954522132873535e+01 1.800000000000000000e+01 5.100000000000000000e+01
6.798999999999997712e+00 3.036954522132873535e+01 1.900000000000000000e+01 7.900000000000000000e+01
6.779999999999997584e+00 3.036954522132873535e+01 2.000000000000000000e+01 4.000000000000000000e+01
7.026999999999997470e+00 3.036954522132873535e+01 2.100000000000000000e+01 4.900000000000000000e+01
7.138999999999997570e+00 3.036954522132873535e+01 2.200000000000000000e+01 4.000000000000000000e+01
6.969999999999997975e+00 3.036954522132873535e+01 2.300000000000000000e+01 5.700000000000000000e+01
7.138999999999997570e+00 3.036954522132873535e+01 2.400000000000000000e+01 5.300000000000000000e+01
7.342999999999997307e+00 3.036954522132873535e+01 2.500000000000000000e+01 5.200000000000000000e+01
7.620999999999996888e+00 3.036954522132873535e+01 2.600000000000000000e+01 7.300000000000000000e+01
7.977999999999997094e+00 3.036954522132873535e+01 2.700000000000000000e+01 1.020000000000000000e+02
8.807000000000002160e+00 3.036954522132873535e+01 2.800000000000000000e+01 1.200000000000000000e+02
9.003000000000001890e+00 3.036954522132873535e+01 2.900000000000000000e+01 1.280000000000000000e+02
9.174000000000003041e+00 3.036954522132873535e+01 3.000000000000000000e+01 1.310000000000000000e+02
9.563000000000004164e+00 3.036954522132873535e+01 3.100000000000000000e+01 9.500000000000000000e+01
9.615000000000005542e+00 3.036954522132873535e+01 3.200000000000000000e+01 1.510000000000000000e+02
1.010900000000000354e+01 3.036954522132873535e+01 3.300000000000000000e+01 1.440000000000000000e+02
1.063000000000000256e+01 3.036954522132873535e+01 3.400000000000000000e+01 1.940000000000000000e+02
1.038300000000000267e+01 3.036954522132873535e+01 3.500000000000000000e+01 1.750000000000000000e+02
1.085700000000000465e+01 3.036954522132873535e+01 3.600000000000000000e+01 1.910000000000000000e+02
1.106100000000000527e+01 3.036954522132873535e+01 3.700000000000000000e+01 1.950000000000000000e+02
1.131500000000000483e+01 3.036954522132873535e+01 3.800000000000000000e+01 2.350000000000000000e+02
1.157400000000000340e+01 3.036954522132873535e+01 3.900000000000000000e+01 2.580000000000000000e+02
1.197000000000000597e+01 3.036954522132873535e+01 4.000000000000000000e+01 2.540000000000000000e+02
1.207200000000000628e+01 3.036954522132873535e+01 4.100000000000000000e+01 9.000000000000000000e+00
1.196400000000000752e+01 3.036954522132873535e+01 4.200000000000000000e+01 2.690000000000000000e+02
1.249400000000000510e+01 3.036954522132873535e+01 4.300000000000000000e+01 3.070000000000000000e+02
1.262800000000000544e+01 3.036954522132873535e+01 4.400000000000000000e+01 2.310000000000000000e+02
1.287000000000000455e+01 3.036954522132873535e+01 4.500000000000000000e+01 3.150000000000000000e+02
1.338199999999999790e+01 3.036954522132873535e+01 4.600000000000000000e+01 3.210000000000000000e+02
1.371400000000000219e+01 3.036954522132873535e+01 4.700000000000000000e+01 3.950000000000000000e+02
1.369900000000000517e+01 3.036954522132873535e+01 4.800000000000000000e+01 2.780000000000000000e+02
1.424800000000000466e+01 3.036954522132873535e+01 4.900000000000000000e+01 4.850000000000000000e+02
1.482400000000001228e+01 3.036954522132873535e+01 5.000000000000000000e+01 4.100000000000000000e+02
1.497500000000001208e+01 3.036954522132873535e+01 5.100000000000000000e+01 4.680000000000000000e+02
1.524300000000001098e+01 3.036954522132873535e+01 5.200000000000000000e+01 5.950000000000000000e+02
1.585200000000000742e+01 3.036954522132873535e+01 5.300000000000000000e+01 6.150000000000000000e+02
1.633000000000001251e+01 3.036954522132873535e+01 5.400000000000000000e+01 6.970000000000000000e+02
1.663099999999998602e+01 3.036954522132873535e+01 5.500000000000000000e+01 6.200000000000000000e+02
1.673799999999999599e+01 3.036954522132873535e+01 5.600000000000000000e+01 7.860000000000000000e+02
1.784699999999996933e+01 3.036954522132873535e+01 5.700000000000000000e+01 5.640000000000000000e+02
1.772999999999996135e+01 3.036954522132873535e+01 5.800000000000000000e+01 1.000000000000000000e+00
1.837499999999994316e+01 3.036954522132873535e+01 5.900000000000000000e+01 1.099000000000000000e+03
1.897699999999993281e+01 3.036954522132873535e+01 6.000000000000000000e+01 8.800000000000000000e+02
1.919299999999992679e+01 3.036954522132873535e+01 6.100000000000000000e+01 8.640000000000000000e+02
1.995199999999994489e+01 3.036954522132873535e+01 6.200000000000000000e+01 1.288000000000000000e+03
2.087599999999997991e+01 3.036954522132873535e+01 6.300000000000000000e+01 1.161000000000000000e+03
2.105399999999998784e+01 3.036954522132873535e+01 6.400000000000000000e+01 9.010000000000000000e+02
2.170100000000001117e+01 3.036954522132873535e+01 6.500000000000000000e+01 1.317000000000000000e+03
2.328200000000007108e+01 3.036954522132873535e+01 6.600000000000000000e+01 1.203000000000000000e+03
2.342700000000009553e+01 3.036954522132873535e+01 6.700000000000000000e+01 1.186000000000000000e+03
2.479900000000012383e+01 3.036954522132873535e+01 6.800000000000000000e+01 1.230000000000000000e+03
2.579600000000016280e+01 3.036954522132873535e+01 6.900000000000000000e+01 1.470000000000000000e+03
2.728200000000021319e+01 3.036954522132873535e+01 7.000000000000000000e+01 1.088000000000000000e+03
3.037200000000033029e+01 3.036954522132873535e+01 7.100000000000000000e+01 1.165000000000000000e+03
0.000000000000000000e+00 3.036954522132873535e+01 0.000000000000000000e+00 0.000000000000000000e+00
3.036954522132873535e+01 3.036954522132873535e+01 0.000000000000000000e+00 0.000000000000000000e+00
3.036954522132873535e+01 3.036954522132873535e+01 0.000000000000000000e+00 0.000000000000000000e+00
1.352999999999999980e+00 3.183310914039611816e+01 0.000000000000000000e+00 0.000000000000000000e+00
2.694999999999999396e+00 3.183310914039611816e+01 1.000000000000000000e+00 6.000000000000000000e+00
3.073999999999999400e+00 3.183310914039611816e+01 2.000000000000000000e+00 9.000000000000000000e+00
3.073999999999999400e+00 3.183310914039611816e+01 3.000000000000000000e+00 1.200000000000000000e+01
3.259999999999999343e+00 3.183310914039611816e+01 4.000000000000000000e+00 1.500000000000000000e+01
3.259999999999999343e+00 3.183310914039611816e+01 5.000000000000000000e+00 2.600000000000000000e+01
3.437999999999999279e+00 3.183310914039611816e+01 6.000000000000000000e+00 1.400000000000000000e+01
3.774999999999999467e+00 3.183310914039611816e+01 7.000000000000000000e+00 1.800000000000000000e+01
3.940999999999999392e+00 3.183310914039611816e+01 8.000000000000000000e+00 1.400000000000000000e+01
3.940999999999999392e+00 3.183310914039611816e+01 9.000000000000000000e+00 2.200000000000000000e+01
4.251999999999998892e+00 3.183310914039611816e+01 1.000000000000000000e+01 2.600000000000000000e+01
4.403999999999999027e+00 3.183310914039611816e+01 1.100000000000000000e+01 3.800000000000000000e+01
4.550999999999999268e+00 3.183310914039611816e+01 1.200000000000000000e+01 1.600000000000000000e+01
4.698999999999998956e+00 3.183310914039611816e+01 1.300000000000000000e+01 2.200000000000000000e+01
4.668999999999999595e+00 3.183310914039611816e+01 1.400000000000000000e+01 3.600000000000000000e+01
4.647000000000000242e+00 3.183310914039611816e+01 1.500000000000000000e+01 1.900000000000000000e+01
4.837999999999999190e+00 3.183310914039611816e+01 1.600000000000000000e+01 5.000000000000000000e+00
0.000000000000000000e+00 3.183310914039611816e+01 1.700000000000000000e+01 3.100000000000000000e+01
4.972999999999998977e+00 3.183310914039611816e+01 1.800000000000000000e+01 5.200000000000000000e+01
4.786999999999999922e+00 3.183310914039611816e+01 1.900000000000000000e+01 4.600000000000000000e+01
5.097999999999998977e+00 3.183310914039611816e+01 2.000000000000000000e+01 5.300000000000000000e+01
5.097999999999998977e+00 3.183310914039611816e+01 2.100000000000000000e+01 2.200000000000000000e+01
5.077999999999999403e+00 3.183310914039611816e+01 2.200000000000000000e+01 3.700000000000000000e+01
5.235000000000000320e+00 3.183310914039611816e+01 2.300000000000000000e+01 1.600000000000000000e+01
5.523999999999999133e+00 3.183310914039611816e+01 2.400000000000000000e+01 4.800000000000000000e+01
0.000000000000000000e+00 3.183310914039611816e+01 2.500000000000000000e+01 2.200000000000000000e+01
0.000000000000000000e+00 3.183310914039611816e+01 2.600000000000000000e+01 3.900000000000000000e+01
6.725999999999998202e+00 3.183310914039611816e+01 2.700000000000000000e+01 5.000000000000000000e+01
7.078999999999998849e+00 3.183310914039611816e+01 2.800000000000000000e+01 9.800000000000000000e+01
7.584999999999998188e+00 3.183310914039611816e+01 2.900000000000000000e+01 1.150000000000000000e+02
7.829999999999998295e+00 3.183310914039611816e+01 3.000000000000000000e+01 8.500000000000000000e+01
8.300999999999998380e+00 3.183310914039611816e+01 3.100000000000000000e+01 1.300000000000000000e+02
8.378999999999997783e+00 3.183310914039611816e+01 3.200000000000000000e+01 1.290000000000000000e+02
8.596999999999995978e+00 3.183310914039611816e+01 3.300000000000000000e+01 1.270000000000000000e+02
8.623999999999997002e+00 3.183310914039611816e+01 3.400000000000000000e+01 1.120000000000000000e+02
9.079999999999996518e+00 3.183310914039611816e+01 3.500000000000000000e+01 1.830000000000000000e+02
9.017000000000001236e+00 3.183310914039611816e+01 3.600000000000000000e+01 1.450000000000000000e+02
9.461999999999999744e+00 3.183310914039611816e+01 3.700000000000000000e+01 1.010000000000000000e+02
9.589000000000000412e+00 3.183310914039611816e+01 3.800000000000000000e+01 2.540000000000000000e+02
9.855000000000000426e+00 3.183310914039611816e+01 3.900000000000000000e+01 1.880000000000000000e+02
1.025100000000000122e+01 3.183310914039611816e+01 4.000000000000000000e+01 2.250000000000000000e+02
1.044300000000000317e+01 3.183310914039611816e+01 4.100000000000000000e+01 2.750000000000000000e+02
1.075400000000000489e+01 3.183310914039611816e+01 4.200000000000000000e+01 2.280000000000000000e+02
1.096800000000000175e+01 3.183310914039611816e+01 4.300000000000000000e+01 2.760000000000000000e+02
1.138100000000000023e+01 3.183310914039611816e+01 4.400000000000000000e+01 3.200000000000000000e+02
1.163100000000000200e+01 3.183310914039611816e+01 4.500000000000000000e+01 3.320000000000000000e+02
1.179100000000000037e+01 3.183310914039611816e+01 4.600000000000000000e+01 3.980000000000000000e+02
1.201300000000000345e+01 3.183310914039611816e+01 4.700000000000000000e+01 3.620000000000000000e+02
1.264300000000000423e+01 3.183310914039611816e+01 4.800000000000000000e+01 4.120000000000000000e+02
1.298000000000000398e+01 3.183310914039611816e+01 4.900000000000000000e+01 3.740000000000000000e+02
1.311200000000000898e+01 3.183310914039611816e+01 5.000000000000000000e+01 4.580000000000000000e+02
1.386800000000000388e+01 3.183310914039611816e+01 5.100000000000000000e+01 5.830000000000000000e+02
1.379000000000000092e+01 3.183310914039611816e+01 5.200000000000000000e+01 4.680000000000000000e+02
1.406300000000000061e+01 3.183310914039611816e+01 5.300000000000000000e+01 6.560000000000000000e+02
1.444899999999999274e+01 3.183310914039611816e+01 5.400000000000000000e+01 4.570000000000000000e+02
1.514899999999999203e+01 3.183310914039611816e+01 5.500000000000000000e+01 7.750000000000000000e+02
1.558800000000000274e+01 3.183310914039611816e+01 5.600000000000000000e+01 5.910000000000000000e+02
1.619699999999999207e+01 3.183310914039611816e+01 5.700000000000000000e+01 8.610000000000000000e+02
1.667900000000000205e+01 3.183310914039611816e+01 5.800000000000000000e+01 7.510000000000000000e+02
1.699599999999998090e+01 3.183310914039611816e+01 5.900000000000000000e+01 6.700000000000000000e+02
1.753499999999997883e+01 3.183310914039611816e+01 6.000000000000000000e+01 7.210000000000000000e+02
1.813799999999997326e+01 3.183310914039611816e+01 6.100000000000000000e+01 1.099000000000000000e+03
1.893299999999998917e+01 3.183310914039611816e+01 6.200000000000000000e+01 1.402000000000000000e+03
1.935400000000002052e+01 3.183310914039611816e+01 6.300000000000000000e+01 1.389000000000000000e+03
2.026800000000003976e+01 3.183310914039611816e+01 6.400000000000000000e+01 9.790000000000000000e+02
2.069200000000006412e+01 3.183310914039611816e+01 6.500000000000000000e+01 1.056000000000000000e+03
2.178300000000009717e+01 3.183310914039611816e+01 6.600000000000000000e+01 9.370000000000000000e+02
2.230300000000013583e+01 3.183310914039611816e+01 6.700000000000000000e+01 1.168000000000000000e+03
2.344100000000017303e+01 3.183310914039611816e+01 6.800000000000000000e+01 1.023000000000000000e+03
2.434400000000019659e+01 3.183310914039611816e+01 6.900000000000000000e+01 1.220000000000000000e+03
2.571700000000025810e+01 3.183310914039611816e+01 7.000000000000000000e+01 2.184000000000000000e+03
3.187800000000046197e+01 3.183310914039611816e+01 7.100000000000000000e+01 1.428000000000000000e+03
0.000000000000000000e+00 3.183310914039611816e+01 0.000000000000000000e+00 0.000000000000000000e+00
3.183310914039611816e+01 3.183310914039611816e+01 0.000000000000000000e+00 0.000000000000000000e+00
3.183310914039611816e+01 3.183310914039611816e+01 0.000000000000000000e+00 0.000000000000000000e+00
0.000000000000000000e+00 3.169388914108276367e+01 0.000000000000000000e+00 1.000000000000000000e+00
1.297999999999999821e+00 3.169388914108276367e+01 1.000000000000000000e+00 0.000000000000000000e+00
2.417999999999999705e+00 3.169388914108276367e+01 2.000000000000000000e+00 3.000000000000000000e+00
2.417999999999999705e+00 3.169388914108276367e+01 3.000000000000000000e+00 1.700000000000000000e+01
3.134999999999999787e+00 3.169388914108276367e+01 4.000000000000000000e+00 1.900000000000000000e+01
3.484999999999999876e+00 3.169388914108276367e+01 5.000000000000000000e+00 2.000000000000000000e+01
3.659999999999999698e+00 3.169388914108276367e+01 6.000000000000000000e+00 5.000000000000000000e+00
3.659999999999999698e+00 3.169388914108276367e+01 7.000000000000000000e+00 1.400000000000000000e+01
3.829999999999999627e+00 3.169388914108276367e+01 8.000000000000000000e+00 1.500000000000000000e+01
3.829999999999999627e+00 3.169388914108276367e+01 9.000000000000000000e+00 1.400000000000000000e+01
3.803999999999999382e+00 3.169388914108276367e+01 1.000000000000000000e+01 2.000000000000000000e+01
3.811999999999999389e+00 3.169388914108276367e+01 1.100000000000000000e+01 2.900000000000000000e+01
4.285999999999999588e+00 3.169388914108276367e+01 1.200000000000000000e+01 1.400000000000000000e+01
4.285999999999999588e+00 3.169388914108276367e+01 1.300000000000000000e+01 1.700000000000000000e+01
4.285999999999999588e+00 3.169388914108276367e+01 1.400000000000000000e+01 1.000000000000000000e+01
4.689000000000000057e+00 3.169388914108276367e+01 1.500000000000000000e+01 2.400000000000000000e+01
4.689000000000000057e+00 3.169388914108276367e+01 1.600000000000000000e+01 2.800000000000000000e+01
0.000000000000000000e+00 3.169388914108276367e+01 1.700000000000000000e+01 4.000000000000000000e+00
4.820000000000000284e+00 3.169388914108276367e+01 1.800000000000000000e+01 4.400000000000000000e+01
5.060000000000000497e+00 3.169388914108276367e+01 1.900000000000000000e+01 1.900000000000000000e+01
5.295000000000000817e+00 3.169388914108276367e+01 2.000000000000000000e+01 2.300000000000000000e+01
5.407000000000000917e+00 3.169388914108276367e+01 2.100000000000000000e+01 6.000000000000000000e+00
5.626000000000000334e+00 3.169388914108276367e+01 2.200000000000000000e+01 5.100000000000000000e+01
6.145999999999999908e+00 3.169388914108276367e+01 2.300000000000000000e+01 5.200000000000000000e+01
6.645999999999999908e+00 3.169388914108276367e+01 2.400000000000000000e+01 5.600000000000000000e+01
6.614999999999999325e+00 3.169388914108276367e+01 2.500000000000000000e+01 4.200000000000000000e+01
6.934999999999999609e+00 3.169388914108276367e+01 2.600000000000000000e+01 5.200000000000000000e+01
7.207000000000000739e+00 3.169388914108276367e+01 2.700000000000000000e+01 5.700000000000000000e+01
7.819000000000001727e+00 3.169388914108276367e+01 2.800000000000000000e+01 7.500000000000000000e+01
8.243000000000003880e+00 3.169388914108276367e+01 2.900000000000000000e+01 8.100000000000000000e+01
8.567000000000003723e+00 3.169388914108276367e+01 3.000000000000000000e+01 1.240000000000000000e+02
8.647000000000003794e+00 3.169388914108276367e+01 3.100000000000000000e+01 1.010000000000000000e+02
8.755000000000000782e+00 3.169388914108276367e+01 3.200000000000000000e+01 1.180000000000000000e+02
9.238000000000001322e+00 3.169388914108276367e+01 3.300000000000000000e+01 1.030000000000000000e+02
9.517000000000001236e+00 3.169388914108276367e+01 3.400000000000000000e+01 1.540000000000000000e+02
9.652000000000002800e+00 3.169388914108276367e+01 3.500000000000000000e+01 1.260000000000000000e+02
9.909000000000004249e+00 3.169388914108276367e+01 3.600000000000000000e+01 1.870000000000000000e+02
9.964000000000002188e+00 3.169388914108276367e+01 3.700000000000000000e+01 1.870000000000000000e+02
1.044700000000000450e+01 3.169388914108276367e+01 3.800000000000000000e+01 2.430000000000000000e+02
1.084100000000000108e+01 3.169388914108276367e+01 3.900000000000000000e+01 1.930000000000000000e+02
1.089600000000000080e+01 3.169388914108276367e+01 4.000000000000000000e+01 1.600000000000000000e+01
1.105100000000000193e+01 3.169388914108276367e+01 4.100000000000000000e+01 2.210000000000000000e+02
1.139100000000000179e+01 3.169388914108276367e+01 4.200000000000000000e+01 2.880000000000000000e+02
1.171599999999999930e+01 3.169388914108276367e+01 4.300000000000000000e+01 3.010000000000000000e+02
1.158299999999999486e+01 3.169388914108276367e+01 4.400000000000000000e+01 3.360000000000000000e+02
1.218899999999999650e+01 3.169388914108276367e+01 4.500000000000000000e+01 4.010000000000000000e+02
1.254999999999999361e+01 3.169388914108276367e+01 4.600000000000000000e+01 3.940000000000000000e+02
1.301999999999999957e+01 3.169388914108276367e+01 4.700000000000000000e+01 4.150000000000000000e+02
1.351699999999999946e+01 3.169388914108276367e+01 4.800000000000000000e+01 4.210000000000000000e+02
1.358799999999999919e+01 3.169388914108276367e+01 4.900000000000000000e+01 3.830000000000000000e+02
1.387300000000000111e+01 3.169388914108276367e+01 5.000000000000000000e+01 4.930000000000000000e+02
1.422899999999999565e+01 3.169388914108276367e+01 5.100000000000000000e+01 4.000000000000000000e+02
1.447899999999999565e+01 3.169388914108276367e+01 5.200000000000000000e+01 3.840000000000000000e+02
1.469799999999999329e+01 3.169388914108276367e+01 5.300000000000000000e+01 5.180000000000000000e+02
1.540699999999998049e+01 3.169388914108276367e+01 5.400000000000000000e+01 5.580000000000000000e+02
1.580899999999998151e+01 3.169388914108276367e+01 5.500000000000000000e+01 6.780000000000000000e+02
1.620799999999999130e+01 3.169388914108276367e+01 5.600000000000000000e+01 7.810000000000000000e+02
1.678499999999996817e+01 3.169388914108276367e+01 5.700000000000000000e+01 8.200000000000000000e+02
1.740099999999998204e+01 3.169388914108276367e+01 5.800000000000000000e+01 6.450000000000000000e+02
1.768499999999997385e+01 3.169388914108276367e+01 5.900000000000000000e+01 6.590000000000000000e+02
1.821799999999997866e+01 3.169388914108276367e+01 6.000000000000000000e+01 1.128000000000000000e+03
1.891599999999999326e+01 3.169388914108276367e+01 6.100000000000000000e+01 9.150000000000000000e+02
1.945400000000001128e+01 3.169388914108276367e+01 6.200000000000000000e+01 1.189000000000000000e+03
2.026000000000003709e+01 3.169388914108276367e+01 6.300000000000000000e+01 3.200000000000000000e+01
2.015400000000004255e+01 3.169388914108276367e+01 6.400000000000000000e+01 7.780000000000000000e+02
2.086400000000005761e+01 3.169388914108276367e+01 6.500000000000000000e+01 9.730000000000000000e+02
2.155500000000008853e+01 3.169388914108276367e+01 6.600000000000000000e+01 1.691000000000000000e+03
2.272400000000012810e+01 3.169388914108276367e+01 6.700000000000000000e+01 1.389000000000000000e+03
2.312600000000015044e+01 3.169388914108276367e+01 6.800000000000000000e+01 1.333000000000000000e+03
2.394900000000018991e+01 3.169388914108276367e+01 6.900000000000000000e+01 7.580000000000000000e+02
2.573800000000024468e+01 3.169388914108276367e+01 7.000000000000000000e+01 2.228000000000000000e+03
3.160300000000045983e+01 3.169388914108276367e+01 7.100000000000000000e+01 1.259000000000000000e+03
0.000000000000000000e+00 3.169388914108276367e+01 0.000000000000000000e+00 0.000000000000000000e+00
3.169388914108276367e+01 3.169388914108276367e+01 0.000000000000000000e+00 0.000000000000000000e+00
3.169388914108276367e+01 3.169388914108276367e+01 0.000000000000000000e+00 0.000000000000000000e+00
2.074000000000000288e+00 2.988351774215698242e+01 0.000000000000000000e+00 7.000000000000000000e+00
2.458000000000000185e+00 2.988351774215698242e+01 1.000000000000000000e+00 1.100000000000000000e+01
3.022999999999999687e+00 2.988351774215698242e+01 2.000000000000000000e+00 1.000000000000000000e+01
3.209999999999999520e+00 2.988351774215698242e+01 3.000000000000000000e+00 2.400000000000000000e+01
3.390999999999999570e+00 2.988351774215698242e+01 4.000000000000000000e+00 1.300000000000000000e+01
3.566999999999999726e+00 2.988351774215698242e+01 5.000000000000000000e+00 2.400000000000000000e+01
3.740999999999999659e+00 2.988351774215698242e+01 6.000000000000000000e+00 2.200000000000000000e+01
3.889999999999999680e+00 2.988351774215698242e+01 7.000000000000000000e+00 1.900000000000000000e+01
4.240000000000000213e+00 2.988351774215698242e+01 8.000000000000000000e+00 2.300000000000000000e+01
4.400000000000000355e+00 2.988351774215698242e+01 9.000000000000000000e+00 1.300000000000000000e+01
4.400000000000000355e+00 2.988351774215698242e+01 1.000000000000000000e+01 3.900000000000000000e+01
4.557000000000000384e+00 2.988351774215698242e+01 1.100000000000000000e+01 3.600000000000000000e+01
4.988999999999999879e+00 2.988351774215698242e+01 1.200000000000000000e+01 4.000000000000000000e+01
4.988999999999999879e+00 2.988351774215698242e+01 1.300000000000000000e+01 2.400000000000000000e+01
5.540999999999999481e+00 2.988351774215698242e+01 1.400000000000000000e+01 3.100000000000000000e+01
5.945999999999999730e+00 2.988351774215698242e+01 1.500000000000000000e+01 3.700000000000000000e+01
0.000000000000000000e+00 2.988351774215698242e+01 1.600000000000000000e+01 5.500000000000000000e+01
0.000000000000000000e+00 2.988351774215698242e+01 1.700000000000000000e+01 4.300000000000000000e+01
6.199999999999999289e+00 2.988351774215698242e+01 1.800000000000000000e+01 7.200000000000000000e+01
6.363999999999998991e+00 2.988351774215698242e+01 1.900000000000000000e+01 4.100000000000000000e+01
6.895999999999999908e+00 2.988351774215698242e+01 2.000000000000000000e+01 4.400000000000000000e+01
7.120000000000000107e+00 2.988351774215698242e+01 2.100000000000000000e+01 7.000000000000000000e+01
7.336000000000000298e+00 2.988351774215698242e+01 2.200000000000000000e+01 6.700000000000000000e+01
7.646000000000000796e+00 2.988351774215698242e+01 2.300000000000000000e+01 9.000000000000000000e+01
7.848000000000000753e+00 2.988351774215698242e+01 2.400000000000000000e+01 6.300000000000000000e+01
7.848000000000000753e+00 2.988351774215698242e+01 2.500000000000000000e+01 1.110000000000000000e+02
8.070000000000000284e+00 2.988351774215698242e+01 2.600000000000000000e+01 6.200000000000000000e+01
8.322000000000002728e+00 2.988351774215698242e+01 2.700000000000000000e+01 7.200000000000000000e+01
8.411000000000003141e+00 2.988351774215698242e+01 2.800000000000000000e+01 1.080000000000000000e+02
8.496000000000003993e+00 2.988351774215698242e+01 2.900000000000000000e+01 1.070000000000000000e+02
8.398000000000001464e+00 2.988351774215698242e+01 3.000000000000000000e+01 7.300000000000000000e+01
8.815000000000004832e+00 2.988351774215698242e+01 3.100000000000000000e+01 8.200000000000000000e+01
9.114000000000004320e+00 2.988351774215698242e+01 3.200000000000000000e+01 1.130000000000000000e+02
9.508999999999998565e+00 2.988351774215698242e+01 3.300000000000000000e+01 1.350000000000000000e+02
9.724999999999999645e+00 2.988351774215698242e+01 3.400000000000000000e+01 1.470000000000000000e+02
9.648999999999997357e+00 2.988351774215698242e+01 3.500000000000000000e+01 1.830000000000000000e+02
1.006000000000000050e+01 2.988351774215698242e+01 3.600000000000000000e+01 1.880000000000000000e+02
1.014900000000000091e+01 2.988351774215698242e+01 3.700000000000000000e+01 1.010000000000000000e+02
1.033499999999999908e+01 2.988351774215698242e+01 3.800000000000000000e+01 2.220000000000000000e+02
1.062099999999999866e+01 2.988351774215698242e+01 3.900000000000000000e+01 2.140000000000000000e+02
1.099300000000000388e+01 2.988351774215698242e+01 4.000000000000000000e+01 2.040000000000000000e+02
1.120500000000000362e+01 2.988351774215698242e+01 4.100000000000000000e+01 2.260000000000000000e+02
1.123100000000000342e+01 2.988351774215698242e+01 4.200000000000000000e+01 1.880000000000000000e+02
1.136900000000000155e+01 2.988351774215698242e+01 4.300000000000000000e+01 2.750000000000000000e+02
1.172999999999999687e+01 2.988351774215698242e+01 4.400000000000000000e+01 2.440000000000000000e+02
1.206700000000000017e+01 2.988351774215698242e+01 4.500000000000000000e+01 2.850000000000000000e+02
1.243399999999999395e+01 2.988351774215698242e+01 4.600000000000000000e+01 3.570000000000000000e+02
1.271799999999999464e+01 2.988351774215698242e+01 4.700000000000000000e+01 3.160000000000000000e+02
1.323599999999999710e+01 2.988351774215698242e+01 4.800000000000000000e+01 3.210000000000000000e+02
1.340199999999999569e+01 2.988351774215698242e+01 4.900000000000000000e+01 3.730000000000000000e+02
1.398800000000000310e+01 2.988351774215698242e+01 5.000000000000000000e+01 4.050000000000000000e+02
1.451800000000000068e+01 2.988351774215698242e+01 5.100000000000000000e+01 5.840000000000000000e+02
1.470400000000000240e+01 2.988351774215698242e+01 5.200000000000000000e+01 1.300000000000000000e+01
1.517200000000000060e+01 2.988351774215698242e+01 5.300000000000000000e+01 5.130000000000000000e+02
1.536199999999999477e+01 2.988351774215698242e+01 5.400000000000000000e+01 4.820000000000000000e+02
1.560799999999999521e+01 2.988351774215698242e+01 5.500000000000000000e+01 6.520000000000000000e+02
1.592200000000000237e+01 2.988351774215698242e+01 5.600000000000000000e+01 3.860000000000000000e+02
1.645799999999998775e+01 2.988351774215698242e+01 5.700000000000000000e+01 7.290000000000000000e+02
1.705199999999999960e+01 2.988351774215698242e+01 5.800000000000000000e+01 6.100000000000000000e+02
1.715199999999997971e+01 2.988351774215698242e+01 5.900000000000000000e+01 8.540000000000000000e+02
1.795699999999997587e+01 2.988351774215698242e+01 6.000000000000000000e+01 1.102000000000000000e+03
1.830299999999996885e+01 2.988351774215698242e+01 6.100000000000000000e+01 1.081000000000000000e+03
1.895799999999999486e+01 2.988351774215698242e+01 6.200000000000000000e+01 1.070000000000000000e+03
1.993800000000002015e+01 2.988351774215698242e+01 6.300000000000000000e+01 8.990000000000000000e+02
2.019100000000004513e+01 2.988351774215698242e+01 6.400000000000000000e+01 8.370000000000000000e+02
2.118800000000007699e+01 2.988351774215698242e+01 6.500000000000000000e+01 9.830000000000000000e+02
2.244800000000011764e+01 2.988351774215698242e+01 6.600000000000000000e+01 1.001000000000000000e+03
2.307200000000013773e+01 2.988351774215698242e+01 6.700000000000000000e+01 1.058000000000000000e+03
2.412800000000017775e+01 2.988351774215698242e+01 6.800000000000000000e+01 1.082000000000000000e+03
2.489900000000021052e+01 2.988351774215698242e+01 6.900000000000000000e+01 2.089000000000000000e+03
2.614600000000025659e+01 2.988351774215698242e+01 7.000000000000000000e+01 1.248000000000000000e+03
2.991200000000039338e+01 2.988351774215698242e+01 7.100000000000000000e+01 1.108000000000000000e+03
0.000000000000000000e+00 2.988351774215698242e+01 0.000000000000000000e+00 0.000000000000000000e+00
2.988351774215698242e+01 2.988351774215698242e+01 0.000000000000000000e+00 0.000000000000000000e+00
2.988351774215698242e+01 2.988351774215698242e+01 0.000000000000000000e+00 0.000000000000000000e+00
2.084000000000000075e+00 2.860563445091247559e+01 0.000000000000000000e+00 1.000000000000000000e+00
2.274999999999999911e+00 2.860563445091247559e+01 1.000000000000000000e+00 1.200000000000000000e+01
2.660999999999999588e+00 2.860563445091247559e+01 2.000000000000000000e+00 4.000000000000000000e+00
3.028999999999999471e+00 2.860563445091247559e+01 3.000000000000000000e+00 1.500000000000000000e+01
3.033999999999999364e+00 2.860563445091247559e+01 4.000000000000000000e+00 1.700000000000000000e+01
3.391999999999999460e+00 2.860563445091247559e+01 5.000000000000000000e+00 3.000000000000000000e+00
3.567999999999999616e+00 2.860563445091247559e+01 6.000000000000000000e+00 1.800000000000000000e+01
3.736999999999999655e+00 2.860563445091247559e+01 7.000000000000000000e+00 7.000000000000000000e+00
0.000000000000000000e+00 2.860563445091247559e+01 8.000000000000000000e+00 1.000000000000000000e+00
4.504000000000000448e+00 2.860563445091247559e+01 9.000000000000000000e+00 3.700000000000000000e+01
5.003999999999999559e+00 2.860563445091247559e+01 1.000000000000000000e+01 1.500000000000000000e+01
5.003999999999999559e+00 2.860563445091247559e+01 1.100000000000000000e+01 1.000000000000000000e+01
5.003999999999999559e+00 2.860563445091247559e+01 1.200000000000000000e+01 1.700000000000000000e+01
4.995000000000000107e+00 2.860563445091247559e+01 1.300000000000000000e+01 3.100000000000000000e+01
5.163999999999999702e+00 2.860563445091247559e+01 1.400000000000000000e+01 2.800000000000000000e+01
5.445999999999999730e+00 2.860563445091247559e+01 1.500000000000000000e+01 2.800000000000000000e+01
5.445999999999999730e+00 2.860563445091247559e+01 1.600000000000000000e+01 4.200000000000000000e+01
5.955000000000000071e+00 2.860563445091247559e+01 1.700000000000000000e+01 3.300000000000000000e+01
6.201000000000000512e+00 2.860563445091247559e+01 1.800000000000000000e+01 6.100000000000000000e+01
6.440000000000000391e+00 2.860563445091247559e+01 1.900000000000000000e+01 4.700000000000000000e+01
6.826000000000000512e+00 2.860563445091247559e+01 2.000000000000000000e+01 6.000000000000000000e+01
7.214000000000000412e+00 2.860563445091247559e+01 2.100000000000000000e+01 8.800000000000000000e+01
7.346000000000000085e+00 2.860563445091247559e+01 2.200000000000000000e+01 3.500000000000000000e+01
7.334000000000000519e+00 2.860563445091247559e+01 2.300000000000000000e+01 5.300000000000000000e+01
7.797000000000000597e+00 2.860563445091247559e+01 2.400000000000000000e+01 6.600000000000000000e+01
7.996000000000000441e+00 2.860563445091247559e+01 2.500000000000000000e+01 8.600000000000000000e+01
7.996000000000000441e+00 2.860563445091247559e+01 2.600000000000000000e+01 7.700000000000000000e+01
8.097000000000001307e+00 2.860563445091247559e+01 2.700000000000000000e+01 1.190000000000000000e+02
8.272000000000002018e+00 2.860563445091247559e+01 2.800000000000000000e+01 6.000000000000000000e+01
8.415000000000002700e+00 2.860563445091247559e+01 2.900000000000000000e+01 3.000000000000000000e+00
8.633000000000002672e+00 2.860563445091247559e+01 3.000000000000000000e+01 6.700000000000000000e+01
8.956000000000003070e+00 2.860563445091247559e+01 3.100000000000000000e+01 1.200000000000000000e+02
9.255000000000002558e+00 2.860563445091247559e+01 3.200000000000000000e+01 1.450000000000000000e+02
9.475000000000001421e+00 2.860563445091247559e+01 3.300000000000000000e+01 1.180000000000000000e+02
9.755000000000000782e+00 2.860563445091247559e+01 3.400000000000000000e+01 1.480000000000000000e+02
1.016200000000000436e+01 2.860563445091247559e+01 3.500000000000000000e+01 1.630000000000000000e+02
1.022800000000000509e+01 2.860563445091247559e+01 3.600000000000000000e+01 1.590000000000000000e+02
1.064200000000000834e+01 2.860563445091247559e+01 3.700000000000000000e+01 1.520000000000000000e+02
1.071600000000000819e+01 2.860563445091247559e+01 3.800000000000000000e+01 1.630000000000000000e+02
1.100000000000000711e+01 2.860563445091247559e+01 3.900000000000000000e+01 1.560000000000000000e+02
1.142600000000000904e+01 2.860563445091247559e+01 4.000000000000000000e+01 1.580000000000000000e+02
1.131900000000000972e+01 2.860563445091247559e+01 4.100000000000000000e+01 2.600000000000000000e+02
1.181000000000000938e+01 2.860563445091247559e+01 4.200000000000000000e+01 3.280000000000000000e+02
1.229200000000000870e+01 2.860563445091247559e+01 4.300000000000000000e+01 2.700000000000000000e+02
1.273800000000001020e+01 2.860563445091247559e+01 4.400000000000000000e+01 3.090000000000000000e+02
1.286500000000001087e+01 2.860563445091247559e+01 4.500000000000000000e+01 2.900000000000000000e+02
1.318200000000000749e+01 2.860563445091247559e+01 4.600000000000000000e+01 3.220000000000000000e+02
1.349100000000001387e+01 2.860563445091247559e+01 4.700000000000000000e+01 4.510000000000000000e+02
1.382500000000001528e+01 2.860563445091247559e+01 4.800000000000000000e+01 3.370000000000000000e+02
1.431700000000001616e+01 2.860563445091247559e+01 4.900000000000000000e+01 4.960000000000000000e+02
1.462200000000002120e+01 2.860563445091247559e+01 5.000000000000000000e+01 4.640000000000000000e+02
1.483500000000001862e+01 2.860563445091247559e+01 5.100000000000000000e+01 5.330000000000000000e+02
1.506000000000001826e+01 2.860563445091247559e+01 5.200000000000000000e+01 5.150000000000000000e+02
1.563400000000001810e+01 2.860563445091247559e+01 5.300000000000000000e+01 4.270000000000000000e+02
1.559000000000001762e+01 2.860563445091247559e+01 5.400000000000000000e+01 2.500000000000000000e+01
1.601800000000001489e+01 2.860563445091247559e+01 5.500000000000000000e+01 6.500000000000000000e+02
1.648500000000000654e+01 2.860563445091247559e+01 5.600000000000000000e+01 4.960000000000000000e+02
1.726099999999998857e+01 2.860563445091247559e+01 5.700000000000000000e+01 7.340000000000000000e+02
1.745999999999999019e+01 2.860563445091247559e+01 5.800000000000000000e+01 7.220000000000000000e+02
1.777199999999997004e+01 2.860563445091247559e+01 5.900000000000000000e+01 9.170000000000000000e+02
1.870299999999996388e+01 2.860563445091247559e+01 6.000000000000000000e+01 6.280000000000000000e+02
0.000000000000000000e+00 2.860563445091247559e+01 6.100000000000000000e+01 7.140000000000000000e+02
1.917999999999997129e+01 2.860563445091247559e+01 6.200000000000000000e+01 1.204000000000000000e+03
2.011300000000000665e+01 2.860563445091247559e+01 6.300000000000000000e+01 7.640000000000000000e+02
0.000000000000000000e+00 2.860563445091247559e+01 6.400000000000000000e+01 1.157000000000000000e+03
2.069900000000003715e+01 2.860563445091247559e+01 6.500000000000000000e+01 1.323000000000000000e+03
2.194400000000008433e+01 2.860563445091247559e+01 6.600000000000000000e+01 1.001000000000000000e+03
2.227400000000009328e+01 2.860563445091247559e+01 6.700000000000000000e+01 9.520000000000000000e+02
2.327000000000013102e+01 2.860563445091247559e+01 6.800000000000000000e+01 1.472000000000000000e+03
2.525600000000019563e+01 2.860563445091247559e+01 6.900000000000000000e+01 9.810000000000000000e+02
2.585200000000022413e+01 2.860563445091247559e+01 7.000000000000000000e+01 9.690000000000000000e+02
2.840000000000032188e+01 2.860563445091247559e+01 7.100000000000000000e+01 1.112000000000000000e+03
0.000000000000000000e+00 2.860563445091247559e+01 0.000000000000000000e+00 0.000000000000000000e+00
2.860563445091247559e+01 2.860563445091247559e+01 0.000000000000000000e+00 0.000000000000000000e+00
2.860563445091247559e+01 2.860563445091247559e+01 0.000000000000000000e+00 0.000000000000000000e+00
1.334999999999999964e+00 2.808955168724060059e+01 0.000000000000000000e+00 2.000000000000000000e+00
2.298999999999999932e+00 2.808955168724060059e+01 1.000000000000000000e+00 3.000000000000000000e+00
2.489999999999999769e+00 2.808955168724060059e+01 2.000000000000000000e+00 2.100000000000000000e+01
2.857999999999999652e+00 2.808955168724060059e+01 3.000000000000000000e+00 1.000000000000000000e+01
3.216999999999999638e+00 2.808955168724060059e+01 4.000000000000000000e+00 1.200000000000000000e+01
0.000000000000000000e+00 2.808955168724060059e+01 5.000000000000000000e+00 2.000000000000000000e+01
3.394999999999999574e+00 2.808955168724060059e+01 6.000000000000000000e+00 1.000000000000000000e+01
3.563999999999999613e+00 2.808955168724060059e+01 7.000000000000000000e+00 2.300000000000000000e+01
3.371999999999999442e+00 2.808955168724060059e+01 8.000000000000000000e+00 2.400000000000000000e+01
3.887999999999999456e+00 2.808955168724060059e+01 9.000000000000000000e+00 1.100000000000000000e+01
3.887999999999999456e+00 2.808955168724060059e+01 1.000000000000000000e+01 1.600000000000000000e+01
4.341999999999999638e+00 2.808955168724060059e+01 1.100000000000000000e+01 3.700000000000000000e+01
4.488999999999999879e+00 2.808955168724060059e+01 1.200000000000000000e+01 3.900000000000000000e+01
0.000000000000000000e+00 2.808955168724060059e+01 1.300000000000000000e+01 3.000000000000000000e+01
5.182000000000000384e+00 2.808955168724060059e+01 1.400000000000000000e+01 2.600000000000000000e+01
5.182000000000000384e+00 2.808955168724060059e+01 1.500000000000000000e+01 4.500000000000000000e+01
5.581000000000000405e+00 2.808955168724060059e+01 1.600000000000000000e+01 3.800000000000000000e+01
6.329999999999999183e+00 2.808955168724060059e+01 1.700000000000000000e+01 4.500000000000000000e+01
6.452999999999999403e+00 2.808955168724060059e+01 1.800000000000000000e+01 5.500000000000000000e+01
6.688999999999999169e+00 2.808955168724060059e+01 1.900000000000000000e+01 3.900000000000000000e+01
6.804999999999998828e+00 2.808955168724060059e+01 2.000000000000000000e+01 7.100000000000000000e+01
7.135999999999999233e+00 2.808955168724060059e+01 2.100000000000000000e+01 2.900000000000000000e+01
7.244999999999999218e+00 2.808955168724060059e+01 2.200000000000000000e+01 6.700000000000000000e+01
7.116999999999998217e+00 2.808955168724060059e+01 2.300000000000000000e+01 6.000000000000000000e+01
7.452999999999999403e+00 2.808955168724060059e+01 2.400000000000000000e+01 7.300000000000000000e+01
7.658999999999998920e+00 2.808955168724060059e+01 2.500000000000000000e+01 5.000000000000000000e+01
8.035999999999999588e+00 2.808955168724060059e+01 2.600000000000000000e+01 5.600000000000000000e+01
8.307999999999999829e+00 2.808955168724060059e+01 2.700000000000000000e+01 8.400000000000000000e+01
8.745999999999998664e+00 2.808955168724060059e+01 2.800000000000000000e+01 9.800000000000000000e+01
9.166999999999998039e+00 2.808955168724060059e+01 2.900000000000000000e+01 1.510000000000000000e+02
9.207999999999996632e+00 2.808955168724060059e+01 3.000000000000000000e+01 9.800000000000000000e+01
9.331999999999997186e+00 2.808955168724060059e+01 3.100000000000000000e+01 1.150000000000000000e+02
9.486999999999996547e+00 2.808955168724060059e+01 3.200000000000000000e+01 1.390000000000000000e+02
9.613999999999995438e+00 2.808955168724060059e+01 3.300000000000000000e+01 1.230000000000000000e+02
9.984999999999995879e+00 2.808955168724060059e+01 3.400000000000000000e+01 1.560000000000000000e+02
1.005399999999999672e+01 2.808955168724060059e+01 3.500000000000000000e+01 1.770000000000000000e+02
1.031299999999999883e+01 2.808955168724060059e+01 3.600000000000000000e+01 2.310000000000000000e+02
1.041300000000000026e+01 2.808955168724060059e+01 3.700000000000000000e+01 1.020000000000000000e+02
1.034299999999999997e+01 2.808955168724060059e+01 3.800000000000000000e+01 2.060000000000000000e+02
1.101299999999999812e+01 2.808955168724060059e+01 3.900000000000000000e+01 2.410000000000000000e+02
1.122799999999999798e+01 2.808955168724060059e+01 4.000000000000000000e+01 2.380000000000000000e+02
1.126099999999999923e+01 2.808955168724060059e+01 4.100000000000000000e+01 1.680000000000000000e+02
1.148999999999999666e+01 2.808955168724060059e+01 4.200000000000000000e+01 2.620000000000000000e+02
1.196299999999999564e+01 2.808955168724060059e+01 4.300000000000000000e+01 2.810000000000000000e+02
1.195999999999999197e+01 2.808955168724060059e+01 4.400000000000000000e+01 2.260000000000000000e+02
1.224199999999999200e+01 2.808955168724060059e+01 4.500000000000000000e+01 3.430000000000000000e+02
1.286199999999998411e+01 2.808955168724060059e+01 4.600000000000000000e+01 3.500000000000000000e+02
0.000000000000000000e+00 2.808955168724060059e+01 4.700000000000000000e+01 3.630000000000000000e+02
1.335299999999998555e+01 2.808955168724060059e+01 4.800000000000000000e+01 3.890000000000000000e+02
1.370699999999998298e+01 2.808955168724060059e+01 4.900000000000000000e+01 4.540000000000000000e+02
1.389099999999998403e+01 2.808955168724060059e+01 5.000000000000000000e+01 9.000000000000000000e+00
1.415199999999997615e+01 2.808955168724060059e+01 5.100000000000000000e+01 3.630000000000000000e+02
1.438999999999997570e+01 2.808955168724060059e+01 5.200000000000000000e+01 4.870000000000000000e+02
1.475699999999997480e+01 2.808955168724060059e+01 5.300000000000000000e+01 6.020000000000000000e+02
1.502699999999996905e+01 2.808955168724060059e+01 5.400000000000000000e+01 4.300000000000000000e+02
1.587599999999996747e+01 2.808955168724060059e+01 5.500000000000000000e+01 6.030000000000000000e+02
1.643699999999998340e+01 2.808955168724060059e+01 5.600000000000000000e+01 6.710000000000000000e+02
1.647899999999998499e+01 2.808955168724060059e+01 5.700000000000000000e+01 5.960000000000000000e+02
1.711199999999998766e+01 2.808955168724060059e+01 5.800000000000000000e+01 9.360000000000000000e+02
1.770199999999995555e+01 2.808955168724060059e+01 5.900000000000000000e+01 8.550000000000000000e+02
1.831099999999994310e+01 2.808955168724060059e+01 6.000000000000000000e+01 9.440000000000000000e+02
0.000000000000000000e+00 2.808955168724060059e+01 6.100000000000000000e+01 7.280000000000000000e+02
1.887799999999995393e+01 2.808955168724060059e+01 6.200000000000000000e+01 1.225000000000000000e+03
1.964999999999998792e+01 2.808955168724060059e+01 6.300000000000000000e+01 9.840000000000000000e+02
2.120900000000003160e+01 2.808955168724060059e+01 6.400000000000000000e+01 1.052000000000000000e+03
2.147000000000004505e+01 2.808955168724060059e+01 6.500000000000000000e+01 9.930000000000000000e+02
2.203000000000006509e+01 2.808955168724060059e+01 6.600000000000000000e+01 1.463000000000000000e+03
2.305500000000010630e+01 2.808955168724060059e+01 6.700000000000000000e+01 1.115000000000000000e+03
2.340900000000012326e+01 2.808955168724060059e+01 6.800000000000000000e+01 1.393000000000000000e+03
2.577300000000020574e+01 2.808955168724060059e+01 6.900000000000000000e+01 2.219000000000000000e+03
2.716600000000025261e+01 2.808955168724060059e+01 7.000000000000000000e+01 1.440000000000000000e+03
2.808000000000028606e+01 2.808955168724060059e+01 7.100000000000000000e+01 1.283000000000000000e+03
0.000000000000000000e+00 2.808955168724060059e+01 0.000000000000000000e+00 0.000000000000000000e+00
2.808955168724060059e+01 2.808955168724060059e+01 0.000000000000000000e+00 0.000000000000000000e+00
2.808955168724060059e+01 2.808955168724060059e+01 0.000000000000000000e+00 0.000000000000000000e+00
1.899000000000000021e+00 3.132265877723693848e+01 0.000000000000000000e+00 1.100000000000000000e+01
2.285000000000000142e+00 3.132265877723693848e+01 1.000000000000000000e+00 1.300000000000000000e+01
2.285000000000000142e+00 3.132265877723693848e+01 2.000000000000000000e+00 1.000000000000000000e+01
2.657999999999999918e+00 3.132265877723693848e+01 3.000000000000000000e+00 8.000000000000000000e+00
3.016000000000000014e+00 3.132265877723693848e+01 4.000000000000000000e+00 2.300000000000000000e+01
3.016000000000000014e+00 3.132265877723693848e+01 5.000000000000000000e+00 9.000000000000000000e+00
3.193999999999999950e+00 3.132265877723693848e+01 6.000000000000000000e+00 1.400000000000000000e+01
3.524999999999999911e+00 3.132265877723693848e+01 7.000000000000000000e+00 1.900000000000000000e+01
3.524999999999999911e+00 3.132265877723693848e+01 8.000000000000000000e+00 1.600000000000000000e+01
3.995999999999999996e+00 3.132265877723693848e+01 9.000000000000000000e+00 2.400000000000000000e+01
4.456999999999999851e+00 3.132265877723693848e+01 1.000000000000000000e+01 2.100000000000000000e+01
4.609999999999999432e+00 3.132265877723693848e+01 1.100000000000000000e+01 1.600000000000000000e+01
4.760999999999999233e+00 3.132265877723693848e+01 1.200000000000000000e+01 3.100000000000000000e+01
4.902999999999999581e+00 3.132265877723693848e+01 1.300000000000000000e+01 1.700000000000000000e+01
4.902999999999999581e+00 3.132265877723693848e+01 1.400000000000000000e+01 3.500000000000000000e+01
5.041999999999999815e+00 3.132265877723693848e+01 1.500000000000000000e+01 3.000000000000000000e+01
5.041999999999999815e+00 3.132265877723693848e+01 1.600000000000000000e+01 1.000000000000000000e+01
5.041999999999999815e+00 3.132265877723693848e+01 1.700000000000000000e+01 4.800000000000000000e+01
5.224000000000000199e+00 3.132265877723693848e+01 1.800000000000000000e+01 1.800000000000000000e+01
5.657000000000000028e+00 3.132265877723693848e+01 1.900000000000000000e+01 4.400000000000000000e+01
5.794000000000000483e+00 3.132265877723693848e+01 2.000000000000000000e+01 2.800000000000000000e+01
6.445000000000001172e+00 3.132265877723693848e+01 2.100000000000000000e+01 4.900000000000000000e+01
6.871000000000001329e+00 3.132265877723693848e+01 2.200000000000000000e+01 7.100000000000000000e+01
7.078000000000002068e+00 3.132265877723693848e+01 2.300000000000000000e+01 8.300000000000000000e+01
6.888000000000002565e+00 3.132265877723693848e+01 2.400000000000000000e+01 6.800000000000000000e+01
7.471000000000002750e+00 3.132265877723693848e+01 2.500000000000000000e+01 1.020000000000000000e+02
7.471000000000002750e+00 3.132265877723693848e+01 2.600000000000000000e+01 9.100000000000000000e+01
7.748000000000002885e+00 3.132265877723693848e+01 2.700000000000000000e+01 1.010000000000000000e+02
7.932000000000003048e+00 3.132265877723693848e+01 2.800000000000000000e+01 3.200000000000000000e+01
8.080000000000003624e+00 3.132265877723693848e+01 2.900000000000000000e+01 1.070000000000000000e+02
8.506000000000002004e+00 3.132265877723693848e+01 3.000000000000000000e+01 1.370000000000000000e+02
8.742000000000000881e+00 3.132265877723693848e+01 3.100000000000000000e+01 1.100000000000000000e+02
9.041000000000000369e+00 3.132265877723693848e+01 3.200000000000000000e+01 1.240000000000000000e+02
9.057999999999999829e+00 3.132265877723693848e+01 3.300000000000000000e+01 1.160000000000000000e+02
9.572000000000000952e+00 3.132265877723693848e+01 3.400000000000000000e+01 1.240000000000000000e+02
9.833000000000000185e+00 3.132265877723693848e+01 3.500000000000000000e+01 1.690000000000000000e+02
1.015100000000000158e+01 3.132265877723693848e+01 3.600000000000000000e+01 1.620000000000000000e+02
1.026100000000000279e+01 3.132265877723693848e+01 3.700000000000000000e+01 1.360000000000000000e+02
1.052400000000000446e+01 3.132265877723693848e+01 3.800000000000000000e+01 2.370000000000000000e+02
1.079400000000000048e+01 3.132265877723693848e+01 3.900000000000000000e+01 1.850000000000000000e+02
1.123300000000000409e+01 3.132265877723693848e+01 4.000000000000000000e+01 2.890000000000000000e+02
1.116700000000000692e+01 3.132265877723693848e+01 4.100000000000000000e+01 2.450000000000000000e+02
1.126200000000000578e+01 3.132265877723693848e+01 4.200000000000000000e+01 3.230000000000000000e+02
1.169600000000000151e+01 3.132265877723693848e+01 4.300000000000000000e+01 2.720000000000000000e+02
1.221600000000000286e+01 3.132265877723693848e+01 4.400000000000000000e+01 2.700000000000000000e+02
1.296300000000000274e+01 3.132265877723693848e+01 4.500000000000000000e+01 3.360000000000000000e+02
0.000000000000000000e+00 3.132265877723693848e+01 4.600000000000000000e+01 1.300000000000000000e+01
1.277200000000000202e+01 3.132265877723693848e+01 4.700000000000000000e+01 3.520000000000000000e+02
1.323800000000000310e+01 3.132265877723693848e+01 4.800000000000000000e+01 4.520000000000000000e+02
1.357399999999999984e+01 3.132265877723693848e+01 4.900000000000000000e+01 4.110000000000000000e+02
1.405500000000000149e+01 3.132265877723693848e+01 5.000000000000000000e+01 5.180000000000000000e+02
1.429100000000000037e+01 3.132265877723693848e+01 5.100000000000000000e+01 5.040000000000000000e+02
1.451600000000000001e+01 3.132265877723693848e+01 5.200000000000000000e+01 6.020000000000000000e+02
1.511900000000000155e+01 3.132265877723693848e+01 5.300000000000000000e+01 8.140000000000000000e+02
1.578399999999998649e+01 3.132265877723693848e+01 5.400000000000000000e+01 5.470000000000000000e+02
1.576299999999998569e+01 3.132265877723693848e+01 5.500000000000000000e+01 5.960000000000000000e+02
1.629699999999998994e+01 3.132265877723693848e+01 5.600000000000000000e+01 8.030000000000000000e+02
1.687999999999994927e+01 3.132265877723693848e+01 5.700000000000000000e+01 5.530000000000000000e+02
1.695799999999994867e+01 3.132265877723693848e+01 5.800000000000000000e+01 8.500000000000000000e+02
1.762299999999991584e+01 3.132265877723693848e+01 5.900000000000000000e+01 9.710000000000000000e+02
1.772899999999991039e+01 3.132265877723693848e+01 6.000000000000000000e+01 1.077000000000000000e+03
1.888599999999993884e+01 3.132265877723693848e+01 6.100000000000000000e+01 7.350000000000000000e+02
1.930099999999994509e+01 3.132265877723693848e+01 6.200000000000000000e+01 1.258000000000000000e+03
2.001699999999997104e+01 3.132265877723693848e+01 6.300000000000000000e+01 9.490000000000000000e+02
2.030899999999998329e+01 3.132265877723693848e+01 6.400000000000000000e+01 1.505000000000000000e+03
2.091200000000000969e+01 3.132265877723693848e+01 6.500000000000000000e+01 1.106000000000000000e+03
2.174900000000003786e+01 3.132265877723693848e+01 6.600000000000000000e+01 1.103000000000000000e+03
2.264700000000006952e+01 3.132265877723693848e+01 6.700000000000000000e+01 1.081000000000000000e+03
2.335600000000009047e+01 3.132265877723693848e+01 6.800000000000000000e+01 1.061000000000000000e+03
2.544200000000016715e+01 3.132265877723693848e+01 6.900000000000000000e+01 1.430000000000000000e+03
2.639400000000020441e+01 3.132265877723693848e+01 7.000000000000000000e+01 2.273000000000000000e+03
3.119200000000037676e+01 3.132265877723693848e+01 7.100000000000000000e+01 1.299000000000000000e+03
0.000000000000000000e+00 3.132265877723693848e+01 0.000000000000000000e+00 0.000000000000000000e+00
3.132265877723693848e+01 3.132265877723693848e+01 0.000000000000000000e+00 0.000000000000000000e+00
3.132265877723693848e+01 3.132265877723693848e+01 0.000000000000000000e+00 0.000000000000000000e+00
1.481999999999999762e+00 3.172373723983764648e+01 0.000000000000000000e+00 0.000000000000000000e+00
2.436999999999999833e+00 3.172373723983764648e+01 1.000000000000000000e+00 1.100000000000000000e+01
3.185999999999999499e+00 3.172373723983764648e+01 2.000000000000000000e+00 1.200000000000000000e+01
3.185999999999999499e+00 3.172373723983764648e+01 3.000000000000000000e+00 2.000000000000000000e+00
3.547999999999999599e+00 3.172373723983764648e+01 4.000000000000000000e+00 2.400000000000000000e+01
3.547999999999999599e+00 3.172373723983764648e+01 5.000000000000000000e+00 1.500000000000000000e+01
3.896999999999999797e+00 3.172373723983764648e+01 6.000000000000000000e+00 2.900000000000000000e+01
3.896999999999999797e+00 3.172373723983764648e+01 7.000000000000000000e+00 2.900000000000000000e+01
4.546000000000000263e+00 3.172373723983764648e+01 8.000000000000000000e+00 2.700000000000000000e+01
4.862000000000000099e+00 3.172373723983764648e+01 9.000000000000000000e+00 2.500000000000000000e+01
4.862000000000000099e+00 3.172373723983764648e+01 1.000000000000000000e+01 1.600000000000000000e+01
5.017000000000000348e+00 3.172373723983764648e+01 1.100000000000000000e+01 1.000000000000000000e+00
5.164000000000000590e+00 3.172373723983764648e+01 1.200000000000000000e+01 2.400000000000000000e+01
5.308000000000000718e+00 3.172373723983764648e+01 1.300000000000000000e+01 5.700000000000000000e+01
5.452000000000000846e+00 3.172373723983764648e+01 1.400000000000000000e+01 8.000000000000000000e+00
5.261000000000001009e+00 3.172373723983764648e+01 1.500000000000000000e+01 3.700000000000000000e+01
5.844000000000001194e+00 3.172373723983764648e+01 1.600000000000000000e+01 2.200000000000000000e+01
5.902999999999999581e+00 3.172373723983764648e+01 1.700000000000000000e+01 5.800000000000000000e+01
6.461000000000000298e+00 3.172373723983764648e+01 1.800000000000000000e+01 5.100000000000000000e+01
6.288999999999999702e+00 3.172373723983764648e+01 1.900000000000000000e+01 6.300000000000000000e+01
6.582000000000000739e+00 3.172373723983764648e+01 2.000000000000000000e+01 7.200000000000000000e+01
6.631000000000001116e+00 3.172373723983764648e+01 2.100000000000000000e+01 6.000000000000000000e+01
6.900999999999999801e+00 3.172373723983764648e+01 2.200000000000000000e+01 6.200000000000000000e+01
7.232000000000000206e+00 3.172373723983764648e+01 2.300000000000000000e+01 4.900000000000000000e+01
7.189000000000000057e+00 3.172373723983764648e+01 2.400000000000000000e+01 5.500000000000000000e+01
7.336000000000000298e+00 3.172373723983764648e+01 2.500000000000000000e+01 5.500000000000000000e+01
7.531000000000000583e+00 3.172373723983764648e+01 2.600000000000000000e+01 9.600000000000000000e+01
7.893000000000001570e+00 3.172373723983764648e+01 2.700000000000000000e+01 5.700000000000000000e+01
7.982000000000001982e+00 3.172373723983764648e+01 2.800000000000000000e+01 6.700000000000000000e+01
8.068000000000001393e+00 3.172373723983764648e+01 2.900000000000000000e+01 7.100000000000000000e+01
8.217000000000002302e+00 3.172373723983764648e+01 3.000000000000000000e+01 6.100000000000000000e+01
8.786000000000001364e+00 3.172373723983764648e+01 3.100000000000000000e+01 1.340000000000000000e+02
9.012000000000000455e+00 3.172373723983764648e+01 3.200000000000000000e+01 1.060000000000000000e+02
9.229999999999998650e+00 3.172373723983764648e+01 3.300000000000000000e+01 1.120000000000000000e+02
9.562999999999998835e+00 3.172373723983764648e+01 3.400000000000000000e+01 1.140000000000000000e+02
9.785000000000001918e+00 3.172373723983764648e+01 3.500000000000000000e+01 1.630000000000000000e+02
9.823000000000002174e+00 3.172373723983764648e+01 3.600000000000000000e+01 1.770000000000000000e+02
0.000000000000000000e+00 3.172373723983764648e+01 3.700000000000000000e+01 1.050000000000000000e+02
1.051200000000000223e+01 3.172373723983764648e+01 3.800000000000000000e+01 2.350000000000000000e+02
1.080100000000000016e+01 3.172373723983764648e+01 3.900000000000000000e+01 2.230000000000000000e+02
1.129800000000000182e+01 3.172373723983764648e+01 4.000000000000000000e+01 2.630000000000000000e+02
1.136400000000000254e+01 3.172373723983764648e+01 4.100000000000000000e+01 2.590000000000000000e+02
1.138400000000000389e+01 3.172373723983764648e+01 4.200000000000000000e+01 9.600000000000000000e+01
1.162700000000000244e+01 3.172373723983764648e+01 4.300000000000000000e+01 2.710000000000000000e+02
1.190800000000000125e+01 3.172373723983764648e+01 4.400000000000000000e+01 2.900000000000000000e+02
1.254100000000000215e+01 3.172373723983764648e+01 4.500000000000000000e+01 3.040000000000000000e+02
1.256700000000000195e+01 3.172373723983764648e+01 4.600000000000000000e+01 3.070000000000000000e+02
1.274300000000000388e+01 3.172373723983764648e+01 4.700000000000000000e+01 4.300000000000000000e+02
1.316300000000000914e+01 3.172373723983764648e+01 4.800000000000000000e+01 3.470000000000000000e+02
1.338300000000000622e+01 3.172373723983764648e+01 4.900000000000000000e+01 4.040000000000000000e+02
1.406600000000001316e+01 3.172373723983764648e+01 5.000000000000000000e+01 5.030000000000000000e+02
1.452600000000000868e+01 3.172373723983764648e+01 5.100000000000000000e+01 4.980000000000000000e+02
1.505000000000000959e+01 3.172373723983764648e+01 5.200000000000000000e+01 5.030000000000000000e+02
1.550600000000000733e+01 3.172373723983764648e+01 5.300000000000000000e+01 5.420000000000000000e+02
1.600599999999999312e+01 3.172373723983764648e+01 5.400000000000000000e+01 5.700000000000000000e+02
1.633399999999998897e+01 3.172373723983764648e+01 5.500000000000000000e+01 8.480000000000000000e+02
1.673599999999999710e+01 3.172373723983764648e+01 5.600000000000000000e+01 5.550000000000000000e+02
1.726799999999998292e+01 3.172373723983764648e+01 5.700000000000000000e+01 9.640000000000000000e+02
1.791299999999999670e+01 3.172373723983764648e+01 5.800000000000000000e+01 9.460000000000000000e+02
1.771699999999999164e+01 3.172373723983764648e+01 5.900000000000000000e+01 6.730000000000000000e+02
1.795399999999998641e+01 3.172373723983764648e+01 6.000000000000000000e+01 1.700000000000000000e+01
1.831799999999998363e+01 3.172373723983764648e+01 6.100000000000000000e+01 1.329000000000000000e+03
1.906099999999999639e+01 3.172373723983764648e+01 6.200000000000000000e+01 1.153000000000000000e+03
1.961900000000001043e+01 3.172373723983764648e+01 6.300000000000000000e+01 8.340000000000000000e+02
2.044800000000002882e+01 3.172373723983764648e+01 6.400000000000000000e+01 1.499000000000000000e+03
2.075700000000004053e+01 3.172373723983764648e+01 6.500000000000000000e+01 9.090000000000000000e+02
2.181800000000008311e+01 3.172373723983764648e+01 6.600000000000000000e+01 8.880000000000000000e+02
2.269800000000011408e+01 3.172373723983764648e+01 6.700000000000000000e+01 1.125000000000000000e+03
2.409500000000016584e+01 3.172373723983764648e+01 6.800000000000000000e+01 1.561000000000000000e+03
2.493900000000019901e+01 3.172373723983764648e+01 6.900000000000000000e+01 1.272000000000000000e+03
2.696000000000027086e+01 3.172373723983764648e+01 7.000000000000000000e+01 1.040000000000000000e+03
3.171200000000044739e+01 3.172373723983764648e+01 7.100000000000000000e+01 1.306000000000000000e+03
0.000000000000000000e+00 3.172373723983764648e+01 0.000000000000000000e+00 0.000000000000000000e+00
3.172373723983764648e+01 3.172373723983764648e+01 0.000000000000000000e+00 0.000000000000000000e+00
3.172373723983764648e+01 3.172373723983764648e+01 0.000000000000000000e+00 0.000000000000000000e+00
1.314999999999999947e+00 3.270139312744140625e+01 0.000000000000000000e+00 4.000000000000000000e+00
2.078999999999999737e+00 3.270139312744140625e+01 1.000000000000000000e+00 9.000000000000000000e+00
2.267999999999999794e+00 3.270139312744140625e+01 2.000000000000000000e+00 1.600000000000000000e+01
2.815999999999999837e+00 3.270139312744140625e+01 3.000000000000000000e+00 1.600000000000000000e+01
2.815999999999999837e+00 3.270139312744140625e+01 4.000000000000000000e+00 1.200000000000000000e+01
2.816999999999999726e+00 3.270139312744140625e+01 5.000000000000000000e+00 1.200000000000000000e+01
2.998999999999999666e+00 3.270139312744140625e+01 6.000000000000000000e+00 2.000000000000000000e+01
3.496999999999999886e+00 3.270139312744140625e+01 7.000000000000000000e+00 6.000000000000000000e+00
3.496999999999999886e+00 3.270139312744140625e+01 8.000000000000000000e+00 2.400000000000000000e+01
3.661999999999999922e+00 3.270139312744140625e+01 9.000000000000000000e+00 2.500000000000000000e+01
3.661999999999999922e+00 3.270139312744140625e+01 1.000000000000000000e+01 2.200000000000000000e+01
3.816999999999999726e+00 3.270139312744140625e+01 1.100000000000000000e+01 2.600000000000000000e+01
3.816999999999999726e+00 3.270139312744140625e+01 1.200000000000000000e+01 3.200000000000000000e+01
3.808999999999999719e+00 3.270139312744140625e+01 1.300000000000000000e+01 3.300000000000000000e+01
3.963999999999999524e+00 3.270139312744140625e+01 1.400000000000000000e+01 1.700000000000000000e+01
4.102999999999999758e+00 3.270139312744140625e+01 1.500000000000000000e+01 6.000000000000000000e+00
4.195000000000000284e+00 3.270139312744140625e+01 1.600000000000000000e+01 1.200000000000000000e+01
4.487000000000000099e+00 3.270139312744140625e+01 1.700000000000000000e+01 2.900000000000000000e+01
4.471000000000000085e+00 3.270139312744140625e+01 1.800000000000000000e+01 3.100000000000000000e+01
4.847000000000000419e+00 3.270139312744140625e+01 1.900000000000000000e+01 4.000000000000000000e+00
5.006000000000001116e+00 3.270139312744140625e+01 2.000000000000000000e+01 4.700000000000000000e+01
5.254000000000001336e+00 3.270139312744140625e+01 2.100000000000000000e+01 3.700000000000000000e+01
5.851000000000001755e+00 3.270139312744140625e+01 2.200000000000000000e+01 3.100000000000000000e+01
6.264000000000002899e+00 3.270139312744140625e+01 2.300000000000000000e+01 5.600000000000000000e+01
6.366000000000003212e+00 3.270139312744140625e+01 2.400000000000000000e+01 6.700000000000000000e+01
6.562000000000003830e+00 3.270139312744140625e+01 2.500000000000000000e+01 3.900000000000000000e+01
6.842000000000003190e+00 3.270139312744140625e+01 2.600000000000000000e+01 6.600000000000000000e+01
7.293000000000004590e+00 3.270139312744140625e+01 2.700000000000000000e+01 8.700000000000000000e+01
7.643000000000005123e+00 3.270139312744140625e+01 2.800000000000000000e+01 1.170000000000000000e+02
7.844000000000004746e+00 3.270139312744140625e+01 2.900000000000000000e+01 1.180000000000000000e+02
8.381000000000007333e+00 3.270139312744140625e+01 3.000000000000000000e+01 8.900000000000000000e+01
8.312000000000004718e+00 3.270139312744140625e+01 3.100000000000000000e+01 1.420000000000000000e+02
8.764000000000006452e+00 3.270139312744140625e+01 3.200000000000000000e+01 1.080000000000000000e+02
8.691000000000004277e+00 3.270139312744140625e+01 3.300000000000000000e+01 1.530000000000000000e+02
8.976000000000006196e+00 3.270139312744140625e+01 3.400000000000000000e+01 1.580000000000000000e+02
9.241000000000006764e+00 3.270139312744140625e+01 3.500000000000000000e+01 2.080000000000000000e+02
9.372000000000006992e+00 3.270139312744140625e+01 3.600000000000000000e+01 1.770000000000000000e+02
9.556000000000008043e+00 3.270139312744140625e+01 3.700000000000000000e+01 1.580000000000000000e+02
9.744000000000005102e+00 3.270139312744140625e+01 3.800000000000000000e+01 1.890000000000000000e+02
9.928000000000004377e+00 3.270139312744140625e+01 3.900000000000000000e+01 2.360000000000000000e+02
1.000600000000000556e+01 3.270139312744140625e+01 4.000000000000000000e+01 3.030000000000000000e+02
0.000000000000000000e+00 3.270139312744140625e+01 4.100000000000000000e+01 1.930000000000000000e+02
1.083500000000000796e+01 3.270139312744140625e+01 4.200000000000000000e+01 2.130000000000000000e+02
1.098600000000000954e+01 3.270139312744140625e+01 4.300000000000000000e+01 2.660000000000000000e+02
1.129500000000000881e+01 3.270139312744140625e+01 4.400000000000000000e+01 2.520000000000000000e+02
1.162900000000001022e+01 3.270139312744140625e+01 4.500000000000000000e+01 3.270000000000000000e+02
1.206500000000000483e+01 3.270139312744140625e+01 4.600000000000000000e+01 3.580000000000000000e+02
1.216200000000000614e+01 3.270139312744140625e+01 4.700000000000000000e+01 4.130000000000000000e+02
1.273600000000000598e+01 3.270139312744140625e+01 4.800000000000000000e+01 3.560000000000000000e+02
1.325300000000000367e+01 3.270139312744140625e+01 4.900000000000000000e+01 3.390000000000000000e+02
1.322600000000000264e+01 3.270139312744140625e+01 5.000000000000000000e+01 4.580000000000000000e+02
1.371700000000000408e+01 3.270139312744140625e+01 5.100000000000000000e+01 4.900000000000000000e+02
1.427800000000000225e+01 3.270139312744140625e+01 5.200000000000000000e+01 4.170000000000000000e+02
1.461800000000000033e+01 3.270139312744140625e+01 5.300000000000000000e+01 5.960000000000000000e+02
1.509899999999998599e+01 3.270139312744140625e+01 5.400000000000000000e+01 5.130000000000000000e+02
1.569999999999998685e+01 3.270139312744140625e+01 5.500000000000000000e+01 6.810000000000000000e+02
1.614400000000000190e+01 3.270139312744140625e+01 5.600000000000000000e+01 1.200000000000000000e+01
1.628599999999999426e+01 3.270139312744140625e+01 5.700000000000000000e+01 8.480000000000000000e+02
1.661200000000000188e+01 3.270139312744140625e+01 5.800000000000000000e+01 5.600000000000000000e+02
1.696799999999998221e+01 3.270139312744140625e+01 5.900000000000000000e+01 9.220000000000000000e+02
1.758299999999998420e+01 3.270139312744140625e+01 6.000000000000000000e+01 1.025000000000000000e+03
1.814499999999999957e+01 3.270139312744140625e+01 6.100000000000000000e+01 8.850000000000000000e+02
1.862400000000000944e+01 3.270139312744140625e+01 6.200000000000000000e+01 7.560000000000000000e+02
1.952800000000004133e+01 3.270139312744140625e+01 6.300000000000000000e+01 1.542000000000000000e+03
2.037800000000006762e+01 3.270139312744140625e+01 6.400000000000000000e+01 1.000000000000000000e+03
2.083600000000008734e+01 3.270139312744140625e+01 6.500000000000000000e+01 1.466000000000000000e+03
2.147800000000010812e+01 3.270139312744140625e+01 6.600000000000000000e+01 1.029000000000000000e+03
2.243300000000013483e+01 3.270139312744140625e+01 6.700000000000000000e+01 1.457000000000000000e+03
2.263200000000017198e+01 3.270139312744140625e+01 6.800000000000000000e+01 1.128000000000000000e+03
2.502500000000022595e+01 3.270139312744140625e+01 6.900000000000000000e+01 1.307000000000000000e+03
2.617100000000027293e+01 3.270139312744140625e+01 7.000000000000000000e+01 2.310000000000000000e+03
3.265300000000051028e+01 3.270139312744140625e+01 7.100000000000000000e+01 1.439000000000000000e+03
0.000000000000000000e+00 3.270139312744140625e+01 0.000000000000000000e+00 0.000000000000000000e+00
3.270139312744140625e+01 3.270139312744140625e+01 0.000000000000000000e+00 0.000000000000000000e+00
3.270139312744140625e+01 3.270139312744140625e+01 0.000000000000000000e+00 0.000000000000000000e+00
2.282999999999999918e+00 2.771182727813720703e+01 0.000000000000000000e+00 5.000000000000000000e+00
2.859999999999999876e+00 2.771182727813720703e+01 1.000000000000000000e+00 8.000000000000000000e+00
2.859999999999999876e+00 2.771182727813720703e+01 2.000000000000000000e+00 6.000000000000000000e+00
3.052000000000000046e+00 2.771182727813720703e+01 3.000000000000000000e+00 1.000000000000000000e+01
3.593999999999999861e+00 2.771182727813720703e+01 4.000000000000000000e+00 2.100000000000000000e+01
3.593999999999999861e+00 2.771182727813720703e+01 5.000000000000000000e+00 2.000000000000000000e+01
3.774000000000000021e+00 2.771182727813720703e+01 6.000000000000000000e+00 2.300000000000000000e+01
3.913000000000000256e+00 2.771182727813720703e+01 7.000000000000000000e+00 3.100000000000000000e+01
4.270999999999999908e+00 2.771182727813720703e+01 8.000000000000000000e+00 2.900000000000000000e+01
4.591999999999999638e+00 2.771182727813720703e+01 9.000000000000000000e+00 2.900000000000000000e+01
0.000000000000000000e+00 2.771182727813720703e+01 1.000000000000000000e+01 2.000000000000000000e+01
5.045999999999999375e+00 2.771182727813720703e+01 1.100000000000000000e+01 2.100000000000000000e+01
5.198999999999998956e+00 2.771182727813720703e+01 1.200000000000000000e+01 1.600000000000000000e+01
5.530999999999998806e+00 2.771182727813720703e+01 1.300000000000000000e+01 1.900000000000000000e+01
5.688999999999999169e+00 2.771182727813720703e+01 1.400000000000000000e+01 2.900000000000000000e+01
5.839999999999998970e+00 2.771182727813720703e+01 1.500000000000000000e+01 3.200000000000000000e+01
5.839999999999998970e+00 2.771182727813720703e+01 1.600000000000000000e+01 4.400000000000000000e+01
5.863999999999998991e+00 2.771182727813720703e+01 1.700000000000000000e+01 5.000000000000000000e+01
6.046999999999998820e+00 2.771182727813720703e+01 1.800000000000000000e+01 5.700000000000000000e+01
6.076999999999998181e+00 2.771182727813720703e+01 1.900000000000000000e+01 4.100000000000000000e+01
6.066999999999998394e+00 2.771182727813720703e+01 2.000000000000000000e+01 5.000000000000000000e+01
6.223999999999998423e+00 2.771182727813720703e+01 2.100000000000000000e+01 3.600000000000000000e+01
6.702999999999999403e+00 2.771182727813720703e+01 2.200000000000000000e+01 3.500000000000000000e+01
7.001999999999999780e+00 2.771182727813720703e+01 2.300000000000000000e+01 1.300000000000000000e+01
7.000999999999999446e+00 2.771182727813720703e+01 2.400000000000000000e+01 6.500000000000000000e+01
7.040000000000000036e+00 2.771182727813720703e+01 2.500000000000000000e+01 5.100000000000000000e+01
7.330000000000000071e+00 2.771182727813720703e+01 2.600000000000000000e+01 7.200000000000000000e+01
7.424999999999999822e+00 2.771182727813720703e+01 2.700000000000000000e+01 4.500000000000000000e+01
0.000000000000000000e+00 2.771182727813720703e+01 2.800000000000000000e+01 4.400000000000000000e+01
7.823999999999999844e+00 2.771182727813720703e+01 2.900000000000000000e+01 4.600000000000000000e+01
7.261000000000001009e+00 2.771182727813720703e+01 3.000000000000000000e+01 4.800000000000000000e+01
8.434999999999998721e+00 2.771182727813720703e+01 3.100000000000000000e+01 4.400000000000000000e+01
8.949999999999999289e+00 2.771182727813720703e+01 3.200000000000000000e+01 9.600000000000000000e+01
9.117999999999998550e+00 2.771182727813720703e+01 3.300000000000000000e+01 1.170000000000000000e+02
9.032000000000000028e+00 2.771182727813720703e+01 3.400000000000000000e+01 7.900000000000000000e+01
9.299999999999998934e+00 2.771182727813720703e+01 3.500000000000000000e+01 9.200000000000000000e+01
9.789999999999999147e+00 2.771182727813720703e+01 3.600000000000000000e+01 1.400000000000000000e+02
9.857999999999998764e+00 2.771182727813720703e+01 3.700000000000000000e+01 9.000000000000000000e+01
9.993999999999997996e+00 2.771182727813720703e+01 3.800000000000000000e+01 1.230000000000000000e+02
9.930999999999997385e+00 2.771182727813720703e+01 3.900000000000000000e+01 1.260000000000000000e+02
1.034499999999999531e+01 2.771182727813720703e+01 4.000000000000000000e+01 1.470000000000000000e+02
1.023699999999999655e+01 2.771182727813720703e+01 4.100000000000000000e+01 1.710000000000000000e+02
1.099799999999999578e+01 2.771182727813720703e+01 4.200000000000000000e+01 1.490000000000000000e+02
1.112999999999999723e+01 2.771182727813720703e+01 4.300000000000000000e+01 2.150000000000000000e+02
1.130399999999999672e+01 2.771182727813720703e+01 4.400000000000000000e+01 1.840000000000000000e+02
1.167199999999999704e+01 2.771182727813720703e+01 4.500000000000000000e+01 2.460000000000000000e+02
1.208099999999999596e+01 2.771182727813720703e+01 4.600000000000000000e+01 2.470000000000000000e+02
1.243399999999999750e+01 2.771182727813720703e+01 4.700000000000000000e+01 2.230000000000000000e+02
1.274099999999999433e+01 2.771182727813720703e+01 4.800000000000000000e+01 2.550000000000000000e+02
1.317499999999999716e+01 2.771182727813720703e+01 4.900000000000000000e+01 3.010000000000000000e+02
1.374899999999999878e+01 2.771182727813720703e+01 5.000000000000000000e+01 4.170000000000000000e+02
1.419999999999999751e+01 2.771182727813720703e+01 5.100000000000000000e+01 4.290000000000000000e+02
1.474499999999999922e+01 2.771182727813720703e+01 5.200000000000000000e+01 4.530000000000000000e+02
1.519299999999999606e+01 2.771182727813720703e+01 5.300000000000000000e+01 4.390000000000000000e+02
1.541399999999999260e+01 2.771182727813720703e+01 5.400000000000000000e+01 3.400000000000000000e+01
1.555199999999999250e+01 2.771182727813720703e+01 5.500000000000000000e+01 6.040000000000000000e+02
1.627900000000001413e+01 2.771182727813720703e+01 5.600000000000000000e+01 7.020000000000000000e+02
1.696899999999997988e+01 2.771182727813720703e+01 5.700000000000000000e+01 5.390000000000000000e+02
0.000000000000000000e+00 2.771182727813720703e+01 5.800000000000000000e+01 6.800000000000000000e+02
1.729799999999995208e+01 2.771182727813720703e+01 5.900000000000000000e+01 8.900000000000000000e+02
1.828899999999995529e+01 2.771182727813720703e+01 6.000000000000000000e+01 8.360000000000000000e+02
1.876299999999995549e+01 2.771182727813720703e+01 6.100000000000000000e+01 7.890000000000000000e+02
1.958199999999995100e+01 2.771182727813720703e+01 6.200000000000000000e+01 3.600000000000000000e+01
2.000799999999996004e+01 2.771182727813720703e+01 6.300000000000000000e+01 1.142000000000000000e+03
2.108999999999999631e+01 2.771182727813720703e+01 6.400000000000000000e+01 9.800000000000000000e+02
2.188400000000002166e+01 2.771182727813720703e+01 6.500000000000000000e+01 9.920000000000000000e+02
2.267100000000004556e+01 2.771182727813720703e+01 6.600000000000000000e+01 4.600000000000000000e+01
2.284900000000005704e+01 2.771182727813720703e+01 6.700000000000000000e+01 1.314000000000000000e+03
2.298000000000005727e+01 2.771182727813720703e+01 6.800000000000000000e+01 2.000000000000000000e+00
2.404300000000010940e+01 2.771182727813720703e+01 6.900000000000000000e+01 2.000000000000000000e+01
2.438100000000011036e+01 2.771182727813720703e+01 7.000000000000000000e+01 8.230000000000000000e+02
2.766600000000023485e+01 2.771182727813720703e+01 7.100000000000000000e+01 7.650000000000000000e+02
0.000000000000000000e+00 2.771182727813720703e+01 0.000000000000000000e+00 0.000000000000000000e+00
2.771182727813720703e+01 2.771182727813720703e+01 0.000000000000000000e+00 0.000000000000000000e+00
2.771182727813720703e+01 2.771182727813720703e+01 0.000000000000000000e+00 0.000000000000000000e+00
