5.050000000000000044e-01 3.967058658599853516e+01 0.000000000000000000e+00 1.000000000000000000e+00
2.494999999999999662e+00 3.967058658599853516e+01 1.000000000000000000e+00 6.000000000000000000e+00
2.889999999999999680e+00 3.967058658599853516e+01 2.000000000000000000e+00 1.000000000000000000e+01
2.889999999999999680e+00 3.967058658599853516e+01 3.000000000000000000e+00 2.800000000000000000e+01
3.102999999999999758e+00 3.967058658599853516e+01 4.000000000000000000e+00 3.000000000000000000e+00
3.292999999999999705e+00 3.967058658599853516e+01 5.000000000000000000e+00 2.000000000000000000e+01
3.292999999999999705e+00 3.967058658599853516e+01 6.000000000000000000e+00 1.300000000000000000e+01
3.292999999999999705e+00 3.967058658599853516e+01 7.000000000000000000e+00 6.000000000000000000e+00
3.471999999999999531e+00 3.967058658599853516e+01 8.000000000000000000e+00 1.700000000000000000e+01
0.000000000000000000e+00 3.967058658599853516e+01 9.000000000000000000e+00 3.000000000000000000e+00
3.471999999999999531e+00 3.967058658599853516e+01 1.000000000000000000e+01 1.700000000000000000e+01
3.471999999999999531e+00 3.967058658599853516e+01 1.100000000000000000e+01 6.000000000000000000e+00
3.633999999999999453e+00 3.967058658599853516e+01 1.200000000000000000e+01 3.000000000000000000e+00
3.633999999999999453e+00 3.967058658599853516e+01 1.300000000000000000e+01 4.000000000000000000e+01
0.000000000000000000e+00 3.967058658599853516e+01 1.400000000000000000e+01 2.000000000000000000e+00
4.576999999999999957e+00 3.967058658599853516e+01 1.500000000000000000e+01 4.000000000000000000e+00
0.000000000000000000e+00 3.967058658599853516e+01 1.600000000000000000e+01 1.000000000000000000e+00
4.706999999999999851e+00 3.967058658599853516e+01 1.700000000000000000e+01 3.300000000000000000e+01
4.706999999999999851e+00 3.967058658599853516e+01 1.800000000000000000e+01 3.100000000000000000e+01
0.000000000000000000e+00 3.967058658599853516e+01 1.900000000000000000e+01 1.500000000000000000e+01
4.816999999999999282e+00 3.967058658599853516e+01 2.000000000000000000e+01 4.600000000000000000e+01
0.000000000000000000e+00 3.967058658599853516e+01 2.100000000000000000e+01 6.000000000000000000e+00
6.213999999999998636e+00 3.967058658599853516e+01 2.200000000000000000e+01 3.200000000000000000e+01
6.538999999999998813e+00 3.967058658599853516e+01 2.300000000000000000e+01 1.900000000000000000e+01
6.856999999999998430e+00 3.967058658599853516e+01 2.400000000000000000e+01 6.900000000000000000e+01
6.957999999999998408e+00 3.967058658599853516e+01 2.500000000000000000e+01 4.700000000000000000e+01
6.858999999999999098e+00 3.967058658599853516e+01 2.600000000000000000e+01 7.400000000000000000e+01
7.369999999999999218e+00 3.967058658599853516e+01 2.700000000000000000e+01 9.800000000000000000e+01
7.190999999999999837e+00 3.967058658599853516e+01 2.800000000000000000e+01 9.300000000000000000e+01
7.460999999999999410e+00 3.967058658599853516e+01 2.900000000000000000e+01 6.900000000000000000e+01
7.625000000000000000e+00 3.967058658599853516e+01 3.000000000000000000e+01 1.300000000000000000e+01
0.000000000000000000e+00 3.967058658599853516e+01 3.100000000000000000e+01 4.600000000000000000e+01
0.000000000000000000e+00 3.967058658599853516e+01 3.200000000000000000e+01 8.000000000000000000e+00
7.891999999999999460e+00 3.967058658599853516e+01 3.300000000000000000e+01 2.000000000000000000e+01
7.764000000000000234e+00 3.967058658599853516e+01 3.400000000000000000e+01 5.800000000000000000e+01
8.270999999999999019e+00 3.967058658599853516e+01 3.500000000000000000e+01 2.500000000000000000e+01
8.358999999999999986e+00 3.967058658599853516e+01 3.600000000000000000e+01 5.100000000000000000e+01
8.721000000000000085e+00 3.967058658599853516e+01 3.700000000000000000e+01 1.480000000000000000e+02
1.009699999999999420e+01 3.967058658599853516e+01 3.800000000000000000e+01 2.060000000000000000e+02
1.047099999999998943e+01 3.967058658599853516e+01 3.900000000000000000e+01 2.800000000000000000e+02
1.091399999999999260e+01 3.967058658599853516e+01 4.000000000000000000e+01 2.260000000000000000e+02
1.153699999999999370e+01 3.967058658599853516e+01 4.100000000000000000e+01 3.110000000000000000e+02
1.193299999999999095e+01 3.967058658599853516e+01 4.200000000000000000e+01 2.980000000000000000e+02
1.262199999999998923e+01 3.967058658599853516e+01 4.300000000000000000e+01 3.900000000000000000e+02
1.298799999999999066e+01 3.967058658599853516e+01 4.400000000000000000e+01 4.170000000000000000e+02
1.341499999999998849e+01 3.967058658599853516e+01 4.500000000000000000e+01 5.130000000000000000e+02
1.435399999999997966e+01 3.967058658599853516e+01 4.600000000000000000e+01 4.330000000000000000e+02
1.491299999999998427e+01 3.967058658599853516e+01 4.700000000000000000e+01 5.640000000000000000e+02
1.567199999999998461e+01 3.967058658599853516e+01 4.800000000000000000e+01 5.850000000000000000e+02
1.581199999999998518e+01 3.967058658599853516e+01 4.900000000000000000e+01 6.560000000000000000e+02
1.642199999999997573e+01 3.967058658599853516e+01 5.000000000000000000e+01 7.940000000000000000e+02
1.671399999999997732e+01 3.967058658599853516e+01 5.100000000000000000e+01 3.400000000000000000e+01
1.689199999999997814e+01 3.967058658599853516e+01 5.200000000000000000e+01 5.220000000000000000e+02
1.741499999999997428e+01 3.967058658599853516e+01 5.300000000000000000e+01 7.200000000000000000e+02
1.862799999999996814e+01 3.967058658599853516e+01 5.400000000000000000e+01 1.232000000000000000e+03
1.929699999999995441e+01 3.967058658599853516e+01 5.500000000000000000e+01 1.118000000000000000e+03
2.025299999999994682e+01 3.967058658599853516e+01 5.600000000000000000e+01 1.234000000000000000e+03
2.065799999999993730e+01 3.967058658599853516e+01 5.700000000000000000e+01 1.376000000000000000e+03
2.135299999999993403e+01 3.967058658599853516e+01 5.800000000000000000e+01 7.500000000000000000e+01
2.204699999999989402e+01 3.967058658599853516e+01 5.900000000000000000e+01 1.129000000000000000e+03
2.342599999999984206e+01 3.967058658599853516e+01 6.000000000000000000e+01 1.999000000000000000e+03
2.407199999999983930e+01 3.967058658599853516e+01 6.100000000000000000e+01 1.585000000000000000e+03
2.432299999999986184e+01 3.967058658599853516e+01 6.200000000000000000e+01 2.001000000000000000e+03
2.604599999999987858e+01 3.967058658599853516e+01 6.300000000000000000e+01 1.865000000000000000e+03
2.673799999999991783e+01 3.967058658599853516e+01 6.400000000000000000e+01 1.747000000000000000e+03
2.790699999999994674e+01 3.967058658599853516e+01 6.500000000000000000e+01 2.072000000000000000e+03
2.905299999999997951e+01 3.967058658599853516e+01 6.600000000000000000e+01 2.839000000000000000e+03
3.099500000000007560e+01 3.967058658599853516e+01 6.700000000000000000e+01 1.901000000000000000e+03
3.305100000000013694e+01 3.967058658599853516e+01 6.800000000000000000e+01 2.298000000000000000e+03
3.495400000000023510e+01 3.967058658599853516e+01 6.900000000000000000e+01 2.321000000000000000e+03
3.644300000000028206e+01 3.967058658599853516e+01 7.000000000000000000e+01 3.846000000000000000e+03
3.955200000000039040e+01 3.967058658599853516e+01 7.100000000000000000e+01 2.822000000000000000e+03
0.000000000000000000e+00 3.967058658599853516e+01 0.000000000000000000e+00 0.000000000000000000e+00
3.967058658599853516e+01 3.967058658599853516e+01 0.000000000000000000e+00 0.000000000000000000e+00
3.967058658599853516e+01 3.967058658599853516e+01 0.000000000000000000e+00 0.000000000000000000e+00
1.334999999999999964e+00 4.022374939918518066e+01 0.000000000000000000e+00 0.000000000000000000e+00
2.129999999999999893e+00 4.022374939918518066e+01 1.000000000000000000e+00 4.000000000000000000e+00
2.129999999999999893e+00 4.022374939918518066e+01 2.000000000000000000e+00 1.300000000000000000e+01
2.326000000000000068e+00 4.022374939918518066e+01 3.000000000000000000e+00 1.300000000000000000e+01
2.495999999999999996e+00 4.022374939918518066e+01 4.000000000000000000e+00 4.000000000000000000e+00
2.690999999999999837e+00 4.022374939918518066e+01 5.000000000000000000e+00 1.100000000000000000e+01
2.872999999999999776e+00 4.022374939918518066e+01 6.000000000000000000e+00 2.300000000000000000e+01
2.872999999999999776e+00 4.022374939918518066e+01 7.000000000000000000e+00 1.000000000000000000e+01
2.872999999999999776e+00 4.022374939918518066e+01 8.000000000000000000e+00 2.000000000000000000e+00
3.363999999999999879e+00 4.022374939918518066e+01 9.000000000000000000e+00 1.000000000000000000e+00
3.363999999999999879e+00 4.022374939918518066e+01 1.000000000000000000e+01 2.600000000000000000e+01
3.363999999999999879e+00 4.022374939918518066e+01 1.100000000000000000e+01 3.300000000000000000e+01
3.813999999999999613e+00 4.022374939918518066e+01 1.200000000000000000e+01 2.200000000000000000e+01
4.096999999999999531e+00 4.022374939918518066e+01 1.300000000000000000e+01 3.100000000000000000e+01
0.000000000000000000e+00 4.022374939918518066e+01 1.400000000000000000e+01 3.100000000000000000e+01
0.000000000000000000e+00 4.022374939918518066e+01 1.500000000000000000e+01 5.200000000000000000e+01
4.395999999999999908e+00 4.022374939918518066e+01 1.600000000000000000e+01 1.200000000000000000e+01
4.332000000000000739e+00 4.022374939918518066e+01 1.700000000000000000e+01 2.700000000000000000e+01
4.653000000000000469e+00 4.022374939918518066e+01 1.800000000000000000e+01 1.500000000000000000e+01
4.889000000000000234e+00 4.022374939918518066e+01 1.900000000000000000e+01 4.400000000000000000e+01
4.889000000000000234e+00 4.022374939918518066e+01 2.000000000000000000e+01 3.000000000000000000e+01
5.335000000000000853e+00 4.022374939918518066e+01 2.100000000000000000e+01 1.700000000000000000e+01
5.164000000000000590e+00 4.022374939918518066e+01 2.200000000000000000e+01 5.000000000000000000e+01
6.179000000000000270e+00 4.022374939918518066e+01 2.300000000000000000e+01 3.200000000000000000e+01
6.341999999999999638e+00 4.022374939918518066e+01 2.400000000000000000e+01 3.100000000000000000e+01
6.875000000000000000e+00 4.022374939918518066e+01 2.500000000000000000e+01 8.800000000000000000e+01
7.161000000000000476e+00 4.022374939918518066e+01 2.600000000000000000e+01 6.300000000000000000e+01
7.255000000000000782e+00 4.022374939918518066e+01 2.700000000000000000e+01 5.100000000000000000e+01
7.255000000000000782e+00 4.022374939918518066e+01 2.800000000000000000e+01 9.300000000000000000e+01
7.249000000000001442e+00 4.022374939918518066e+01 2.900000000000000000e+01 5.900000000000000000e+01
7.680000000000000604e+00 4.022374939918518066e+01 3.000000000000000000e+01 4.500000000000000000e+01
7.919000000000000483e+00 4.022374939918518066e+01 3.100000000000000000e+01 1.390000000000000000e+02
8.152000000000001023e+00 4.022374939918518066e+01 3.200000000000000000e+01 1.250000000000000000e+02
8.232999999999998764e+00 4.022374939918518066e+01 3.300000000000000000e+01 1.190000000000000000e+02
9.492000000000006210e+00 4.022374939918518066e+01 3.400000000000000000e+01 1.340000000000000000e+02
9.633000000000008001e+00 4.022374939918518066e+01 3.500000000000000000e+01 1.270000000000000000e+02
1.005400000000000738e+01 4.022374939918518066e+01 3.600000000000000000e+01 5.100000000000000000e+01
1.023900000000000787e+01 4.022374939918518066e+01 3.700000000000000000e+01 2.270000000000000000e+02
1.076300000000000345e+01 4.022374939918518066e+01 3.800000000000000000e+01 1.980000000000000000e+02
1.121500000000000163e+01 4.022374939918518066e+01 3.900000000000000000e+01 2.640000000000000000e+02
1.165200000000000280e+01 4.022374939918518066e+01 4.000000000000000000e+01 3.430000000000000000e+02
1.206500000000000306e+01 4.022374939918518066e+01 4.100000000000000000e+01 3.600000000000000000e+02
1.229699999999999882e+01 4.022374939918518066e+01 4.200000000000000000e+01 3.340000000000000000e+02
1.290499999999999936e+01 4.022374939918518066e+01 4.300000000000000000e+01 3.420000000000000000e+02
1.309300000000000175e+01 4.022374939918518066e+01 4.400000000000000000e+01 3.980000000000000000e+02
1.397599999999999731e+01 4.022374939918518066e+01 4.500000000000000000e+01 4.110000000000000000e+02
1.491099999999998538e+01 4.022374939918518066e+01 4.600000000000000000e+01 5.440000000000000000e+02
1.563199999999999079e+01 4.022374939918518066e+01 4.700000000000000000e+01 6.690000000000000000e+02
1.641399999999999437e+01 4.022374939918518066e+01 4.800000000000000000e+01 7.260000000000000000e+02
1.680399999999998784e+01 4.022374939918518066e+01 4.900000000000000000e+01 6.500000000000000000e+02
1.740199999999998681e+01 4.022374939918518066e+01 5.000000000000000000e+01 7.870000000000000000e+02
1.812700000000001310e+01 4.022374939918518066e+01 5.100000000000000000e+01 4.800000000000000000e+01
1.847500000000000853e+01 4.022374939918518066e+01 5.200000000000000000e+01 9.180000000000000000e+02
1.947800000000000864e+01 4.022374939918518066e+01 5.300000000000000000e+01 8.010000000000000000e+02
0.000000000000000000e+00 4.022374939918518066e+01 5.400000000000000000e+01 2.300000000000000000e+01
2.001599999999999469e+01 4.022374939918518066e+01 5.500000000000000000e+01 1.008000000000000000e+03
2.053699999999999193e+01 4.022374939918518066e+01 5.600000000000000000e+01 1.359000000000000000e+03
2.129599999999996740e+01 4.022374939918518066e+01 5.700000000000000000e+01 1.413000000000000000e+03
2.234699999999996578e+01 4.022374939918518066e+01 5.800000000000000000e+01 1.310000000000000000e+03
2.344799999999991869e+01 4.022374939918518066e+01 5.900000000000000000e+01 1.407000000000000000e+03
2.429899999999990712e+01 4.022374939918518066e+01 6.000000000000000000e+01 1.715000000000000000e+03
2.468899999999989348e+01 4.022374939918518066e+01 6.100000000000000000e+01 3.800000000000000000e+01
2.471899999999989461e+01 4.022374939918518066e+01 6.200000000000000000e+01 2.065000000000000000e+03
2.598099999999993770e+01 4.022374939918518066e+01 6.300000000000000000e+01 2.016000000000000000e+03
2.815600000000002368e+01 4.022374939918518066e+01 6.400000000000000000e+01 2.062000000000000000e+03
2.880300000000005056e+01 4.022374939918518066e+01 6.500000000000000000e+01 2.319000000000000000e+03
3.012100000000009814e+01 4.022374939918518066e+01 6.600000000000000000e+01 2.596000000000000000e+03
3.157100000000014361e+01 4.022374939918518066e+01 6.700000000000000000e+01 1.949000000000000000e+03
3.267300000000017945e+01 4.022374939918518066e+01 6.800000000000000000e+01 3.297000000000000000e+03
3.726600000000035351e+01 4.022374939918518066e+01 6.900000000000000000e+01 4.259000000000000000e+03
3.837300000000039546e+01 4.022374939918518066e+01 7.000000000000000000e+01 2.900000000000000000e+03
4.021500000000046526e+01 4.022374939918518066e+01 7.100000000000000000e+01 2.680000000000000000e+03
0.000000000000000000e+00 4.022374939918518066e+01 0.000000000000000000e+00 0.000000000000000000e+00
4.022374939918518066e+01 4.022374939918518066e+01 0.000000000000000000e+00 0.000000000000000000e+00
4.022374939918518066e+01 4.022374939918518066e+01 0.000000000000000000e+00 0.000000000000000000e+00
1.346999999999999975e+00 4.147219729423522949e+01 0.000000000000000000e+00 3.000000000000000000e+00
0.000000000000000000e+00 4.147219729423522949e+01 1.000000000000000000e+00 1.000000000000000000e+00
2.310999999999999943e+00 4.147219729423522949e+01 2.000000000000000000e+00 7.000000000000000000e+00
2.679999999999999716e+00 4.147219729423522949e+01 3.000000000000000000e+00 6.000000000000000000e+00
2.863999999999999879e+00 4.147219729423522949e+01 4.000000000000000000e+00 7.000000000000000000e+00
3.041999999999999815e+00 4.147219729423522949e+01 5.000000000000000000e+00 1.700000000000000000e+01
0.000000000000000000e+00 4.147219729423522949e+01 6.000000000000000000e+00 2.100000000000000000e+01
3.214999999999999858e+00 4.147219729423522949e+01 7.000000000000000000e+00 1.600000000000000000e+01
3.383999999999999897e+00 4.147219729423522949e+01 8.000000000000000000e+00 2.300000000000000000e+01
0.000000000000000000e+00 4.147219729423522949e+01 9.000000000000000000e+00 2.300000000000000000e+01
3.544000000000000039e+00 4.147219729423522949e+01 1.000000000000000000e+01 2.900000000000000000e+01
3.844000000000000306e+00 4.147219729423522949e+01 1.100000000000000000e+01 2.100000000000000000e+01
0.000000000000000000e+00 4.147219729423522949e+01 1.200000000000000000e+01 1.300000000000000000e+01
4.716999999999999638e+00 4.147219729423522949e+01 1.300000000000000000e+01 8.000000000000000000e+00
4.716999999999999638e+00 4.147219729423522949e+01 1.400000000000000000e+01 4.300000000000000000e+01
0.000000000000000000e+00 4.147219729423522949e+01 1.500000000000000000e+01 2.500000000000000000e+01
5.250999999999999446e+00 4.147219729423522949e+01 1.600000000000000000e+01 1.000000000000000000e+00
0.000000000000000000e+00 4.147219729423522949e+01 1.700000000000000000e+01 3.600000000000000000e+01
6.026999999999999247e+00 4.147219729423522949e+01 1.800000000000000000e+01 3.100000000000000000e+01
6.147999999999999687e+00 4.147219729423522949e+01 1.900000000000000000e+01 5.300000000000000000e+01
6.026999999999999247e+00 4.147219729423522949e+01 2.000000000000000000e+01 3.300000000000000000e+01
6.266000000000000014e+00 4.147219729423522949e+01 2.100000000000000000e+01 5.600000000000000000e+01
6.695000000000000284e+00 4.147219729423522949e+01 2.200000000000000000e+01 6.900000000000000000e+01
7.006000000000000227e+00 4.147219729423522949e+01 2.300000000000000000e+01 9.500000000000000000e+01
7.016000000000001791e+00 4.147219729423522949e+01 2.400000000000000000e+01 4.300000000000000000e+01
7.790000000000000036e+00 4.147219729423522949e+01 2.500000000000000000e+01 1.080000000000000000e+02
8.154000000000001691e+00 4.147219729423522949e+01 2.600000000000000000e+01 8.900000000000000000e+01
8.624000000000000554e+00 4.147219729423522949e+01 2.700000000000000000e+01 8.700000000000000000e+01
8.714999999999999858e+00 4.147219729423522949e+01 2.800000000000000000e+01 9.900000000000000000e+01
9.088999999999998636e+00 4.147219729423522949e+01 2.900000000000000000e+01 1.190000000000000000e+02
1.002599999999999802e+01 4.147219729423522949e+01 3.000000000000000000e+01 2.190000000000000000e+02
1.002599999999999802e+01 4.147219729423522949e+01 3.100000000000000000e+01 1.790000000000000000e+02
1.009199999999999875e+01 4.147219729423522949e+01 3.200000000000000000e+01 1.770000000000000000e+02
1.076799999999999358e+01 4.147219729423522949e+01 3.300000000000000000e+01 2.410000000000000000e+02
1.096899999999999409e+01 4.147219729423522949e+01 3.400000000000000000e+01 2.080000000000000000e+02
1.133799999999999741e+01 4.147219729423522949e+01 3.500000000000000000e+01 2.930000000000000000e+02
1.209099999999999930e+01 4.147219729423522949e+01 3.600000000000000000e+01 2.780000000000000000e+02
1.202700000000000102e+01 4.147219729423522949e+01 3.700000000000000000e+01 1.900000000000000000e+01
1.233699999999999974e+01 4.147219729423522949e+01 3.800000000000000000e+01 2.640000000000000000e+02
1.259599999999999653e+01 4.147219729423522949e+01 3.900000000000000000e+01 4.080000000000000000e+02
1.310699999999999754e+01 4.147219729423522949e+01 4.000000000000000000e+01 3.490000000000000000e+02
1.312300000000000111e+01 4.147219729423522949e+01 4.100000000000000000e+01 4.160000000000000000e+02
1.395999999999999908e+01 4.147219729423522949e+01 4.200000000000000000e+01 4.640000000000000000e+02
1.425499999999999723e+01 4.147219729423522949e+01 4.300000000000000000e+01 8.000000000000000000e+00
1.429999999999999538e+01 4.147219729423522949e+01 4.400000000000000000e+01 4.420000000000000000e+02
1.472999999999999687e+01 4.147219729423522949e+01 4.500000000000000000e+01 3.880000000000000000e+02
1.491999999999999460e+01 4.147219729423522949e+01 4.600000000000000000e+01 5.370000000000000000e+02
1.615000000000000213e+01 4.147219729423522949e+01 4.700000000000000000e+01 4.550000000000000000e+02
1.692900000000000560e+01 4.147219729423522949e+01 4.800000000000000000e+01 6.930000000000000000e+02
1.764200000000002078e+01 4.147219729423522949e+01 4.900000000000000000e+01 5.900000000000000000e+02
1.854299999999999926e+01 4.147219729423522949e+01 5.000000000000000000e+01 8.970000000000000000e+02
1.892600000000001614e+01 4.147219729423522949e+01 5.100000000000000000e+01 3.000000000000000000e+00
1.919100000000000605e+01 4.147219729423522949e+01 5.200000000000000000e+01 9.940000000000000000e+02
1.966199999999999903e+01 4.147219729423522949e+01 5.300000000000000000e+01 7.500000000000000000e+02
2.090900000000002379e+01 4.147219729423522949e+01 5.400000000000000000e+01 1.258000000000000000e+03
2.164399999999999480e+01 4.147219729423522949e+01 5.500000000000000000e+01 1.189000000000000000e+03
2.165600000000000946e+01 4.147219729423522949e+01 5.600000000000000000e+01 9.280000000000000000e+02
2.296499999999996433e+01 4.147219729423522949e+01 5.700000000000000000e+01 1.795000000000000000e+03
2.375699999999998013e+01 4.147219729423522949e+01 5.800000000000000000e+01 1.200000000000000000e+03
2.498699999999990595e+01 4.147219729423522949e+01 5.900000000000000000e+01 1.451000000000000000e+03
2.572699999999990084e+01 4.147219729423522949e+01 6.000000000000000000e+01 2.193000000000000000e+03
2.657699999999987028e+01 4.147219729423522949e+01 6.100000000000000000e+01 2.066000000000000000e+03
2.714399999999988466e+01 4.147219729423522949e+01 6.200000000000000000e+01 2.585000000000000000e+03
2.831399999999992900e+01 4.147219729423522949e+01 6.300000000000000000e+01 2.832000000000000000e+03
2.982099999999998730e+01 4.147219729423522949e+01 6.400000000000000000e+01 2.047000000000000000e+03
3.092600000000003035e+01 4.147219729423522949e+01 6.500000000000000000e+01 2.269000000000000000e+03
3.170300000000007401e+01 4.147219729423522949e+01 6.600000000000000000e+01 2.784000000000000000e+03
3.313900000000011659e+01 4.147219729423522949e+01 6.700000000000000000e+01 2.510000000000000000e+03
3.431900000000016604e+01 4.147219729423522949e+01 6.800000000000000000e+01 3.514000000000000000e+03
3.687200000000025568e+01 4.147219729423522949e+01 6.900000000000000000e+01 2.752000000000000000e+03
3.795900000000030872e+01 4.147219729423522949e+01 7.000000000000000000e+01 4.715000000000000000e+03
4.150600000000041945e+01 4.147219729423522949e+01 7.100000000000000000e+01 2.807000000000000000e+03
0.000000000000000000e+00 4.147219729423522949e+01 0.000000000000000000e+00 0.000000000000000000e+00
4.147219729423522949e+01 4.147219729423522949e+01 0.000000000000000000e+00 0.000000000000000000e+00
4.147219729423522949e+01 4.147219729423522949e+01 0.000000000000000000e+00 0.000000000000000000e+00
1.316999999999999948e+00 3.760453796386718750e+01 0.000000000000000000e+00 5.000000000000000000e+00
1.895999999999999908e+00 3.760453796386718750e+01 1.000000000000000000e+00 1.100000000000000000e+01
2.270999999999999908e+00 3.760453796386718750e+01 2.000000000000000000e+00 1.200000000000000000e+01
2.644000000000000128e+00 3.760453796386718750e+01 3.000000000000000000e+00 1.600000000000000000e+01
2.832000000000000295e+00 3.760453796386718750e+01 4.000000000000000000e+00 2.000000000000000000e+00
2.832000000000000295e+00 3.760453796386718750e+01 5.000000000000000000e+00 4.000000000000000000e+00
2.832000000000000295e+00 3.760453796386718750e+01 6.000000000000000000e+00 1.400000000000000000e+01
2.832000000000000295e+00 3.760453796386718750e+01 7.000000000000000000e+00 2.500000000000000000e+01
2.832000000000000295e+00 3.760453796386718750e+01 8.000000000000000000e+00 1.100000000000000000e+01
3.012000000000000455e+00 3.760453796386718750e+01 9.000000000000000000e+00 2.500000000000000000e+01
3.012000000000000455e+00 3.760453796386718750e+01 1.000000000000000000e+01 1.800000000000000000e+01
3.468000000000000416e+00 3.760453796386718750e+01 1.100000000000000000e+01 6.000000000000000000e+00
3.468000000000000416e+00 3.760453796386718750e+01 1.200000000000000000e+01 1.500000000000000000e+01
0.000000000000000000e+00 3.760453796386718750e+01 1.300000000000000000e+01 1.100000000000000000e+01
3.618000000000000327e+00 3.760453796386718750e+01 1.400000000000000000e+01 1.400000000000000000e+01
3.469000000000000306e+00 3.760453796386718750e+01 1.500000000000000000e+01 1.600000000000000000e+01
3.618000000000000327e+00 3.760453796386718750e+01 1.600000000000000000e+01 3.900000000000000000e+01
3.881000000000000227e+00 3.760453796386718750e+01 1.700000000000000000e+01 2.800000000000000000e+01
0.000000000000000000e+00 3.760453796386718750e+01 1.800000000000000000e+01 1.000000000000000000e+00
4.860999999999999766e+00 3.760453796386718750e+01 1.900000000000000000e+01 3.100000000000000000e+01
5.783000000000000362e+00 3.760453796386718750e+01 2.000000000000000000e+01 6.600000000000000000e+01
6.120000000000000995e+00 3.760453796386718750e+01 2.100000000000000000e+01 6.000000000000000000e+00
6.121000000000000441e+00 3.760453796386718750e+01 2.200000000000000000e+01 8.000000000000000000e+01
6.445000000000001172e+00 3.760453796386718750e+01 2.300000000000000000e+01 9.000000000000000000e+01
6.462000000000001521e+00 3.760453796386718750e+01 2.400000000000000000e+01 9.300000000000000000e+01
6.601000000000001755e+00 3.760453796386718750e+01 2.500000000000000000e+01 9.300000000000000000e+01
7.226000000000002643e+00 3.760453796386718750e+01 2.600000000000000000e+01 9.400000000000000000e+01
0.000000000000000000e+00 3.760453796386718750e+01 2.700000000000000000e+01 2.700000000000000000e+01
7.686000000000002608e+00 3.760453796386718750e+01 2.800000000000000000e+01 8.500000000000000000e+01
7.857000000000001982e+00 3.760453796386718750e+01 2.900000000000000000e+01 1.170000000000000000e+02
8.599000000000001975e+00 3.760453796386718750e+01 3.000000000000000000e+01 6.900000000000000000e+01
8.680000000000001492e+00 3.760453796386718750e+01 3.100000000000000000e+01 6.500000000000000000e+01
8.835000000000002629e+00 3.760453796386718750e+01 3.200000000000000000e+01 1.570000000000000000e+02
0.000000000000000000e+00 3.760453796386718750e+01 3.300000000000000000e+01 1.030000000000000000e+02
9.050000000000002487e+00 3.760453796386718750e+01 3.400000000000000000e+01 1.520000000000000000e+02
9.460000000000004405e+00 3.760453796386718750e+01 3.500000000000000000e+01 1.450000000000000000e+02
1.023300000000000587e+01 3.760453796386718750e+01 3.600000000000000000e+01 1.720000000000000000e+02
1.036400000000000610e+01 3.760453796386718750e+01 3.700000000000000000e+01 1.840000000000000000e+02
1.077800000000000402e+01 3.760453796386718750e+01 3.800000000000000000e+01 2.100000000000000000e+02
1.135299999999999976e+01 3.760453796386718750e+01 3.900000000000000000e+01 2.780000000000000000e+02
1.149000000000000199e+01 3.760453796386718750e+01 4.000000000000000000e+01 3.010000000000000000e+02
1.224700000000000344e+01 3.760453796386718750e+01 4.100000000000000000e+01 3.740000000000000000e+02
1.259300000000000352e+01 3.760453796386718750e+01 4.200000000000000000e+01 2.870000000000000000e+02
1.295600000000000129e+01 3.760453796386718750e+01 4.300000000000000000e+01 1.800000000000000000e+01
1.290300000000000047e+01 3.760453796386718750e+01 4.400000000000000000e+01 3.850000000000000000e+02
1.345000000000000107e+01 3.760453796386718750e+01 4.500000000000000000e+01 3.760000000000000000e+02
1.358199999999999896e+01 3.760453796386718750e+01 4.600000000000000000e+01 4.260000000000000000e+02
1.453900000000000681e+01 3.760453796386718750e+01 4.700000000000000000e+01 3.710000000000000000e+02
1.487300000000000466e+01 3.760453796386718750e+01 4.800000000000000000e+01 4.790000000000000000e+02
1.521100000000000385e+01 3.760453796386718750e+01 4.900000000000000000e+01 1.500000000000000000e+01
1.624300000000000566e+01 3.760453796386718750e+01 5.000000000000000000e+01 6.270000000000000000e+02
1.694400000000002038e+01 3.760453796386718750e+01 5.100000000000000000e+01 7.670000000000000000e+02
1.697600000000002041e+01 3.760453796386718750e+01 5.200000000000000000e+01 9.170000000000000000e+02
1.761100000000002197e+01 3.760453796386718750e+01 5.300000000000000000e+01 9.890000000000000000e+02
1.834400000000000830e+01 3.760453796386718750e+01 5.400000000000000000e+01 7.100000000000000000e+02
1.818000000000000682e+01 3.760453796386718750e+01 5.500000000000000000e+01 9.000000000000000000e+00
1.937999999999999901e+01 3.760453796386718750e+01 5.600000000000000000e+01 8.290000000000000000e+02
2.012799999999997880e+01 3.760453796386718750e+01 5.700000000000000000e+01 1.399000000000000000e+03
2.050799999999996714e+01 3.760453796386718750e+01 5.800000000000000000e+01 1.166000000000000000e+03
2.210999999999992127e+01 3.760453796386718750e+01 5.900000000000000000e+01 1.417000000000000000e+03
2.243199999999990268e+01 3.760453796386718750e+01 6.000000000000000000e+01 1.085000000000000000e+03
2.308399999999988594e+01 3.760453796386718750e+01 6.100000000000000000e+01 1.778000000000000000e+03
2.380299999999989780e+01 3.760453796386718750e+01 6.200000000000000000e+01 2.074000000000000000e+03
2.479999999999988347e+01 3.760453796386718750e+01 6.300000000000000000e+01 2.507000000000000000e+03
2.750899999999996837e+01 3.760453796386718750e+01 6.400000000000000000e+01 2.004000000000000000e+03
2.829700000000000415e+01 3.760453796386718750e+01 6.500000000000000000e+01 2.311000000000000000e+03
2.936300000000004573e+01 3.760453796386718750e+01 6.600000000000000000e+01 2.713000000000000000e+03
3.064700000000009439e+01 3.760453796386718750e+01 6.700000000000000000e+01 2.143000000000000000e+03
3.185100000000013765e+01 3.760453796386718750e+01 6.800000000000000000e+01 3.395000000000000000e+03
3.414100000000021851e+01 3.760453796386718750e+01 6.900000000000000000e+01 2.364000000000000000e+03
3.552300000000026614e+01 3.760453796386718750e+01 7.000000000000000000e+01 4.106000000000000000e+03
3.762800000000034117e+01 3.760453796386718750e+01 7.100000000000000000e+01 2.534000000000000000e+03
0.000000000000000000e+00 3.760453796386718750e+01 0.000000000000000000e+00 0.000000000000000000e+00
3.760453796386718750e+01 3.760453796386718750e+01 0.000000000000000000e+00 0.000000000000000000e+00
3.760453796386718750e+01 3.760453796386718750e+01 0.000000000000000000e+00 0.000000000000000000e+00
7.309999999999999831e-01 4.168495655059814453e+01 0.000000000000000000e+00 1.000000000000000000e+00
1.370000000000000107e+00 4.168495655059814453e+01 1.000000000000000000e+00 3.000000000000000000e+00
2.106999999999999762e+00 4.168495655059814453e+01 2.000000000000000000e+00 6.000000000000000000e+00
2.469999999999999751e+00 4.168495655059814453e+01 3.000000000000000000e+00 9.000000000000000000e+00
2.824999999999999734e+00 4.168495655059814453e+01 4.000000000000000000e+00 5.000000000000000000e+00
2.824999999999999734e+00 4.168495655059814453e+01 5.000000000000000000e+00 2.300000000000000000e+01
3.000999999999999890e+00 4.168495655059814453e+01 6.000000000000000000e+00 2.300000000000000000e+01
0.000000000000000000e+00 4.168495655059814453e+01 7.000000000000000000e+00 1.500000000000000000e+01
2.983999999999999986e+00 4.168495655059814453e+01 8.000000000000000000e+00 1.600000000000000000e+01
3.166999999999999815e+00 4.168495655059814453e+01 9.000000000000000000e+00 1.700000000000000000e+01
3.166999999999999815e+00 4.168495655059814453e+01 1.000000000000000000e+01 2.000000000000000000e+00
0.000000000000000000e+00 4.168495655059814453e+01 1.100000000000000000e+01 2.500000000000000000e+01
3.351999999999999869e+00 4.168495655059814453e+01 1.200000000000000000e+01 2.400000000000000000e+01
3.642999999999999794e+00 4.168495655059814453e+01 1.300000000000000000e+01 2.000000000000000000e+00
3.642999999999999794e+00 4.168495655059814453e+01 1.400000000000000000e+01 6.000000000000000000e+00
3.416999999999999815e+00 4.168495655059814453e+01 1.500000000000000000e+01 2.600000000000000000e+01
3.777999999999999581e+00 4.168495655059814453e+01 1.600000000000000000e+01 6.000000000000000000e+00
4.306000000000000050e+00 4.168495655059814453e+01 1.700000000000000000e+01 2.000000000000000000e+01
4.296000000000000263e+00 4.168495655059814453e+01 1.800000000000000000e+01 4.400000000000000000e+01
4.727000000000001201e+00 4.168495655059814453e+01 1.900000000000000000e+01 3.900000000000000000e+01
0.000000000000000000e+00 4.168495655059814453e+01 2.000000000000000000e+01 6.000000000000000000e+00
5.484999999999999432e+00 4.168495655059814453e+01 2.100000000000000000e+01 6.000000000000000000e+00
5.698999999999999844e+00 4.168495655059814453e+01 2.200000000000000000e+01 5.100000000000000000e+01
5.698999999999999844e+00 4.168495655059814453e+01 2.300000000000000000e+01 6.900000000000000000e+01
6.436000000000001720e+00 4.168495655059814453e+01 2.400000000000000000e+01 7.900000000000000000e+01
7.105000000000000426e+00 4.168495655059814453e+01 2.500000000000000000e+01 1.110000000000000000e+02
7.302999999999999936e+00 4.168495655059814453e+01 2.600000000000000000e+01 7.700000000000000000e+01
7.394999999999999574e+00 4.168495655059814453e+01 2.700000000000000000e+01 9.200000000000000000e+01
7.394999999999999574e+00 4.168495655059814453e+01 2.800000000000000000e+01 1.900000000000000000e+01
7.351999999999999424e+00 4.168495655059814453e+01 2.900000000000000000e+01 4.700000000000000000e+01
7.723999999999999311e+00 4.168495655059814453e+01 3.000000000000000000e+01 1.280000000000000000e+02
7.878999999999998671e+00 4.168495655059814453e+01 3.100000000000000000e+01 1.100000000000000000e+02
7.953999999999998849e+00 4.168495655059814453e+01 3.200000000000000000e+01 3.100000000000000000e+01
7.852000000000000313e+00 4.168495655059814453e+01 3.300000000000000000e+01 1.610000000000000000e+02
8.133999999999998565e+00 4.168495655059814453e+01 3.400000000000000000e+01 1.360000000000000000e+02
9.475999999999999091e+00 4.168495655059814453e+01 3.500000000000000000e+01 1.440000000000000000e+02
1.072299999999999365e+01 4.168495655059814453e+01 3.600000000000000000e+01 1.770000000000000000e+02
1.114299999999999535e+01 4.168495655059814453e+01 3.700000000000000000e+01 2.520000000000000000e+02
1.137499999999999645e+01 4.168495655059814453e+01 3.800000000000000000e+01 2.400000000000000000e+02
1.203799999999999493e+01 4.168495655059814453e+01 3.900000000000000000e+01 2.150000000000000000e+02
1.241299999999999493e+01 4.168495655059814453e+01 4.000000000000000000e+01 3.000000000000000000e+02
0.000000000000000000e+00 4.168495655059814453e+01 4.100000000000000000e+01 1.000000000000000000e+01
1.243499999999999517e+01 4.168495655059814453e+01 4.200000000000000000e+01 3.700000000000000000e+02
1.264799999999999613e+01 4.168495655059814453e+01 4.300000000000000000e+01 2.920000000000000000e+02
1.359099999999998865e+01 4.168495655059814453e+01 4.400000000000000000e+01 3.140000000000000000e+02
1.429699999999998816e+01 4.168495655059814453e+01 4.500000000000000000e+01 5.130000000000000000e+02
1.482799999999998519e+01 4.168495655059814453e+01 4.600000000000000000e+01 4.980000000000000000e+02
1.515399999999998748e+01 4.168495655059814453e+01 4.700000000000000000e+01 4.900000000000000000e+01
1.530299999999998839e+01 4.168495655059814453e+01 4.800000000000000000e+01 4.640000000000000000e+02
1.638899999999999579e+01 4.168495655059814453e+01 4.900000000000000000e+01 5.320000000000000000e+02
1.636899999999998556e+01 4.168495655059814453e+01 5.000000000000000000e+01 5.140000000000000000e+02
1.703899999999998727e+01 4.168495655059814453e+01 5.100000000000000000e+01 8.180000000000000000e+02
1.755699999999999150e+01 4.168495655059814453e+01 5.200000000000000000e+01 5.000000000000000000e+00
1.761499999999999133e+01 4.168495655059814453e+01 5.300000000000000000e+01 9.760000000000000000e+02
1.881500000000001904e+01 4.168495655059814453e+01 5.400000000000000000e+01 7.840000000000000000e+02
1.930399999999998784e+01 4.168495655059814453e+01 5.500000000000000000e+01 1.019000000000000000e+03
2.047899999999999920e+01 4.168495655059814453e+01 5.600000000000000000e+01 8.060000000000000000e+02
2.170699999999993679e+01 4.168495655059814453e+01 5.700000000000000000e+01 1.037000000000000000e+03
2.171499999999993236e+01 4.168495655059814453e+01 5.800000000000000000e+01 1.110000000000000000e+02
2.225999999999990209e+01 4.168495655059814453e+01 5.900000000000000000e+01 1.541000000000000000e+03
2.302799999999990632e+01 4.168495655059814453e+01 6.000000000000000000e+01 1.777000000000000000e+03
2.419899999999991635e+01 4.168495655059814453e+01 6.100000000000000000e+01 8.700000000000000000e+01
2.497699999999993992e+01 4.168495655059814453e+01 6.200000000000000000e+01 1.473000000000000000e+03
2.544199999999996109e+01 4.168495655059814453e+01 6.300000000000000000e+01 1.523000000000000000e+03
2.584399999999997277e+01 4.168495655059814453e+01 6.400000000000000000e+01 1.810000000000000000e+02
2.801500000000005031e+01 4.168495655059814453e+01 6.500000000000000000e+01 1.854000000000000000e+03
2.970600000000010965e+01 4.168495655059814453e+01 6.600000000000000000e+01 1.969000000000000000e+03
3.203400000000019077e+01 4.168495655059814453e+01 6.700000000000000000e+01 3.867000000000000000e+03
3.626400000000036528e+01 4.168495655059814453e+01 6.800000000000000000e+01 2.820000000000000000e+03
3.735400000000040421e+01 4.168495655059814453e+01 6.900000000000000000e+01 3.911000000000000000e+03
3.903400000000046077e+01 4.168495655059814453e+01 7.000000000000000000e+01 2.545000000000000000e+03
4.160900000000057020e+01 4.168495655059814453e+01 7.100000000000000000e+01 2.858000000000000000e+03
0.000000000000000000e+00 4.168495655059814453e+01 0.000000000000000000e+00 0.000000000000000000e+00
4.168495655059814453e+01 4.168495655059814453e+01 0.000000000000000000e+00 0.000000000000000000e+00
4.168495655059814453e+01 4.168495655059814453e+01 0.000000000000000000e+00 0.000000000000000000e+00
2.660000000000000142e-01 3.957251405715942383e+01 0.000000000000000000e+00 1.000000000000000000e+00
8.959999999999999076e-01 3.957251405715942383e+01 1.000000000000000000e+00 1.000000000000000000e+00
1.999000000000000110e+00 3.957251405715942383e+01 2.000000000000000000e+00 6.000000000000000000e+00
2.536999999999999922e+00 3.957251405715942383e+01 3.000000000000000000e+00 1.300000000000000000e+01
2.712999999999999634e+00 3.957251405715942383e+01 4.000000000000000000e+00 1.500000000000000000e+01
2.889999999999999680e+00 3.957251405715942383e+01 5.000000000000000000e+00 2.700000000000000000e+01
3.399999999999999911e+00 3.957251405715942383e+01 6.000000000000000000e+00 1.300000000000000000e+01
3.074999999999999289e+00 3.957251405715942383e+01 7.000000000000000000e+00 1.200000000000000000e+01
3.551999999999999602e+00 3.957251405715942383e+01 8.000000000000000000e+00 1.500000000000000000e+01
3.542999999999999705e+00 3.957251405715942383e+01 9.000000000000000000e+00 9.000000000000000000e+00
3.725999999999999535e+00 3.957251405715942383e+01 1.000000000000000000e+01 2.700000000000000000e+01
3.725999999999999535e+00 3.957251405715942383e+01 1.100000000000000000e+01 1.400000000000000000e+01
4.046999999999999709e+00 3.957251405715942383e+01 1.200000000000000000e+01 4.600000000000000000e+01
4.192999999999999616e+00 3.957251405715942383e+01 1.300000000000000000e+01 2.600000000000000000e+01
4.173999999999999488e+00 3.957251405715942383e+01 1.400000000000000000e+01 1.200000000000000000e+01
4.192999999999999616e+00 3.957251405715942383e+01 1.500000000000000000e+01 7.000000000000000000e+00
4.192999999999999616e+00 3.957251405715942383e+01 1.600000000000000000e+01 1.700000000000000000e+01
4.332999999999999297e+00 3.957251405715942383e+01 1.700000000000000000e+01 2.500000000000000000e+01
4.308999999999999275e+00 3.957251405715942383e+01 1.800000000000000000e+01 1.400000000000000000e+01
5.147000000000000242e+00 3.957251405715942383e+01 1.900000000000000000e+01 4.400000000000000000e+01
5.743000000000000327e+00 3.957251405715942383e+01 2.000000000000000000e+01 3.800000000000000000e+01
5.743000000000000327e+00 3.957251405715942383e+01 2.100000000000000000e+01 4.000000000000000000e+01
5.958000000000000185e+00 3.957251405715942383e+01 2.200000000000000000e+01 4.500000000000000000e+01
6.666999999999999815e+00 3.957251405715942383e+01 2.300000000000000000e+01 5.500000000000000000e+01
6.544999999999999929e+00 3.957251405715942383e+01 2.400000000000000000e+01 8.800000000000000000e+01
7.429000000000001158e+00 3.957251405715942383e+01 2.500000000000000000e+01 1.200000000000000000e+01
7.524000000000000909e+00 3.957251405715942383e+01 2.600000000000000000e+01 6.700000000000000000e+01
7.374000000000000554e+00 3.957251405715942383e+01 2.700000000000000000e+01 6.000000000000000000e+01
7.524000000000000909e+00 3.957251405715942383e+01 2.800000000000000000e+01 1.070000000000000000e+02
7.697000000000000952e+00 3.957251405715942383e+01 2.900000000000000000e+01 7.200000000000000000e+01
7.745000000000000995e+00 3.957251405715942383e+01 3.000000000000000000e+01 3.600000000000000000e+01
8.098000000000000753e+00 3.957251405715942383e+01 3.100000000000000000e+01 1.020000000000000000e+02
8.098000000000000753e+00 3.957251405715942383e+01 3.200000000000000000e+01 1.200000000000000000e+02
8.244000000000001549e+00 3.957251405715942383e+01 3.300000000000000000e+01 9.500000000000000000e+01
8.244000000000001549e+00 3.957251405715942383e+01 3.400000000000000000e+01 1.100000000000000000e+02
9.283999999999997144e+00 3.957251405715942383e+01 3.500000000000000000e+01 1.420000000000000000e+02
1.042499999999999538e+01 3.957251405715942383e+01 3.600000000000000000e+01 1.010000000000000000e+02
1.128699999999999370e+01 3.957251405715942383e+01 3.700000000000000000e+01 2.250000000000000000e+02
1.181699999999999129e+01 3.957251405715942383e+01 3.800000000000000000e+01 2.570000000000000000e+02
1.200899999999998791e+01 3.957251405715942383e+01 3.900000000000000000e+01 2.290000000000000000e+02
1.257399999999998741e+01 3.957251405715942383e+01 4.000000000000000000e+01 3.370000000000000000e+02
1.386099999999999532e+01 3.957251405715942383e+01 4.100000000000000000e+01 4.580000000000000000e+02
1.467300000000000004e+01 3.957251405715942383e+01 4.200000000000000000e+01 3.860000000000000000e+02
1.506099999999999639e+01 3.957251405715942383e+01 4.300000000000000000e+01 4.870000000000000000e+02
1.591599999999998971e+01 3.957251405715942383e+01 4.400000000000000000e+01 6.230000000000000000e+02
1.592199999999998994e+01 3.957251405715942383e+01 4.500000000000000000e+01 4.000000000000000000e+00
1.627899999999999281e+01 3.957251405715942383e+01 4.600000000000000000e+01 8.100000000000000000e+01
1.643099999999999383e+01 3.957251405715942383e+01 4.700000000000000000e+01 7.070000000000000000e+02
1.700299999999999301e+01 3.957251405715942383e+01 4.800000000000000000e+01 5.680000000000000000e+02
1.745500000000000540e+01 3.957251405715942383e+01 4.900000000000000000e+01 6.990000000000000000e+02
1.805199999999998894e+01 3.957251405715942383e+01 5.000000000000000000e+01 8.650000000000000000e+02
1.910799999999998633e+01 3.957251405715942383e+01 5.100000000000000000e+01 6.380000000000000000e+02
1.938299999999999201e+01 3.957251405715942383e+01 5.200000000000000000e+01 3.900000000000000000e+01
1.977099999999998303e+01 3.957251405715942383e+01 5.300000000000000000e+01 9.300000000000000000e+02
2.029799999999999827e+01 3.957251405715942383e+01 5.400000000000000000e+01 1.221000000000000000e+03
2.100699999999995526e+01 3.957251405715942383e+01 5.500000000000000000e+01 9.100000000000000000e+02
2.172599999999996001e+01 3.957251405715942383e+01 5.600000000000000000e+01 1.297000000000000000e+03
2.199399999999993938e+01 3.957251405715942383e+01 5.700000000000000000e+01 1.352000000000000000e+03
2.353999999999995651e+01 3.957251405715942383e+01 5.800000000000000000e+01 1.144000000000000000e+03
2.437499999999990052e+01 3.957251405715942383e+01 5.900000000000000000e+01 1.349000000000000000e+03
2.468599999999989691e+01 3.957251405715942383e+01 6.000000000000000000e+01 2.012000000000000000e+03
2.569599999999991624e+01 3.957251405715942383e+01 6.100000000000000000e+01 1.941000000000000000e+03
2.569699999999991746e+01 3.957251405715942383e+01 6.200000000000000000e+01 2.100000000000000000e+01
2.681999999999996120e+01 3.957251405715942383e+01 6.300000000000000000e+01 1.496000000000000000e+03
2.762999999999999545e+01 3.957251405715942383e+01 6.400000000000000000e+01 1.090000000000000000e+02
2.819900000000001228e+01 3.957251405715942383e+01 6.500000000000000000e+01 2.222000000000000000e+03
2.895300000000004204e+01 3.957251405715942383e+01 6.600000000000000000e+01 2.226000000000000000e+03
2.984500000000007702e+01 3.957251405715942383e+01 6.700000000000000000e+01 3.076000000000000000e+03
3.207300000000014961e+01 3.957251405715942383e+01 6.800000000000000000e+01 2.752000000000000000e+03
3.524000000000026489e+01 3.957251405715942383e+01 6.900000000000000000e+01 2.306000000000000000e+03
3.647000000000031150e+01 3.957251405715942383e+01 7.000000000000000000e+01 2.497000000000000000e+03
3.943100000000042371e+01 3.957251405715942383e+01 7.100000000000000000e+01 2.731000000000000000e+03
0.000000000000000000e+00 3.957251405715942383e+01 0.000000000000000000e+00 0.000000000000000000e+00
3.957251405715942383e+01 3.957251405715942383e+01 0.000000000000000000e+00 0.000000000000000000e+00
3.957251405715942383e+01 3.957251405715942383e+01 0.000000000000000000e+00 0.000000000000000000e+00
2.048999999999999932e+00 3.843192887306213379e+01 0.000000000000000000e+00 8.000000000000000000e+00
2.048999999999999932e+00 3.843192887306213379e+01 1.000000000000000000e+00 4.000000000000000000e+00
2.428999999999999826e+00 3.843192887306213379e+01 2.000000000000000000e+00 1.800000000000000000e+01
2.428999999999999826e+00 3.843192887306213379e+01 3.000000000000000000e+00 2.400000000000000000e+01
2.611999999999999655e+00 3.843192887306213379e+01 4.000000000000000000e+00 2.200000000000000000e+01
2.611999999999999655e+00 3.843192887306213379e+01 5.000000000000000000e+00 4.000000000000000000e+00
0.000000000000000000e+00 3.843192887306213379e+01 6.000000000000000000e+00 1.800000000000000000e+01
3.119999999999999662e+00 3.843192887306213379e+01 7.000000000000000000e+00 2.600000000000000000e+01
3.119999999999999662e+00 3.843192887306213379e+01 8.000000000000000000e+00 7.000000000000000000e+00
3.119999999999999662e+00 3.843192887306213379e+01 9.000000000000000000e+00 1.200000000000000000e+01
3.100999999999999979e+00 3.843192887306213379e+01 1.000000000000000000e+01 1.800000000000000000e+01
3.450999999999999623e+00 3.843192887306213379e+01 1.100000000000000000e+01 1.000000000000000000e+01
3.602999999999999758e+00 3.843192887306213379e+01 1.200000000000000000e+01 3.800000000000000000e+01
3.889999999999999680e+00 3.843192887306213379e+01 1.300000000000000000e+01 3.300000000000000000e+01
4.027999999999999581e+00 3.843192887306213379e+01 1.400000000000000000e+01 4.200000000000000000e+01
3.978999999999999648e+00 3.843192887306213379e+01 1.500000000000000000e+01 5.300000000000000000e+01
0.000000000000000000e+00 3.843192887306213379e+01 1.600000000000000000e+01 1.000000000000000000e+00
4.419000000000000483e+00 3.843192887306213379e+01 1.700000000000000000e+01 3.200000000000000000e+01
4.514000000000000234e+00 3.843192887306213379e+01 1.800000000000000000e+01 2.000000000000000000e+00
4.792000000000000703e+00 3.843192887306213379e+01 1.900000000000000000e+01 2.700000000000000000e+01
4.654000000000000803e+00 3.843192887306213379e+01 2.000000000000000000e+01 2.100000000000000000e+01
5.150000000000000355e+00 3.843192887306213379e+01 2.100000000000000000e+01 2.200000000000000000e+01
5.098999999999999311e+00 3.843192887306213379e+01 2.200000000000000000e+01 4.800000000000000000e+01
5.126999999999999780e+00 3.843192887306213379e+01 2.300000000000000000e+01 3.700000000000000000e+01
0.000000000000000000e+00 3.843192887306213379e+01 2.400000000000000000e+01 9.000000000000000000e+00
5.466000000000000192e+00 3.843192887306213379e+01 2.500000000000000000e+01 5.400000000000000000e+01
5.770999999999998131e+00 3.843192887306213379e+01 2.600000000000000000e+01 4.900000000000000000e+01
5.807999999999998053e+00 3.843192887306213379e+01 2.700000000000000000e+01 5.800000000000000000e+01
6.717999999999999083e+00 3.843192887306213379e+01 2.800000000000000000e+01 5.300000000000000000e+01
7.052999999999999048e+00 3.843192887306213379e+01 2.900000000000000000e+01 3.800000000000000000e+01
0.000000000000000000e+00 3.843192887306213379e+01 3.000000000000000000e+01 3.900000000000000000e+01
7.046999999999998820e+00 3.843192887306213379e+01 3.100000000000000000e+01 6.600000000000000000e+01
7.627999999999999226e+00 3.843192887306213379e+01 3.200000000000000000e+01 9.200000000000000000e+01
8.270999999999999019e+00 3.843192887306213379e+01 3.300000000000000000e+01 1.140000000000000000e+02
8.341999999999998749e+00 3.843192887306213379e+01 3.400000000000000000e+01 1.400000000000000000e+02
0.000000000000000000e+00 3.843192887306213379e+01 3.500000000000000000e+01 2.000000000000000000e+00
8.512999999999998124e+00 3.843192887306213379e+01 3.600000000000000000e+01 1.230000000000000000e+02
8.859999999999999432e+00 3.843192887306213379e+01 3.700000000000000000e+01 1.590000000000000000e+02
9.482000000000002871e+00 3.843192887306213379e+01 3.800000000000000000e+01 1.930000000000000000e+02
9.907000000000000028e+00 3.843192887306213379e+01 3.900000000000000000e+01 2.410000000000000000e+02
1.067700000000000138e+01 3.843192887306213379e+01 4.000000000000000000e+01 2.710000000000000000e+02
1.137500000000000711e+01 3.843192887306213379e+01 4.100000000000000000e+01 3.140000000000000000e+02
1.214300000000001134e+01 3.843192887306213379e+01 4.200000000000000000e+01 3.200000000000000000e+01
1.226500000000000945e+01 3.843192887306213379e+01 4.300000000000000000e+01 3.250000000000000000e+02
1.282400000000000517e+01 3.843192887306213379e+01 4.400000000000000000e+01 3.950000000000000000e+02
1.318200000000000749e+01 3.843192887306213379e+01 4.500000000000000000e+01 5.220000000000000000e+02
1.389800000000000146e+01 3.843192887306213379e+01 4.600000000000000000e+01 6.330000000000000000e+02
1.441800000000000992e+01 3.843192887306213379e+01 4.700000000000000000e+01 5.330000000000000000e+02
1.455000000000001137e+01 3.843192887306213379e+01 4.800000000000000000e+01 5.580000000000000000e+02
1.490000000000000568e+01 3.843192887306213379e+01 4.900000000000000000e+01 7.430000000000000000e+02
1.569000000000001549e+01 3.843192887306213379e+01 5.000000000000000000e+01 7.740000000000000000e+02
1.630500000000001748e+01 3.843192887306213379e+01 5.100000000000000000e+01 9.180000000000000000e+02
1.715100000000002467e+01 3.843192887306213379e+01 5.200000000000000000e+01 1.014000000000000000e+03
1.778400000000000958e+01 3.843192887306213379e+01 5.300000000000000000e+01 8.240000000000000000e+02
1.881700000000003214e+01 3.843192887306213379e+01 5.400000000000000000e+01 1.339000000000000000e+03
1.953899999999998727e+01 3.843192887306213379e+01 5.500000000000000000e+01 1.013000000000000000e+03
2.060100000000000620e+01 3.843192887306213379e+01 5.600000000000000000e+01 1.086000000000000000e+03
2.113599999999994594e+01 3.843192887306213379e+01 5.700000000000000000e+01 1.771000000000000000e+03
2.270499999999995921e+01 3.843192887306213379e+01 5.800000000000000000e+01 1.576000000000000000e+03
2.349899999999993483e+01 3.843192887306213379e+01 5.900000000000000000e+01 1.847000000000000000e+03
2.510899999999996624e+01 3.843192887306213379e+01 6.000000000000000000e+01 2.231000000000000000e+03
2.720199999999999818e+01 3.843192887306213379e+01 6.100000000000000000e+01 1.863000000000000000e+03
2.820900000000002095e+01 3.843192887306213379e+01 6.200000000000000000e+01 2.553000000000000000e+03
2.878900000000004056e+01 3.843192887306213379e+01 6.300000000000000000e+01 2.326000000000000000e+03
2.970300000000006690e+01 3.843192887306213379e+01 6.400000000000000000e+01 1.100000000000000000e+01
3.046200000000010277e+01 3.843192887306213379e+01 6.500000000000000000e+01 3.139000000000000000e+03
3.201400000000015211e+01 3.843192887306213379e+01 6.600000000000000000e+01 2.278000000000000000e+03
3.310600000000020060e+01 3.843192887306213379e+01 6.700000000000000000e+01 2.230000000000000000e+03
3.420100000000024920e+01 3.843192887306213379e+01 6.800000000000000000e+01 3.185000000000000000e+03
3.569700000000030116e+01 3.843192887306213379e+01 6.900000000000000000e+01 2.664000000000000000e+03
3.711300000000036192e+01 3.843192887306213379e+01 7.000000000000000000e+01 2.635000000000000000e+03
3.840200000000040603e+01 3.843192887306213379e+01 7.100000000000000000e+01 2.202000000000000000e+03
0.000000000000000000e+00 3.843192887306213379e+01 0.000000000000000000e+00 0.000000000000000000e+00
3.843192887306213379e+01 3.843192887306213379e+01 0.000000000000000000e+00 0.000000000000000000e+00
3.843192887306213379e+01 3.843192887306213379e+01 0.000000000000000000e+00 0.000000000000000000e+00
0.000000000000000000e+00 3.843790030479431152e+01 0.000000000000000000e+00 1.000000000000000000e+00
2.269999999999999574e+00 3.843790030479431152e+01 1.000000000000000000e+00 1.000000000000000000e+01
2.459999999999999520e+00 3.843790030479431152e+01 2.000000000000000000e+00 4.000000000000000000e+00
2.459999999999999520e+00 3.843790030479431152e+01 3.000000000000000000e+00 1.800000000000000000e+01
0.000000000000000000e+00 3.843790030479431152e+01 4.000000000000000000e+00 3.000000000000000000e+00
2.645999999999999464e+00 3.843790030479431152e+01 5.000000000000000000e+00 6.000000000000000000e+00
2.645999999999999464e+00 3.843790030479431152e+01 6.000000000000000000e+00 1.600000000000000000e+01
2.982999999999999208e+00 3.843790030479431152e+01 7.000000000000000000e+00 1.800000000000000000e+01
2.982999999999999208e+00 3.843790030479431152e+01 8.000000000000000000e+00 2.700000000000000000e+01
3.160999999999999144e+00 3.843790030479431152e+01 9.000000000000000000e+00 2.000000000000000000e+01
3.324999999999999289e+00 3.843790030479431152e+01 1.000000000000000000e+01 2.000000000000000000e+01
3.769999999999999130e+00 3.843790030479431152e+01 1.100000000000000000e+01 2.900000000000000000e+01
3.915999999999999037e+00 3.843790030479431152e+01 1.200000000000000000e+01 9.000000000000000000e+00
3.725999999999999091e+00 3.843790030479431152e+01 1.300000000000000000e+01 3.800000000000000000e+01
0.000000000000000000e+00 3.843790030479431152e+01 1.400000000000000000e+01 1.400000000000000000e+01
4.192999999999999616e+00 3.843790030479431152e+01 1.500000000000000000e+01 3.100000000000000000e+01
4.323999999999999844e+00 3.843790030479431152e+01 1.600000000000000000e+01 3.700000000000000000e+01
0.000000000000000000e+00 3.843790030479431152e+01 1.700000000000000000e+01 1.000000000000000000e+00
4.128999999999998671e+00 3.843790030479431152e+01 1.800000000000000000e+01 2.500000000000000000e+01
4.180999999999999162e+00 3.843790030479431152e+01 1.900000000000000000e+01 3.200000000000000000e+01
4.305999999999999162e+00 3.843790030479431152e+01 2.000000000000000000e+01 2.400000000000000000e+01
0.000000000000000000e+00 3.843790030479431152e+01 2.100000000000000000e+01 3.500000000000000000e+01
4.575000000000000178e+00 3.843790030479431152e+01 2.200000000000000000e+01 4.300000000000000000e+01
4.447000000000000064e+00 3.843790030479431152e+01 2.300000000000000000e+01 8.000000000000000000e+00
0.000000000000000000e+00 3.843790030479431152e+01 2.400000000000000000e+01 6.000000000000000000e+00
5.538999999999997925e+00 3.843790030479431152e+01 2.500000000000000000e+01 5.500000000000000000e+01
6.885999999999996568e+00 3.843790030479431152e+01 2.600000000000000000e+01 1.090000000000000000e+02
6.911999999999996369e+00 3.843790030479431152e+01 2.700000000000000000e+01 1.140000000000000000e+02
7.125999999999996781e+00 3.843790030479431152e+01 2.800000000000000000e+01 1.400000000000000000e+02
7.590999999999996639e+00 3.843790030479431152e+01 2.900000000000000000e+01 9.200000000000000000e+01
8.152999999999996916e+00 3.843790030479431152e+01 3.000000000000000000e+01 1.550000000000000000e+02
8.538999999999997925e+00 3.843790030479431152e+01 3.100000000000000000e+01 1.510000000000000000e+02
9.143999999999998352e+00 3.843790030479431152e+01 3.200000000000000000e+01 1.800000000000000000e+02
9.601999999999996760e+00 3.843790030479431152e+01 3.300000000000000000e+01 1.790000000000000000e+02
1.027799999999999692e+01 3.843790030479431152e+01 3.400000000000000000e+01 2.950000000000000000e+02
1.073899999999999721e+01 3.843790030479431152e+01 3.500000000000000000e+01 2.660000000000000000e+02
1.053499999999999659e+01 3.843790030479431152e+01 3.600000000000000000e+01 2.140000000000000000e+02
1.118899999999999650e+01 3.843790030479431152e+01 3.700000000000000000e+01 2.440000000000000000e+02
1.139499999999999602e+01 3.843790030479431152e+01 3.800000000000000000e+01 2.800000000000000000e+01
1.206999999999999496e+01 3.843790030479431152e+01 3.900000000000000000e+01 3.430000000000000000e+02
1.215199999999999569e+01 3.843790030479431152e+01 4.000000000000000000e+01 2.550000000000000000e+02
1.266699999999999804e+01 3.843790030479431152e+01 4.100000000000000000e+01 4.230000000000000000e+02
1.307100000000000151e+01 3.843790030479431152e+01 4.200000000000000000e+01 4.680000000000000000e+02
1.336799999999999855e+01 3.843790030479431152e+01 4.300000000000000000e+01 4.170000000000000000e+02
1.386599999999999255e+01 3.843790030479431152e+01 4.400000000000000000e+01 4.580000000000000000e+02
1.417799999999999372e+01 3.843790030479431152e+01 4.500000000000000000e+01 4.140000000000000000e+02
1.420899999999999253e+01 3.843790030479431152e+01 4.600000000000000000e+01 6.290000000000000000e+02
1.446199999999999442e+01 3.843790030479431152e+01 4.700000000000000000e+01 8.000000000000000000e+00
1.503399999999999714e+01 3.843790030479431152e+01 4.800000000000000000e+01 6.580000000000000000e+02
1.541199999999999726e+01 3.843790030479431152e+01 4.900000000000000000e+01 2.200000000000000000e+01
1.591600000000000570e+01 3.843790030479431152e+01 5.000000000000000000e+01 7.610000000000000000e+02
1.642600000000000549e+01 3.843790030479431152e+01 5.100000000000000000e+01 7.460000000000000000e+02
1.692400000000001725e+01 3.843790030479431152e+01 5.200000000000000000e+01 9.530000000000000000e+02
1.781299999999999528e+01 3.843790030479431152e+01 5.300000000000000000e+01 9.780000000000000000e+02
1.834200000000000941e+01 3.843790030479431152e+01 5.400000000000000000e+01 7.850000000000000000e+02
1.944099999999995632e+01 3.843790030479431152e+01 5.500000000000000000e+01 1.330000000000000000e+03
2.060199999999996834e+01 3.843790030479431152e+01 5.600000000000000000e+01 1.127000000000000000e+03
2.103099999999991709e+01 3.843790030479431152e+01 5.700000000000000000e+01 1.637000000000000000e+03
2.228099999999993486e+01 3.843790030479431152e+01 5.800000000000000000e+01 1.397000000000000000e+03
2.284699999999989117e+01 3.843790030479431152e+01 5.900000000000000000e+01 1.314000000000000000e+03
2.341999999999989868e+01 3.843790030479431152e+01 6.000000000000000000e+01 1.844000000000000000e+03
2.448999999999990607e+01 3.843790030479431152e+01 6.100000000000000000e+01 1.896000000000000000e+03
2.592499999999994387e+01 3.843790030479431152e+01 6.200000000000000000e+01 2.807000000000000000e+03
2.657599999999997564e+01 3.843790030479431152e+01 6.300000000000000000e+01 2.279000000000000000e+03
2.786700000000002575e+01 3.843790030479431152e+01 6.400000000000000000e+01 1.877000000000000000e+03
2.904900000000006699e+01 3.843790030479431152e+01 6.500000000000000000e+01 1.988000000000000000e+03
2.996100000000009089e+01 3.843790030479431152e+01 6.600000000000000000e+01 3.732000000000000000e+03
3.142100000000014859e+01 3.843790030479431152e+01 6.700000000000000000e+01 1.886000000000000000e+03
3.256600000000018014e+01 3.843790030479431152e+01 6.800000000000000000e+01 3.767000000000000000e+03
3.527700000000029235e+01 3.843790030479431152e+01 6.900000000000000000e+01 2.693000000000000000e+03
3.646300000000032782e+01 3.843790030479431152e+01 7.000000000000000000e+01 4.339000000000000000e+03
3.847400000000040876e+01 3.843790030479431152e+01 7.100000000000000000e+01 3.023000000000000000e+03
0.000000000000000000e+00 3.843790030479431152e+01 0.000000000000000000e+00 0.000000000000000000e+00
3.843790030479431152e+01 3.843790030479431152e+01 0.000000000000000000e+00 0.000000000000000000e+00
3.843790030479431152e+01 3.843790030479431152e+01 0.000000000000000000e+00 0.000000000000000000e+00
2.088999999999999968e+00 3.864357781410217285e+01 0.000000000000000000e+00 6.000000000000000000e+00
2.870000000000000107e+00 3.864357781410217285e+01 1.000000000000000000e+00 7.000000000000000000e+00
2.870000000000000107e+00 3.864357781410217285e+01 2.000000000000000000e+00 1.200000000000000000e+01
0.000000000000000000e+00 3.864357781410217285e+01 3.000000000000000000e+00 2.000000000000000000e+01
2.870000000000000107e+00 3.864357781410217285e+01 4.000000000000000000e+00 1.300000000000000000e+01
3.068000000000000060e+00 3.864357781410217285e+01 5.000000000000000000e+00 1.300000000000000000e+01
3.068000000000000060e+00 3.864357781410217285e+01 6.000000000000000000e+00 2.000000000000000000e+00
3.246999999999999886e+00 3.864357781410217285e+01 7.000000000000000000e+00 1.900000000000000000e+01
3.048000000000000043e+00 3.864357781410217285e+01 8.000000000000000000e+00 2.000000000000000000e+01
3.246999999999999886e+00 3.864357781410217285e+01 9.000000000000000000e+00 5.000000000000000000e+00
3.411999999999999922e+00 3.864357781410217285e+01 1.000000000000000000e+01 8.000000000000000000e+00
3.233000000000000096e+00 3.864357781410217285e+01 1.100000000000000000e+01 2.200000000000000000e+01
3.411999999999999922e+00 3.864357781410217285e+01 1.200000000000000000e+01 1.000000000000000000e+00
0.000000000000000000e+00 3.864357781410217285e+01 1.300000000000000000e+01 3.000000000000000000e+00
0.000000000000000000e+00 3.864357781410217285e+01 1.400000000000000000e+01 2.000000000000000000e+00
0.000000000000000000e+00 3.864357781410217285e+01 1.500000000000000000e+01 1.000000000000000000e+00
0.000000000000000000e+00 3.864357781410217285e+01 1.600000000000000000e+01 5.000000000000000000e+00
0.000000000000000000e+00 3.864357781410217285e+01 1.700000000000000000e+01 1.700000000000000000e+01
3.358999999999999986e+00 3.864357781410217285e+01 1.800000000000000000e+01 2.900000000000000000e+01
3.826999999999999957e+00 3.864357781410217285e+01 1.900000000000000000e+01 3.800000000000000000e+01
4.056999999999999496e+00 3.864357781410217285e+01 2.000000000000000000e+01 4.000000000000000000e+00
0.000000000000000000e+00 3.864357781410217285e+01 2.100000000000000000e+01 1.000000000000000000e+00
5.600000000000003197e+00 3.864357781410217285e+01 2.200000000000000000e+01 5.100000000000000000e+01
6.015000000000004121e+00 3.864357781410217285e+01 2.300000000000000000e+01 3.400000000000000000e+01
6.643000000000004235e+00 3.864357781410217285e+01 2.400000000000000000e+01 7.800000000000000000e+01
6.573000000000003951e+00 3.864357781410217285e+01 2.500000000000000000e+01 1.040000000000000000e+02
7.328000000000004732e+00 3.864357781410217285e+01 2.600000000000000000e+01 8.900000000000000000e+01
7.328000000000004732e+00 3.864357781410217285e+01 2.700000000000000000e+01 1.170000000000000000e+02
7.500000000000005329e+00 3.864357781410217285e+01 2.800000000000000000e+01 9.700000000000000000e+01
8.094000000000006523e+00 3.864357781410217285e+01 2.900000000000000000e+01 1.670000000000000000e+02
8.416000000000007475e+00 3.864357781410217285e+01 3.000000000000000000e+01 8.300000000000000000e+01
8.495000000000008100e+00 3.864357781410217285e+01 3.100000000000000000e+01 1.200000000000000000e+02
8.390000000000005898e+00 3.864357781410217285e+01 3.200000000000000000e+01 1.520000000000000000e+02
8.572000000000008058e+00 3.864357781410217285e+01 3.300000000000000000e+01 2.100000000000000000e+01
8.989000000000009649e+00 3.864357781410217285e+01 3.400000000000000000e+01 2.180000000000000000e+02
9.336000000000007404e+00 3.864357781410217285e+01 3.500000000000000000e+01 1.000000000000000000e+01
9.604000000000009862e+00 3.864357781410217285e+01 3.600000000000000000e+01 2.200000000000000000e+02
1.034900000000001441e+01 3.864357781410217285e+01 3.700000000000000000e+01 2.630000000000000000e+02
1.050500000000001322e+01 3.864357781410217285e+01 3.800000000000000000e+01 2.160000000000000000e+02
1.064200000000001367e+01 3.864357781410217285e+01 3.900000000000000000e+01 9.900000000000000000e+01
1.119500000000001982e+01 3.864357781410217285e+01 4.000000000000000000e+01 2.990000000000000000e+02
1.164200000000002433e+01 3.864357781410217285e+01 4.100000000000000000e+01 3.820000000000000000e+02
1.232600000000002716e+01 3.864357781410217285e+01 4.200000000000000000e+01 3.840000000000000000e+02
1.255700000000002525e+01 3.864357781410217285e+01 4.300000000000000000e+01 1.700000000000000000e+01
1.286500000000002331e+01 3.864357781410217285e+01 4.400000000000000000e+01 5.050000000000000000e+02
1.318200000000002525e+01 3.864357781410217285e+01 4.500000000000000000e+01 3.710000000000000000e+02
1.386800000000001987e+01 3.864357781410217285e+01 4.600000000000000000e+01 5.610000000000000000e+02
1.446300000000002939e+01 3.864357781410217285e+01 4.700000000000000000e+01 5.570000000000000000e+02
1.502500000000003233e+01 3.864357781410217285e+01 4.800000000000000000e+01 5.900000000000000000e+02
1.532400000000003004e+01 3.864357781410217285e+01 4.900000000000000000e+01 6.330000000000000000e+02
1.567800000000003458e+01 3.864357781410217285e+01 5.000000000000000000e+01 1.000000000000000000e+01
1.576500000000003432e+01 3.864357781410217285e+01 5.100000000000000000e+01 7.410000000000000000e+02
1.613200000000003342e+01 3.864357781410217285e+01 5.200000000000000000e+01 2.000000000000000000e+00
1.634500000000002373e+01 3.864357781410217285e+01 5.300000000000000000e+01 9.680000000000000000e+02
1.781100000000004968e+01 3.864357781410217285e+01 5.400000000000000000e+01 8.690000000000000000e+02
1.856300000000002370e+01 3.864357781410217285e+01 5.500000000000000000e+01 9.680000000000000000e+02
1.958600000000003760e+01 3.864357781410217285e+01 5.600000000000000000e+01 2.400000000000000000e+01
2.015700000000001424e+01 3.864357781410217285e+01 5.700000000000000000e+01 1.134000000000000000e+03
2.078700000000003101e+01 3.864357781410217285e+01 5.800000000000000000e+01 1.516000000000000000e+03
2.152499999999997016e+01 3.864357781410217285e+01 5.900000000000000000e+01 1.815000000000000000e+03
2.269899999999998030e+01 3.864357781410217285e+01 6.000000000000000000e+01 1.587000000000000000e+03
2.400199999999999889e+01 3.864357781410217285e+01 6.100000000000000000e+01 2.191000000000000000e+03
2.490100000000002822e+01 3.864357781410217285e+01 6.200000000000000000e+01 2.119000000000000000e+03
2.700800000000009859e+01 3.864357781410217285e+01 6.300000000000000000e+01 3.064000000000000000e+03
2.819900000000014373e+01 3.864357781410217285e+01 6.400000000000000000e+01 2.297000000000000000e+03
2.887700000000016942e+01 3.864357781410217285e+01 6.500000000000000000e+01 2.273000000000000000e+03
2.962000000000020350e+01 3.864357781410217285e+01 6.600000000000000000e+01 3.076000000000000000e+03
3.125500000000025835e+01 3.864357781410217285e+01 6.700000000000000000e+01 2.160000000000000000e+03
3.419500000000036266e+01 3.864357781410217285e+01 6.800000000000000000e+01 2.819000000000000000e+03
3.532000000000040529e+01 3.864357781410217285e+01 6.900000000000000000e+01 3.947000000000000000e+03
3.727600000000047942e+01 3.864357781410217285e+01 7.000000000000000000e+01 2.516000000000000000e+03
3.845600000000052887e+01 3.864357781410217285e+01 7.100000000000000000e+01 2.992000000000000000e+03
0.000000000000000000e+00 3.864357781410217285e+01 0.000000000000000000e+00 0.000000000000000000e+00
3.864357781410217285e+01 3.864357781410217285e+01 0.000000000000000000e+00 0.000000000000000000e+00
3.864357781410217285e+01 3.864357781410217285e+01 0.000000000000000000e+00 0.000000000000000000e+00
1.692000000000000171e+00 3.853104972839355469e+01 0.000000000000000000e+00 1.000000000000000000e+00
1.886000000000000121e+00 3.853104972839355469e+01 1.000000000000000000e+00 9.000000000000000000e+00
2.449000000000000288e+00 3.853104972839355469e+01 2.000000000000000000e+00 4.000000000000000000e+00
0.000000000000000000e+00 3.853104972839355469e+01 3.000000000000000000e+00 2.400000000000000000e+01
3.010000000000000231e+00 3.853104972839355469e+01 4.000000000000000000e+00 2.300000000000000000e+01
0.000000000000000000e+00 3.853104972839355469e+01 5.000000000000000000e+00 4.000000000000000000e+00
3.195000000000000284e+00 3.853104972839355469e+01 6.000000000000000000e+00 2.400000000000000000e+01
3.195000000000000284e+00 3.853104972839355469e+01 7.000000000000000000e+00 2.300000000000000000e+01
3.529000000000000359e+00 3.853104972839355469e+01 8.000000000000000000e+00 2.100000000000000000e+01
3.339000000000000412e+00 3.853104972839355469e+01 9.000000000000000000e+00 3.200000000000000000e+01
3.529000000000000359e+00 3.853104972839355469e+01 1.000000000000000000e+01 2.800000000000000000e+01
0.000000000000000000e+00 3.853104972839355469e+01 1.100000000000000000e+01 7.000000000000000000e+00
3.529000000000000359e+00 3.853104972839355469e+01 1.200000000000000000e+01 7.000000000000000000e+00
3.529000000000000359e+00 3.853104972839355469e+01 1.300000000000000000e+01 1.000000000000000000e+01
3.688000000000000167e+00 3.853104972839355469e+01 1.400000000000000000e+01 6.000000000000000000e+00
0.000000000000000000e+00 3.853104972839355469e+01 1.500000000000000000e+01 4.000000000000000000e+00
3.528000000000000025e+00 3.853104972839355469e+01 1.600000000000000000e+01 1.500000000000000000e+01
3.824000000000000288e+00 3.853104972839355469e+01 1.700000000000000000e+01 1.500000000000000000e+01
0.000000000000000000e+00 3.853104972839355469e+01 1.800000000000000000e+01 1.300000000000000000e+01
3.883000000000000007e+00 3.853104972839355469e+01 1.900000000000000000e+01 6.000000000000000000e+00
0.000000000000000000e+00 3.853104972839355469e+01 2.000000000000000000e+01 4.000000000000000000e+00
4.640000000000001457e+00 3.853104972839355469e+01 2.100000000000000000e+01 3.700000000000000000e+01
5.347000000000001307e+00 3.853104972839355469e+01 2.200000000000000000e+01 1.000000000000000000e+00
5.918000000000001926e+00 3.853104972839355469e+01 2.300000000000000000e+01 3.900000000000000000e+01
6.281000000000001471e+00 3.853104972839355469e+01 2.400000000000000000e+01 8.200000000000000000e+01
6.538000000000001144e+00 3.853104972839355469e+01 2.500000000000000000e+01 1.500000000000000000e+01
6.633000000000000895e+00 3.853104972839355469e+01 2.600000000000000000e+01 1.120000000000000000e+02
7.085000000000001741e+00 3.853104972839355469e+01 2.700000000000000000e+01 7.000000000000000000e+01
7.511000000000001897e+00 3.853104972839355469e+01 2.800000000000000000e+01 8.900000000000000000e+01
0.000000000000000000e+00 3.853104972839355469e+01 2.900000000000000000e+01 1.800000000000000000e+01
7.664000000000000590e+00 3.853104972839355469e+01 3.000000000000000000e+01 7.500000000000000000e+01
8.471000000000001862e+00 3.853104972839355469e+01 3.100000000000000000e+01 1.490000000000000000e+02
9.214000000000000412e+00 3.853104972839355469e+01 3.200000000000000000e+01 1.180000000000000000e+02
1.000399999999999423e+01 3.853104972839355469e+01 3.300000000000000000e+01 2.370000000000000000e+02
1.026399999999999579e+01 3.853104972839355469e+01 3.400000000000000000e+01 2.290000000000000000e+02
1.076099999999999923e+01 3.853104972839355469e+01 3.500000000000000000e+01 1.730000000000000000e+02
1.095400000000000063e+01 3.853104972839355469e+01 3.600000000000000000e+01 2.370000000000000000e+02
1.121100000000000207e+01 3.853104972839355469e+01 3.700000000000000000e+01 2.940000000000000000e+02
1.185100000000000087e+01 3.853104972839355469e+01 3.800000000000000000e+01 3.120000000000000000e+02
1.213199999999999967e+01 3.853104972839355469e+01 3.900000000000000000e+01 4.170000000000000000e+02
1.234600000000000009e+01 3.853104972839355469e+01 4.000000000000000000e+01 3.590000000000000000e+02
1.239100000000000179e+01 3.853104972839355469e+01 4.100000000000000000e+01 2.000000000000000000e+00
1.280299999999999905e+01 3.853104972839355469e+01 4.200000000000000000e+01 3.370000000000000000e+02
1.335999999999999766e+01 3.853104972839355469e+01 4.300000000000000000e+01 3.840000000000000000e+02
1.360899999999999821e+01 3.853104972839355469e+01 4.400000000000000000e+01 4.080000000000000000e+02
1.424399999999999977e+01 3.853104972839355469e+01 4.500000000000000000e+01 5.860000000000000000e+02
1.447699999999999854e+01 3.853104972839355469e+01 4.600000000000000000e+01 1.600000000000000000e+01
1.471400000000000041e+01 3.853104972839355469e+01 4.700000000000000000e+01 5.360000000000000000e+02
1.502000000000000313e+01 3.853104972839355469e+01 4.800000000000000000e+01 5.860000000000000000e+02
1.564899999999999913e+01 3.853104972839355469e+01 4.900000000000000000e+01 6.110000000000000000e+02
1.640499999999998337e+01 3.853104972839355469e+01 5.000000000000000000e+01 4.100000000000000000e+01
1.647899999999999565e+01 3.853104972839355469e+01 5.100000000000000000e+01 6.220000000000000000e+02
1.658199999999999363e+01 3.853104972839355469e+01 5.200000000000000000e+01 5.170000000000000000e+02
1.716599999999998971e+01 3.853104972839355469e+01 5.300000000000000000e+01 7.450000000000000000e+02
1.821400000000000574e+01 3.853104972839355469e+01 5.400000000000000000e+01 9.300000000000000000e+02
1.918699999999998695e+01 3.853104972839355469e+01 5.500000000000000000e+01 8.360000000000000000e+02
1.955399999999999494e+01 3.853104972839355469e+01 5.600000000000000000e+01 1.196000000000000000e+03
2.051599999999993429e+01 3.853104972839355469e+01 5.700000000000000000e+01 1.215000000000000000e+03
2.105999999999993832e+01 3.853104972839355469e+01 5.800000000000000000e+01 9.480000000000000000e+02
2.177099999999989421e+01 3.853104972839355469e+01 5.900000000000000000e+01 9.450000000000000000e+02
2.267899999999989191e+01 3.853104972839355469e+01 6.000000000000000000e+01 1.708000000000000000e+03
2.351999999999990010e+01 3.853104972839355469e+01 6.100000000000000000e+01 1.592000000000000000e+03
2.425599999999992562e+01 3.853104972839355469e+01 6.200000000000000000e+01 1.362000000000000000e+03
2.551799999999995094e+01 3.853104972839355469e+01 6.300000000000000000e+01 1.428000000000000000e+03
2.624099999999997834e+01 3.853104972839355469e+01 6.400000000000000000e+01 2.380000000000000000e+03
2.786200000000004806e+01 3.853104972839355469e+01 6.500000000000000000e+01 1.750000000000000000e+03
3.037100000000012301e+01 3.853104972839355469e+01 6.600000000000000000e+01 1.931000000000000000e+03
3.205900000000017513e+01 3.853104972839355469e+01 6.700000000000000000e+01 3.661000000000000000e+03
3.397000000000027597e+01 3.853104972839355469e+01 6.800000000000000000e+01 2.685000000000000000e+03
3.553800000000033066e+01 3.853104972839355469e+01 6.900000000000000000e+01 3.635000000000000000e+03
3.772200000000042053e+01 3.853104972839355469e+01 7.000000000000000000e+01 1.900000000000000000e+01
3.847500000000043485e+01 3.853104972839355469e+01 7.100000000000000000e+01 2.923000000000000000e+03
0.000000000000000000e+00 3.853104972839355469e+01 0.000000000000000000e+00 0.000000000000000000e+00
3.853104972839355469e+01 3.853104972839355469e+01 0.000000000000000000e+00 0.000000000000000000e+00
3.853104972839355469e+01 3.853104972839355469e+01 0.000000000000000000e+00 0.000000000000000000e+00
