0.000000000000000000e+00 0.000000000000000000e+00 0.000000000000000000e+00 0.000000000000000000e+00
0.000000000000000000e+00 0.000000000000000000e+00 0.000000000000000000e+00 0.000000000000000000e+00
0.000000000000000000e+00 0.000000000000000000e+00 0.000000000000000000e+00 0.000000000000000000e+00
0.000000000000000000e+00 0.000000000000000000e+00 0.000000000000000000e+00 0.000000000000000000e+00
0.000000000000000000e+00 0.000000000000000000e+00 0.000000000000000000e+00 0.000000000000000000e+00
0.000000000000000000e+00 0.000000000000000000e+00 0.000000000000000000e+00 0.000000000000000000e+00
0.000000000000000000e+00 0.000000000000000000e+00 0.000000000000000000e+00 0.000000000000000000e+00
0.000000000000000000e+00 0.000000000000000000e+00 0.000000000000000000e+00 0.000000000000000000e+00
0.000000000000000000e+00 0.000000000000000000e+00 0.000000000000000000e+00 0.000000000000000000e+00
0.000000000000000000e+00 0.000000000000000000e+00 0.000000000000000000e+00 0.000000000000000000e+00
0.000000000000000000e+00 0.000000000000000000e+00 0.000000000000000000e+00 0.000000000000000000e+00
0.000000000000000000e+00 0.000000000000000000e+00 0.000000000000000000e+00 0.000000000000000000e+00
0.000000000000000000e+00 0.000000000000000000e+00 0.000000000000000000e+00 0.000000000000000000e+00
0.000000000000000000e+00 0.000000000000000000e+00 0.000000000000000000e+00 0.000000000000000000e+00
0.000000000000000000e+00 0.000000000000000000e+00 0.000000000000000000e+00 0.000000000000000000e+00
0.000000000000000000e+00 0.000000000000000000e+00 0.000000000000000000e+00 0.000000000000000000e+00
0.000000000000000000e+00 0.000000000000000000e+00 0.000000000000000000e+00 0.000000000000000000e+00
0.000000000000000000e+00 0.000000000000000000e+00 0.000000000000000000e+00 0.000000000000000000e+00
0.000000000000000000e+00 0.000000000000000000e+00 0.000000000000000000e+00 0.000000000000000000e+00
0.000000000000000000e+00 0.000000000000000000e+00 0.000000000000000000e+00 0.000000000000000000e+00
0.000000000000000000e+00 0.000000000000000000e+00 0.000000000000000000e+00 0.000000000000000000e+00
0.000000000000000000e+00 0.000000000000000000e+00 0.000000000000000000e+00 0.000000000000000000e+00
0.000000000000000000e+00 0.000000000000000000e+00 0.000000000000000000e+00 0.000000000000000000e+00
0.000000000000000000e+00 0.000000000000000000e+00 0.000000000000000000e+00 0.000000000000000000e+00
0.000000000000000000e+00 0.000000000000000000e+00 0.000000000000000000e+00 0.000000000000000000e+00
0.000000000000000000e+00 0.000000000000000000e+00 0.000000000000000000e+00 0.000000000000000000e+00
0.000000000000000000e+00 0.000000000000000000e+00 0.000000000000000000e+00 0.000000000000000000e+00
0.000000000000000000e+00 0.000000000000000000e+00 0.000000000000000000e+00 0.000000000000000000e+00
0.000000000000000000e+00 0.000000000000000000e+00 0.000000000000000000e+00 0.000000000000000000e+00
0.000000000000000000e+00 0.000000000000000000e+00 0.000000000000000000e+00 0.000000000000000000e+00
0.000000000000000000e+00 0.000000000000000000e+00 0.000000000000000000e+00 0.000000000000000000e+00
0.000000000000000000e+00 0.000000000000000000e+00 0.000000000000000000e+00 0.000000000000000000e+00
0.000000000000000000e+00 0.000000000000000000e+00 0.000000000000000000e+00 0.000000000000000000e+00
0.000000000000000000e+00 0.000000000000000000e+00 0.000000000000000000e+00 0.000000000000000000e+00
0.000000000000000000e+00 0.000000000000000000e+00 0.000000000000000000e+00 0.000000000000000000e+00
0.000000000000000000e+00 0.000000000000000000e+00 0.000000000000000000e+00 0.000000000000000000e+00
0.000000000000000000e+00 0.000000000000000000e+00 0.000000000000000000e+00 0.000000000000000000e+00
0.000000000000000000e+00 0.000000000000000000e+00 0.000000000000000000e+00 0.000000000000000000e+00
0.000000000000000000e+00 0.000000000000000000e+00 0.000000000000000000e+00 0.000000000000000000e+00
0.000000000000000000e+00 0.000000000000000000e+00 0.000000000000000000e+00 0.000000000000000000e+00
0.000000000000000000e+00 0.000000000000000000e+00 0.000000000000000000e+00 0.000000000000000000e+00
0.000000000000000000e+00 0.000000000000000000e+00 0.000000000000000000e+00 0.000000000000000000e+00
0.000000000000000000e+00 0.000000000000000000e+00 0.000000000000000000e+00 0.000000000000000000e+00
0.000000000000000000e+00 0.000000000000000000e+00 0.000000000000000000e+00 0.000000000000000000e+00
0.000000000000000000e+00 0.000000000000000000e+00 0.000000000000000000e+00 0.000000000000000000e+00
0.000000000000000000e+00 0.000000000000000000e+00 0.000000000000000000e+00 0.000000000000000000e+00
0.000000000000000000e+00 0.000000000000000000e+00 0.000000000000000000e+00 0.000000000000000000e+00
0.000000000000000000e+00 0.000000000000000000e+00 0.000000000000000000e+00 0.000000000000000000e+00
0.000000000000000000e+00 0.000000000000000000e+00 0.000000000000000000e+00 0.000000000000000000e+00
0.000000000000000000e+00 0.000000000000000000e+00 0.000000000000000000e+00 0.000000000000000000e+00
0.000000000000000000e+00 0.000000000000000000e+00 0.000000000000000000e+00 0.000000000000000000e+00
0.000000000000000000e+00 0.000000000000000000e+00 0.000000000000000000e+00 0.000000000000000000e+00
0.000000000000000000e+00 0.000000000000000000e+00 0.000000000000000000e+00 0.000000000000000000e+00
0.000000000000000000e+00 0.000000000000000000e+00 0.000000000000000000e+00 0.000000000000000000e+00
0.000000000000000000e+00 0.000000000000000000e+00 0.000000000000000000e+00 0.000000000000000000e+00
0.000000000000000000e+00 0.000000000000000000e+00 0.000000000000000000e+00 0.000000000000000000e+00
0.000000000000000000e+00 0.000000000000000000e+00 0.000000000000000000e+00 0.000000000000000000e+00
0.000000000000000000e+00 0.000000000000000000e+00 0.000000000000000000e+00 0.000000000000000000e+00
0.000000000000000000e+00 0.000000000000000000e+00 0.000000000000000000e+00 0.000000000000000000e+00
0.000000000000000000e+00 0.000000000000000000e+00 0.000000000000000000e+00 0.000000000000000000e+00
0.000000000000000000e+00 0.000000000000000000e+00 0.000000000000000000e+00 0.000000000000000000e+00
0.000000000000000000e+00 0.000000000000000000e+00 0.000000000000000000e+00 0.000000000000000000e+00
0.000000000000000000e+00 0.000000000000000000e+00 0.000000000000000000e+00 0.000000000000000000e+00
0.000000000000000000e+00 0.000000000000000000e+00 0.000000000000000000e+00 0.000000000000000000e+00
0.000000000000000000e+00 0.000000000000000000e+00 0.000000000000000000e+00 0.000000000000000000e+00
0.000000000000000000e+00 0.000000000000000000e+00 0.000000000000000000e+00 0.000000000000000000e+00
0.000000000000000000e+00 0.000000000000000000e+00 0.000000000000000000e+00 0.000000000000000000e+00
0.000000000000000000e+00 0.000000000000000000e+00 0.000000000000000000e+00 0.000000000000000000e+00
0.000000000000000000e+00 0.000000000000000000e+00 0.000000000000000000e+00 0.000000000000000000e+00
0.000000000000000000e+00 0.000000000000000000e+00 0.000000000000000000e+00 0.000000000000000000e+00
0.000000000000000000e+00 0.000000000000000000e+00 0.000000000000000000e+00 0.000000000000000000e+00
0.000000000000000000e+00 0.000000000000000000e+00 0.000000000000000000e+00 0.000000000000000000e+00
0.000000000000000000e+00 0.000000000000000000e+00 0.000000000000000000e+00 0.000000000000000000e+00
0.000000000000000000e+00 0.000000000000000000e+00 0.000000000000000000e+00 0.000000000000000000e+00
0.000000000000000000e+00 0.000000000000000000e+00 0.000000000000000000e+00 0.000000000000000000e+00
1.542999999999999705e+00 3.025817465782165527e+01 0.000000000000000000e+00 0.000000000000000000e+00
2.134999999999999787e+00 3.025817465782165527e+01 1.000000000000000000e+00 9.000000000000000000e+00
2.534999999999999698e+00 3.025817465782165527e+01 2.000000000000000000e+00 9.000000000000000000e+00
2.903999999999999471e+00 3.025817465782165527e+01 3.000000000000000000e+00 8.000000000000000000e+00
2.903999999999999471e+00 3.025817465782165527e+01 4.000000000000000000e+00 5.000000000000000000e+00
2.903999999999999471e+00 3.025817465782165527e+01 5.000000000000000000e+00 1.100000000000000000e+01
3.449999999999999289e+00 3.025817465782165527e+01 6.000000000000000000e+00 1.000000000000000000e+01
3.270999999999999464e+00 3.025817465782165527e+01 7.000000000000000000e+00 1.700000000000000000e+01
0.000000000000000000e+00 3.025817465782165527e+01 8.000000000000000000e+00 1.000000000000000000e+00
3.774999999999999023e+00 3.025817465782165527e+01 9.000000000000000000e+00 2.300000000000000000e+01
4.083999999999998742e+00 3.025817465782165527e+01 1.000000000000000000e+01 2.600000000000000000e+01
4.083999999999998742e+00 3.025817465782165527e+01 1.100000000000000000e+01 2.300000000000000000e+01
4.526999999999998359e+00 3.025817465782165527e+01 1.200000000000000000e+01 2.900000000000000000e+01
4.528999999999998138e+00 3.025817465782165527e+01 1.300000000000000000e+01 1.800000000000000000e+01
4.677999999999998160e+00 3.025817465782165527e+01 1.400000000000000000e+01 1.900000000000000000e+01
4.677999999999998160e+00 3.025817465782165527e+01 1.500000000000000000e+01 4.700000000000000000e+01
4.828999999999997961e+00 3.025817465782165527e+01 1.600000000000000000e+01 3.100000000000000000e+01
4.802999999999999048e+00 3.025817465782165527e+01 1.700000000000000000e+01 3.400000000000000000e+01
0.000000000000000000e+00 3.025817465782165527e+01 1.800000000000000000e+01 4.000000000000000000e+00
5.099999999999997868e+00 3.025817465782165527e+01 1.900000000000000000e+01 8.000000000000000000e+00
5.331999999999998074e+00 3.025817465782165527e+01 2.000000000000000000e+01 5.100000000000000000e+01
5.490999999999999659e+00 3.025817465782165527e+01 2.100000000000000000e+01 3.100000000000000000e+01
5.652999999999999581e+00 3.025817465782165527e+01 2.200000000000000000e+01 4.400000000000000000e+01
6.647999999999998799e+00 3.025817465782165527e+01 2.300000000000000000e+01 6.400000000000000000e+01
6.859999999999999432e+00 3.025817465782165527e+01 2.400000000000000000e+01 5.700000000000000000e+01
7.434999999999998721e+00 3.025817465782165527e+01 2.500000000000000000e+01 5.900000000000000000e+01
7.530999999999998806e+00 3.025817465782165527e+01 2.600000000000000000e+01 3.300000000000000000e+01
7.711999999999998856e+00 3.025817465782165527e+01 2.700000000000000000e+01 1.030000000000000000e+02
7.707999999999999297e+00 3.025817465782165527e+01 2.800000000000000000e+01 7.600000000000000000e+01
8.054999999999999716e+00 3.025817465782165527e+01 2.900000000000000000e+01 9.600000000000000000e+01
8.446000000000001506e+00 3.025817465782165527e+01 3.000000000000000000e+01 1.250000000000000000e+02
8.851000000000002643e+00 3.025817465782165527e+01 3.100000000000000000e+01 1.040000000000000000e+02
9.154000000000003467e+00 3.025817465782165527e+01 3.200000000000000000e+01 1.860000000000000000e+02
9.368000000000003880e+00 3.025817465782165527e+01 3.300000000000000000e+01 9.500000000000000000e+01
9.370000000000004547e+00 3.025817465782165527e+01 3.400000000000000000e+01 1.940000000000000000e+02
9.860000000000004761e+00 3.025817465782165527e+01 3.500000000000000000e+01 1.710000000000000000e+02
1.028800000000000558e+01 3.025817465782165527e+01 3.600000000000000000e+01 1.740000000000000000e+02
1.031200000000000649e+01 3.025817465782165527e+01 3.700000000000000000e+01 2.230000000000000000e+02
1.055500000000000860e+01 3.025817465782165527e+01 3.800000000000000000e+01 2.490000000000000000e+02
1.098400000000000709e+01 3.025817465782165527e+01 3.900000000000000000e+01 3.100000000000000000e+02
1.125000000000000888e+01 3.025817465782165527e+01 4.000000000000000000e+01 2.490000000000000000e+02
1.160100000000001153e+01 3.025817465782165527e+01 4.100000000000000000e+01 2.930000000000000000e+02
1.213800000000001411e+01 3.025817465782165527e+01 4.200000000000000000e+01 3.280000000000000000e+02
1.241700000000001047e+01 3.025817465782165527e+01 4.300000000000000000e+01 3.200000000000000000e+02
1.229900000000001015e+01 3.025817465782165527e+01 4.400000000000000000e+01 3.130000000000000000e+02
1.273400000000001242e+01 3.025817465782165527e+01 4.500000000000000000e+01 4.170000000000000000e+02
1.310600000000001053e+01 3.025817465782165527e+01 4.600000000000000000e+01 3.900000000000000000e+02
1.354800000000000892e+01 3.025817465782165527e+01 4.700000000000000000e+01 2.810000000000000000e+02
1.368500000000001116e+01 3.025817465782165527e+01 4.800000000000000000e+01 3.660000000000000000e+02
1.412000000000000632e+01 3.025817465782165527e+01 4.900000000000000000e+01 5.090000000000000000e+02
1.457100000000001216e+01 3.025817465782165527e+01 5.000000000000000000e+01 5.770000000000000000e+02
1.478100000000001124e+01 3.025817465782165527e+01 5.100000000000000000e+01 5.900000000000000000e+02
1.575600000000000378e+01 3.025817465782165527e+01 5.200000000000000000e+01 6.730000000000000000e+02
1.614100000000000179e+01 3.025817465782165527e+01 5.300000000000000000e+01 5.480000000000000000e+02
1.655500000000000682e+01 3.025817465782165527e+01 5.400000000000000000e+01 8.230000000000000000e+02
1.656499999999998707e+01 3.025817465782165527e+01 5.500000000000000000e+01 6.810000000000000000e+02
1.719700000000000628e+01 3.025817465782165527e+01 5.600000000000000000e+01 5.520000000000000000e+02
1.792399999999996041e+01 3.025817465782165527e+01 5.700000000000000000e+01 1.103000000000000000e+03
1.859599999999997166e+01 3.025817465782165527e+01 5.800000000000000000e+01 9.200000000000000000e+02
1.926299999999994483e+01 3.025817465782165527e+01 5.900000000000000000e+01 5.000000000000000000e+00
1.936399999999994748e+01 3.025817465782165527e+01 6.000000000000000000e+01 9.440000000000000000e+02
2.064499999999994984e+01 3.025817465782165527e+01 6.100000000000000000e+01 1.645000000000000000e+03
2.126599999999996982e+01 3.025817465782165527e+01 6.200000000000000000e+01 1.174000000000000000e+03
2.198399999999999466e+01 3.025817465782165527e+01 6.300000000000000000e+01 1.526000000000000000e+03
2.259900000000001796e+01 3.025817465782165527e+01 6.400000000000000000e+01 1.456000000000000000e+03
2.315700000000004621e+01 3.025817465782165527e+01 6.500000000000000000e+01 1.559000000000000000e+03
2.383600000000007313e+01 3.025817465782165527e+01 6.600000000000000000e+01 1.592000000000000000e+03
2.495700000000010021e+01 3.025817465782165527e+01 6.700000000000000000e+01 1.300000000000000000e+03
2.523600000000012145e+01 3.025817465782165527e+01 6.800000000000000000e+01 2.184000000000000000e+03
2.609400000000013975e+01 3.025817465782165527e+01 6.900000000000000000e+01 1.126000000000000000e+03
2.899600000000025091e+01 3.025817465782165527e+01 7.000000000000000000e+01 1.682000000000000000e+03
3.028000000000029601e+01 3.025817465782165527e+01 7.100000000000000000e+01 1.656000000000000000e+03
0.000000000000000000e+00 3.025817465782165527e+01 0.000000000000000000e+00 0.000000000000000000e+00
3.025817465782165527e+01 3.025817465782165527e+01 0.000000000000000000e+00 0.000000000000000000e+00
3.025817465782165527e+01 3.025817465782165527e+01 0.000000000000000000e+00 0.000000000000000000e+00
1.717000000000000082e+00 2.945173954963684082e+01 0.000000000000000000e+00 0.000000000000000000e+00
2.512000000000000011e+00 2.945173954963684082e+01 1.000000000000000000e+00 4.000000000000000000e+00
2.701000000000000068e+00 2.945173954963684082e+01 2.000000000000000000e+00 8.000000000000000000e+00
3.066000000000000281e+00 2.945173954963684082e+01 3.000000000000000000e+00 1.800000000000000000e+01
0.000000000000000000e+00 2.945173954963684082e+01 4.000000000000000000e+00 1.800000000000000000e+01
3.406000000000000139e+00 2.945173954963684082e+01 5.000000000000000000e+00 2.300000000000000000e+01
3.934000000000000163e+00 2.945173954963684082e+01 6.000000000000000000e+00 2.700000000000000000e+01
3.934000000000000163e+00 2.945173954963684082e+01 7.000000000000000000e+00 9.000000000000000000e+00
4.100999999999999979e+00 2.945173954963684082e+01 8.000000000000000000e+00 2.100000000000000000e+01
4.100999999999999979e+00 2.945173954963684082e+01 9.000000000000000000e+00 1.400000000000000000e+01
4.100999999999999979e+00 2.945173954963684082e+01 1.000000000000000000e+01 2.200000000000000000e+01
4.100999999999999979e+00 2.945173954963684082e+01 1.100000000000000000e+01 9.000000000000000000e+00
4.100999999999999979e+00 2.945173954963684082e+01 1.200000000000000000e+01 2.000000000000000000e+01
4.232999999999999652e+00 2.945173954963684082e+01 1.300000000000000000e+01 2.700000000000000000e+01
4.813999999999999169e+00 2.945173954963684082e+01 1.400000000000000000e+01 2.800000000000000000e+01
5.078999999999998849e+00 2.945173954963684082e+01 1.500000000000000000e+01 2.500000000000000000e+01
5.208999999999998742e+00 2.945173954963684082e+01 1.600000000000000000e+01 3.000000000000000000e+01
5.335999999999998522e+00 2.945173954963684082e+01 1.700000000000000000e+01 4.400000000000000000e+01
5.649999999999998579e+00 2.945173954963684082e+01 1.800000000000000000e+01 4.200000000000000000e+01
5.935999999999998167e+00 2.945173954963684082e+01 1.900000000000000000e+01 3.200000000000000000e+01
6.050999999999998380e+00 2.945173954963684082e+01 2.000000000000000000e+01 6.500000000000000000e+01
6.050999999999998380e+00 2.945173954963684082e+01 2.100000000000000000e+01 5.900000000000000000e+01
6.372999999999999332e+00 2.945173954963684082e+01 2.200000000000000000e+01 2.300000000000000000e+01
6.612000000000000099e+00 2.945173954963684082e+01 2.300000000000000000e+01 7.700000000000000000e+01
7.289000000000000590e+00 2.945173954963684082e+01 2.400000000000000000e+01 8.700000000000000000e+01
7.459000000000000519e+00 2.945173954963684082e+01 2.500000000000000000e+01 9.000000000000000000e+01
7.952000000000000846e+00 2.945173954963684082e+01 2.600000000000000000e+01 8.200000000000000000e+01
8.133000000000000895e+00 2.945173954963684082e+01 2.700000000000000000e+01 1.000000000000000000e+02
8.394000000000001904e+00 2.945173954963684082e+01 2.800000000000000000e+01 1.020000000000000000e+02
8.585000000000002629e+00 2.945173954963684082e+01 2.900000000000000000e+01 6.500000000000000000e+01
8.470000000000002416e+00 2.945173954963684082e+01 3.000000000000000000e+01 8.700000000000000000e+01
8.674000000000003041e+00 2.945173954963684082e+01 3.100000000000000000e+01 1.060000000000000000e+02
8.759000000000003894e+00 2.945173954963684082e+01 3.200000000000000000e+01 9.900000000000000000e+01
9.203000000000002956e+00 2.945173954963684082e+01 3.300000000000000000e+01 1.030000000000000000e+02
9.820000000000003837e+00 2.945173954963684082e+01 3.400000000000000000e+01 1.760000000000000000e+02
9.889000000000004675e+00 2.945173954963684082e+01 3.500000000000000000e+01 1.020000000000000000e+02
1.001800000000000601e+01 2.945173954963684082e+01 3.600000000000000000e+01 1.050000000000000000e+02
1.013100000000000911e+01 2.945173954963684082e+01 3.700000000000000000e+01 2.080000000000000000e+02
1.017300000000000715e+01 2.945173954963684082e+01 3.800000000000000000e+01 1.970000000000000000e+02
1.065800000000000658e+01 2.945173954963684082e+01 3.900000000000000000e+01 2.000000000000000000e+02
1.093800000000000949e+01 2.945173954963684082e+01 4.000000000000000000e+01 2.700000000000000000e+02
1.114700000000001090e+01 2.945173954963684082e+01 4.100000000000000000e+01 2.030000000000000000e+02
1.182100000000001039e+01 2.945173954963684082e+01 4.200000000000000000e+01 2.790000000000000000e+02
1.181200000000001005e+01 2.945173954963684082e+01 4.300000000000000000e+01 2.460000000000000000e+02
1.204500000000000703e+01 2.945173954963684082e+01 4.400000000000000000e+01 2.290000000000000000e+02
1.223800000000000665e+01 2.945173954963684082e+01 4.500000000000000000e+01 3.820000000000000000e+02
1.278200000000000358e+01 2.945173954963684082e+01 4.600000000000000000e+01 4.000000000000000000e+02
1.328900000000001214e+01 2.945173954963684082e+01 4.700000000000000000e+01 5.150000000000000000e+02
1.377000000000001556e+01 2.945173954963684082e+01 4.800000000000000000e+01 4.510000000000000000e+02
1.390200000000001346e+01 2.945173954963684082e+01 4.900000000000000000e+01 4.210000000000000000e+02
1.424900000000001832e+01 2.945173954963684082e+01 5.000000000000000000e+01 3.940000000000000000e+02
1.459700000000002085e+01 2.945173954963684082e+01 5.100000000000000000e+01 3.500000000000000000e+01
1.495100000000001295e+01 2.945173954963684082e+01 5.200000000000000000e+01 5.890000000000000000e+02
1.543300000000001049e+01 2.945173954963684082e+01 5.300000000000000000e+01 6.200000000000000000e+02
1.591699999999999982e+01 2.945173954963684082e+01 5.400000000000000000e+01 6.460000000000000000e+02
1.661299999999997112e+01 2.945173954963684082e+01 5.500000000000000000e+01 9.090000000000000000e+02
1.738499999999997314e+01 2.945173954963684082e+01 5.600000000000000000e+01 6.140000000000000000e+02
1.831199999999990879e+01 2.945173954963684082e+01 5.700000000000000000e+01 9.330000000000000000e+02
1.910699999999991761e+01 2.945173954963684082e+01 5.800000000000000000e+01 9.740000000000000000e+02
1.931599999999990303e+01 2.945173954963684082e+01 5.900000000000000000e+01 1.363000000000000000e+03
2.000099999999990530e+01 2.945173954963684082e+01 6.000000000000000000e+01 1.358000000000000000e+03
2.056499999999993022e+01 2.945173954963684082e+01 6.100000000000000000e+01 1.004000000000000000e+03
2.090499999999994429e+01 2.945173954963684082e+01 6.200000000000000000e+01 1.099000000000000000e+03
2.164599999999995461e+01 2.945173954963684082e+01 6.300000000000000000e+01 1.676000000000000000e+03
2.330300000000002214e+01 2.945173954963684082e+01 6.400000000000000000e+01 1.105000000000000000e+03
2.416400000000004766e+01 2.945173954963684082e+01 6.500000000000000000e+01 1.407000000000000000e+03
2.486800000000008026e+01 2.945173954963684082e+01 6.600000000000000000e+01 1.663000000000000000e+03
2.535200000000010689e+01 2.945173954963684082e+01 6.700000000000000000e+01 3.400000000000000000e+01
2.562400000000010536e+01 2.945173954963684082e+01 6.800000000000000000e+01 1.975000000000000000e+03
2.653700000000013048e+01 2.945173954963684082e+01 6.900000000000000000e+01 1.528000000000000000e+03
2.861400000000020682e+01 2.945173954963684082e+01 7.000000000000000000e+01 1.487000000000000000e+03
2.949800000000024269e+01 2.945173954963684082e+01 7.100000000000000000e+01 1.507000000000000000e+03
0.000000000000000000e+00 2.945173954963684082e+01 0.000000000000000000e+00 0.000000000000000000e+00
2.945173954963684082e+01 2.945173954963684082e+01 0.000000000000000000e+00 0.000000000000000000e+00
2.945173954963684082e+01 2.945173954963684082e+01 0.000000000000000000e+00 0.000000000000000000e+00
1.312999999999999945e+00 3.116806793212890625e+01 0.000000000000000000e+00 2.000000000000000000e+00
2.075000000000000178e+00 3.116806793212890625e+01 1.000000000000000000e+00 1.000000000000000000e+00
3.011000000000000121e+00 3.116806793212890625e+01 2.000000000000000000e+00 8.000000000000000000e+00
3.204000000000000181e+00 3.116806793212890625e+01 3.000000000000000000e+00 1.600000000000000000e+01
3.396000000000000352e+00 3.116806793212890625e+01 4.000000000000000000e+00 2.400000000000000000e+01
3.758000000000000007e+00 3.116806793212890625e+01 5.000000000000000000e+00 7.000000000000000000e+00
3.758000000000000007e+00 3.116806793212890625e+01 6.000000000000000000e+00 1.700000000000000000e+01
4.112000000000000099e+00 3.116806793212890625e+01 7.000000000000000000e+00 1.800000000000000000e+01
4.112000000000000099e+00 3.116806793212890625e+01 8.000000000000000000e+00 1.300000000000000000e+01
4.285000000000000142e+00 3.116806793212890625e+01 9.000000000000000000e+00 2.400000000000000000e+01
4.425999999999999268e+00 3.116806793212890625e+01 1.000000000000000000e+01 2.700000000000000000e+01
4.772999999999999687e+00 3.116806793212890625e+01 1.100000000000000000e+01 2.500000000000000000e+01
4.772999999999999687e+00 3.116806793212890625e+01 1.200000000000000000e+01 2.300000000000000000e+01
4.772999999999999687e+00 3.116806793212890625e+01 1.300000000000000000e+01 1.300000000000000000e+01
5.036999999999998145e+00 3.116806793212890625e+01 1.400000000000000000e+01 9.000000000000000000e+00
6.001999999999999780e+00 3.116806793212890625e+01 1.500000000000000000e+01 2.700000000000000000e+01
5.969000000000000306e+00 3.116806793212890625e+01 1.600000000000000000e+01 1.900000000000000000e+01
6.128000000000000114e+00 3.116806793212890625e+01 1.700000000000000000e+01 4.100000000000000000e+01
6.259000000000000341e+00 3.116806793212890625e+01 1.800000000000000000e+01 4.800000000000000000e+01
6.189999999999999503e+00 3.116806793212890625e+01 1.900000000000000000e+01 4.300000000000000000e+01
6.610000000000000320e+00 3.116806793212890625e+01 2.000000000000000000e+01 3.800000000000000000e+01
6.610000000000000320e+00 3.116806793212890625e+01 2.100000000000000000e+01 4.700000000000000000e+01
6.492000000000000881e+00 3.116806793212890625e+01 2.200000000000000000e+01 5.500000000000000000e+01
6.811000000000000831e+00 3.116806793212890625e+01 2.300000000000000000e+01 7.300000000000000000e+01
7.055000000000000604e+00 3.116806793212890625e+01 2.400000000000000000e+01 6.900000000000000000e+01
7.055000000000000604e+00 3.116806793212890625e+01 2.500000000000000000e+01 4.800000000000000000e+01
7.055000000000000604e+00 3.116806793212890625e+01 2.600000000000000000e+01 4.700000000000000000e+01
7.047000000000000597e+00 3.116806793212890625e+01 2.700000000000000000e+01 7.000000000000000000e+01
7.350000000000000533e+00 3.116806793212890625e+01 2.800000000000000000e+01 3.900000000000000000e+01
7.520000000000000462e+00 3.116806793212890625e+01 2.900000000000000000e+01 7.000000000000000000e+00
7.520000000000000462e+00 3.116806793212890625e+01 3.000000000000000000e+01 2.700000000000000000e+01
8.294000000000000483e+00 3.116806793212890625e+01 3.100000000000000000e+01 7.000000000000000000e+01
8.341999999999998749e+00 3.116806793212890625e+01 3.200000000000000000e+01 9.900000000000000000e+01
9.094999999999998863e+00 3.116806793212890625e+01 3.300000000000000000e+01 1.050000000000000000e+02
9.577999999999997627e+00 3.116806793212890625e+01 3.400000000000000000e+01 1.650000000000000000e+02
1.003899999999999793e+01 3.116806793212890625e+01 3.500000000000000000e+01 1.720000000000000000e+02
1.035800000000000054e+01 3.116806793212890625e+01 3.600000000000000000e+01 1.780000000000000000e+02
1.072100000000000186e+01 3.116806793212890625e+01 3.700000000000000000e+01 1.740000000000000000e+02
1.095400000000000240e+01 3.116806793212890625e+01 3.800000000000000000e+01 1.500000000000000000e+02
1.134399999999999942e+01 3.116806793212890625e+01 3.900000000000000000e+01 2.340000000000000000e+02
1.139799999999999969e+01 3.116806793212890625e+01 4.000000000000000000e+01 4.000000000000000000e+00
9.548000000000001819e+00 3.116806793212890625e+01 4.100000000000000000e+01 2.760000000000000000e+02
1.172199999999999953e+01 3.116806793212890625e+01 4.200000000000000000e+01 1.800000000000000000e+02
1.210399999999999920e+01 3.116806793212890625e+01 4.300000000000000000e+01 3.270000000000000000e+02
1.209299999999999820e+01 3.116806793212890625e+01 4.400000000000000000e+01 2.570000000000000000e+02
1.282300000000000217e+01 3.116806793212890625e+01 4.500000000000000000e+01 4.030000000000000000e+02
1.321999999999999886e+01 3.116806793212890625e+01 4.600000000000000000e+01 3.340000000000000000e+02
1.387100000000000755e+01 3.116806793212890625e+01 4.700000000000000000e+01 3.840000000000000000e+02
1.453800000000001269e+01 3.116806793212890625e+01 4.800000000000000000e+01 4.460000000000000000e+02
1.526300000000000701e+01 3.116806793212890625e+01 4.900000000000000000e+01 5.900000000000000000e+02
1.573200000000001531e+01 3.116806793212890625e+01 5.000000000000000000e+01 6.940000000000000000e+02
1.633900000000001285e+01 3.116806793212890625e+01 5.100000000000000000e+01 8.000000000000000000e+02
1.722300000000002029e+01 3.116806793212890625e+01 5.200000000000000000e+01 7.630000000000000000e+02
1.779200000000000514e+01 3.116806793212890625e+01 5.300000000000000000e+01 2.400000000000000000e+01
1.754899999999999594e+01 3.116806793212890625e+01 5.400000000000000000e+01 7.510000000000000000e+02
1.808499999999999375e+01 3.116806793212890625e+01 5.500000000000000000e+01 4.000000000000000000e+00
1.834699999999999775e+01 3.116806793212890625e+01 5.600000000000000000e+01 5.290000000000000000e+02
1.852699999999997971e+01 3.116806793212890625e+01 5.700000000000000000e+01 8.980000000000000000e+02
1.874399999999997490e+01 3.116806793212890625e+01 5.800000000000000000e+01 4.340000000000000000e+02
1.884199999999994546e+01 3.116806793212890625e+01 5.900000000000000000e+01 7.220000000000000000e+02
1.973699999999995569e+01 3.116806793212890625e+01 6.000000000000000000e+01 1.272000000000000000e+03
2.042099999999996029e+01 3.116806793212890625e+01 6.100000000000000000e+01 1.497000000000000000e+03
2.087999999999997769e+01 3.116806793212890625e+01 6.200000000000000000e+01 1.408000000000000000e+03
2.207300000000002171e+01 3.116806793212890625e+01 6.300000000000000000e+01 1.108000000000000000e+03
2.299600000000005551e+01 3.116806793212890625e+01 6.400000000000000000e+01 1.628000000000000000e+03
2.311700000000006483e+01 3.116806793212890625e+01 6.500000000000000000e+01 1.954000000000000000e+03
2.406200000000009709e+01 3.116806793212890625e+01 6.600000000000000000e+01 2.224000000000000000e+03
2.600400000000017187e+01 3.116806793212890625e+01 6.700000000000000000e+01 1.914000000000000000e+03
2.761100000000022447e+01 3.116806793212890625e+01 6.800000000000000000e+01 1.467000000000000000e+03
2.874000000000026134e+01 3.116806793212890625e+01 6.900000000000000000e+01 1.858000000000000000e+03
3.016700000000031068e+01 3.116806793212890625e+01 7.000000000000000000e+01 1.461000000000000000e+03
3.111800000000035027e+01 3.116806793212890625e+01 7.100000000000000000e+01 1.686000000000000000e+03
0.000000000000000000e+00 3.116806793212890625e+01 0.000000000000000000e+00 0.000000000000000000e+00
3.116806793212890625e+01 3.116806793212890625e+01 0.000000000000000000e+00 0.000000000000000000e+00
3.116806793212890625e+01 3.116806793212890625e+01 0.000000000000000000e+00 0.000000000000000000e+00
1.480999999999999872e+00 2.768527698516845703e+01 0.000000000000000000e+00 4.000000000000000000e+00
2.241999999999999993e+00 2.768527698516845703e+01 1.000000000000000000e+00 6.000000000000000000e+00
2.428999999999999826e+00 2.768527698516845703e+01 2.000000000000000000e+00 5.000000000000000000e+00
2.615999999999999659e+00 2.768527698516845703e+01 3.000000000000000000e+00 4.000000000000000000e+00
2.977999999999999758e+00 2.768527698516845703e+01 4.000000000000000000e+00 1.200000000000000000e+01
3.160999999999999588e+00 2.768527698516845703e+01 5.000000000000000000e+00 2.300000000000000000e+01
3.160999999999999588e+00 2.768527698516845703e+01 6.000000000000000000e+00 1.900000000000000000e+01
3.687999999999999723e+00 2.768527698516845703e+01 7.000000000000000000e+00 2.800000000000000000e+01
3.687999999999999723e+00 2.768527698516845703e+01 8.000000000000000000e+00 2.200000000000000000e+01
3.687999999999999723e+00 2.768527698516845703e+01 9.000000000000000000e+00 7.000000000000000000e+00
3.687999999999999723e+00 2.768527698516845703e+01 1.000000000000000000e+01 1.100000000000000000e+01
0.000000000000000000e+00 2.768527698516845703e+01 1.100000000000000000e+01 1.500000000000000000e+01
3.849999999999999645e+00 2.768527698516845703e+01 1.200000000000000000e+01 1.800000000000000000e+01
4.361999999999999211e+00 2.768527698516845703e+01 1.300000000000000000e+01 3.400000000000000000e+01
4.699999999999999289e+00 2.768527698516845703e+01 1.400000000000000000e+01 3.000000000000000000e+01
4.699999999999999289e+00 2.768527698516845703e+01 1.500000000000000000e+01 3.600000000000000000e+01
4.699999999999999289e+00 2.768527698516845703e+01 1.600000000000000000e+01 4.400000000000000000e+01
4.931999999999998607e+00 2.768527698516845703e+01 1.700000000000000000e+01 4.500000000000000000e+01
4.957999999999999297e+00 2.768527698516845703e+01 1.800000000000000000e+01 4.100000000000000000e+01
5.335999999999998522e+00 2.768527698516845703e+01 1.900000000000000000e+01 5.000000000000000000e+01
5.184999999999998721e+00 2.768527698516845703e+01 2.000000000000000000e+01 5.000000000000000000e+01
5.485999999999997989e+00 2.768527698516845703e+01 2.100000000000000000e+01 5.700000000000000000e+01
5.873999999999998778e+00 2.768527698516845703e+01 2.200000000000000000e+01 9.000000000000000000e+01
6.394999999999997797e+00 2.768527698516845703e+01 2.300000000000000000e+01 8.200000000000000000e+01
6.592999999999998195e+00 2.768527698516845703e+01 2.400000000000000000e+01 5.100000000000000000e+01
6.883999999999998565e+00 2.768527698516845703e+01 2.500000000000000000e+01 7.600000000000000000e+01
6.989999999999998437e+00 2.768527698516845703e+01 2.600000000000000000e+01 6.700000000000000000e+01
7.198999999999998067e+00 2.768527698516845703e+01 2.700000000000000000e+01 6.900000000000000000e+01
7.547999999999998266e+00 2.768527698516845703e+01 2.800000000000000000e+01 7.900000000000000000e+01
7.972999999999998089e+00 2.768527698516845703e+01 2.900000000000000000e+01 1.030000000000000000e+02
8.445000000000000284e+00 2.768527698516845703e+01 3.000000000000000000e+01 1.620000000000000000e+02
8.907000000000001805e+00 2.768527698516845703e+01 3.100000000000000000e+01 1.800000000000000000e+02
9.130000000000002558e+00 2.768527698516845703e+01 3.200000000000000000e+01 1.150000000000000000e+02
9.203000000000002956e+00 2.768527698516845703e+01 3.300000000000000000e+01 2.500000000000000000e+01
9.478000000000001535e+00 2.768527698516845703e+01 3.400000000000000000e+01 2.120000000000000000e+02
9.740999999999999659e+00 2.768527698516845703e+01 3.500000000000000000e+01 1.730000000000000000e+02
9.991999999999999105e+00 2.768527698516845703e+01 3.600000000000000000e+01 1.830000000000000000e+02
1.005699999999999861e+01 2.768527698516845703e+01 3.700000000000000000e+01 1.880000000000000000e+02
1.023499999999999943e+01 2.768527698516845703e+01 3.800000000000000000e+01 2.390000000000000000e+02
1.017999999999999794e+01 2.768527698516845703e+01 3.900000000000000000e+01 2.620000000000000000e+02
1.078199999999999825e+01 2.768527698516845703e+01 4.000000000000000000e+01 2.050000000000000000e+02
1.091899999999999693e+01 2.768527698516845703e+01 4.100000000000000000e+01 3.100000000000000000e+02
1.095099999999999696e+01 2.768527698516845703e+01 4.200000000000000000e+01 1.780000000000000000e+02
1.140899999999999714e+01 2.768527698516845703e+01 4.300000000000000000e+01 3.020000000000000000e+02
1.182999999999999119e+01 2.768527698516845703e+01 4.400000000000000000e+01 3.400000000000000000e+02
0.000000000000000000e+00 2.768527698516845703e+01 4.500000000000000000e+01 2.970000000000000000e+02
1.201399999999998869e+01 2.768527698516845703e+01 4.600000000000000000e+01 2.980000000000000000e+02
1.248699999999999122e+01 2.768527698516845703e+01 4.700000000000000000e+01 3.670000000000000000e+02
1.279999999999999361e+01 2.768527698516845703e+01 4.800000000000000000e+01 4.110000000000000000e+02
1.312399999999999345e+01 2.768527698516845703e+01 4.900000000000000000e+01 3.190000000000000000e+02
1.341199999999999370e+01 2.768527698516845703e+01 5.000000000000000000e+01 5.240000000000000000e+02
1.379299999999999216e+01 2.768527698516845703e+01 5.100000000000000000e+01 5.230000000000000000e+02
1.395699999999998653e+01 2.768527698516845703e+01 5.200000000000000000e+01 4.960000000000000000e+02
1.455299999999998661e+01 2.768527698516845703e+01 5.300000000000000000e+01 4.990000000000000000e+02
1.464699999999998425e+01 2.768527698516845703e+01 5.400000000000000000e+01 6.810000000000000000e+02
1.527199999999998781e+01 2.768527698516845703e+01 5.500000000000000000e+01 8.010000000000000000e+02
1.603099999999999170e+01 2.768527698516845703e+01 5.600000000000000000e+01 5.630000000000000000e+02
0.000000000000000000e+00 2.768527698516845703e+01 5.700000000000000000e+01 5.770000000000000000e+02
1.660799999999999699e+01 2.768527698516845703e+01 5.800000000000000000e+01 1.064000000000000000e+03
1.779399999999990456e+01 2.768527698516845703e+01 5.900000000000000000e+01 1.268000000000000000e+03
1.861299999999991428e+01 2.768527698516845703e+01 6.000000000000000000e+01 1.193000000000000000e+03
1.939599999999991553e+01 2.768527698516845703e+01 6.100000000000000000e+01 1.032000000000000000e+03
2.014399999999993796e+01 2.768527698516845703e+01 6.200000000000000000e+01 1.039000000000000000e+03
2.041299999999994697e+01 2.768527698516845703e+01 6.300000000000000000e+01 8.280000000000000000e+02
2.067799999999996530e+01 2.768527698516845703e+01 6.400000000000000000e+01 1.536000000000000000e+03
2.128999999999998494e+01 2.768527698516845703e+01 6.500000000000000000e+01 1.169000000000000000e+03
2.218400000000001882e+01 2.768527698516845703e+01 6.600000000000000000e+01 2.038000000000000000e+03
2.340800000000005809e+01 2.768527698516845703e+01 6.700000000000000000e+01 1.443000000000000000e+03
2.445800000000009433e+01 2.768527698516845703e+01 6.800000000000000000e+01 1.424000000000000000e+03
2.489700000000011570e+01 2.768527698516845703e+01 6.900000000000000000e+01 7.940000000000000000e+02
2.544200000000013517e+01 2.768527698516845703e+01 7.000000000000000000e+01 1.822000000000000000e+03
2.761100000000021382e+01 2.768527698516845703e+01 7.100000000000000000e+01 1.246000000000000000e+03
0.000000000000000000e+00 2.768527698516845703e+01 0.000000000000000000e+00 0.000000000000000000e+00
2.768527698516845703e+01 2.768527698516845703e+01 0.000000000000000000e+00 0.000000000000000000e+00
2.768527698516845703e+01 2.768527698516845703e+01 0.000000000000000000e+00 0.000000000000000000e+00
1.854999999999999982e+00 2.698095107078552246e+01 0.000000000000000000e+00 0.000000000000000000e+00
2.424000000000000377e+00 2.698095107078552246e+01 1.000000000000000000e+00 9.000000000000000000e+00
2.424000000000000377e+00 2.698095107078552246e+01 2.000000000000000000e+00 7.000000000000000000e+00
2.794000000000000483e+00 2.698095107078552246e+01 3.000000000000000000e+00 1.300000000000000000e+01
2.794000000000000483e+00 2.698095107078552246e+01 4.000000000000000000e+00 1.100000000000000000e+01
2.973000000000000309e+00 2.698095107078552246e+01 5.000000000000000000e+00 1.900000000000000000e+01
3.316000000000000281e+00 2.698095107078552246e+01 6.000000000000000000e+00 9.000000000000000000e+00
3.657000000000000028e+00 2.698095107078552246e+01 7.000000000000000000e+00 2.700000000000000000e+01
3.823999999999999844e+00 2.698095107078552246e+01 8.000000000000000000e+00 2.000000000000000000e+01
3.982999999999999652e+00 2.698095107078552246e+01 9.000000000000000000e+00 2.500000000000000000e+01
3.942999999999999616e+00 2.698095107078552246e+01 1.000000000000000000e+01 2.700000000000000000e+01
4.135999999999999233e+00 2.698095107078552246e+01 1.100000000000000000e+01 1.000000000000000000e+00
4.286999999999999034e+00 2.698095107078552246e+01 1.200000000000000000e+01 8.000000000000000000e+00
4.133999999999999453e+00 2.698095107078552246e+01 1.300000000000000000e+01 3.100000000000000000e+01
4.286999999999999034e+00 2.698095107078552246e+01 1.400000000000000000e+01 5.000000000000000000e+00
4.426999999999998714e+00 2.698095107078552246e+01 1.500000000000000000e+01 2.100000000000000000e+01
4.426999999999998714e+00 2.698095107078552246e+01 1.600000000000000000e+01 1.400000000000000000e+01
4.556999999999998607e+00 2.698095107078552246e+01 1.700000000000000000e+01 4.000000000000000000e+00
4.513999999999999346e+00 2.698095107078552246e+01 1.800000000000000000e+01 3.300000000000000000e+01
4.680999999999998273e+00 2.698095107078552246e+01 1.900000000000000000e+01 1.600000000000000000e+01
4.680999999999998273e+00 2.698095107078552246e+01 2.000000000000000000e+01 6.000000000000000000e+00
5.046999999999998820e+00 2.698095107078552246e+01 2.100000000000000000e+01 4.400000000000000000e+01
5.586999999999999744e+00 2.698095107078552246e+01 2.200000000000000000e+01 2.000000000000000000e+00
5.414999999999999147e+00 2.698095107078552246e+01 2.300000000000000000e+01 4.500000000000000000e+01
5.690999999999999837e+00 2.698095107078552246e+01 2.400000000000000000e+01 4.000000000000000000e+01
5.788999999999999702e+00 2.698095107078552246e+01 2.500000000000000000e+01 1.500000000000000000e+01
6.125999999999998558e+00 2.698095107078552246e+01 2.600000000000000000e+01 3.900000000000000000e+01
6.341999999999998749e+00 2.698095107078552246e+01 2.700000000000000000e+01 7.400000000000000000e+01
6.516999999999998572e+00 2.698095107078552246e+01 2.800000000000000000e+01 2.800000000000000000e+01
6.601999999999998536e+00 2.698095107078552246e+01 2.900000000000000000e+01 5.600000000000000000e+01
6.929999999999998828e+00 2.698095107078552246e+01 3.000000000000000000e+01 4.600000000000000000e+01
7.343999999999999417e+00 2.698095107078552246e+01 3.100000000000000000e+01 8.600000000000000000e+01
7.798000000000000043e+00 2.698095107078552246e+01 3.200000000000000000e+01 9.600000000000000000e+01
8.294999999999999929e+00 2.698095107078552246e+01 3.300000000000000000e+01 1.320000000000000000e+02
8.417999999999999261e+00 2.698095107078552246e+01 3.400000000000000000e+01 1.050000000000000000e+02
8.831999999999998963e+00 2.698095107078552246e+01 3.500000000000000000e+01 1.760000000000000000e+02
8.967999999999996419e+00 2.698095107078552246e+01 3.600000000000000000e+01 1.480000000000000000e+02
9.180999999999995609e+00 2.698095107078552246e+01 3.700000000000000000e+01 1.730000000000000000e+02
9.193999999999997286e+00 2.698095107078552246e+01 3.800000000000000000e+01 1.130000000000000000e+02
9.341999999999995197e+00 2.698095107078552246e+01 3.900000000000000000e+01 1.710000000000000000e+02
9.723999999999996646e+00 2.698095107078552246e+01 4.000000000000000000e+01 6.000000000000000000e+00
9.657999999999997698e+00 2.698095107078552246e+01 4.100000000000000000e+01 1.770000000000000000e+02
1.016799999999999926e+01 2.698095107078552246e+01 4.200000000000000000e+01 2.400000000000000000e+02
1.089199999999999413e+01 2.698095107078552246e+01 4.300000000000000000e+01 2.130000000000000000e+02
1.156999999999998785e+01 2.698095107078552246e+01 4.400000000000000000e+01 3.940000000000000000e+02
1.156699999999998774e+01 2.698095107078552246e+01 4.500000000000000000e+01 2.230000000000000000e+02
1.192599999999998595e+01 2.698095107078552246e+01 4.600000000000000000e+01 3.330000000000000000e+02
1.228999999999999204e+01 2.698095107078552246e+01 4.700000000000000000e+01 4.330000000000000000e+02
1.267599999999999305e+01 2.698095107078552246e+01 4.800000000000000000e+01 3.670000000000000000e+02
1.298999999999999311e+01 2.698095107078552246e+01 4.900000000000000000e+01 4.100000000000000000e+02
1.346399999999999686e+01 2.698095107078552246e+01 5.000000000000000000e+01 5.270000000000000000e+02
1.394199999999999662e+01 2.698095107078552246e+01 5.100000000000000000e+01 4.440000000000000000e+02
1.453899999999999260e+01 2.698095107078552246e+01 5.200000000000000000e+01 4.420000000000000000e+02
1.492299999999999294e+01 2.698095107078552246e+01 5.300000000000000000e+01 6.030000000000000000e+02
1.527999999999997982e+01 2.698095107078552246e+01 5.400000000000000000e+01 8.110000000000000000e+02
1.590099999999998204e+01 2.698095107078552246e+01 5.500000000000000000e+01 6.930000000000000000e+02
1.661699999999999378e+01 2.698095107078552246e+01 5.600000000000000000e+01 9.150000000000000000e+02
1.719399999999995288e+01 2.698095107078552246e+01 5.700000000000000000e+01 7.720000000000000000e+02
1.731599999999994921e+01 2.698095107078552246e+01 5.800000000000000000e+01 7.140000000000000000e+02
1.782699999999992713e+01 2.698095107078552246e+01 5.900000000000000000e+01 1.197000000000000000e+03
1.821099999999992392e+01 2.698095107078552246e+01 6.000000000000000000e+01 9.960000000000000000e+02
1.880199999999992855e+01 2.698095107078552246e+01 6.100000000000000000e+01 1.191000000000000000e+03
1.936499999999994515e+01 2.698095107078552246e+01 6.200000000000000000e+01 1.441000000000000000e+03
1.986099999999996513e+01 2.698095107078552246e+01 6.300000000000000000e+01 8.450000000000000000e+02
2.014699999999997715e+01 2.698095107078552246e+01 6.400000000000000000e+01 1.323000000000000000e+03
2.055400000000000915e+01 2.698095107078552246e+01 6.500000000000000000e+01 8.510000000000000000e+02
2.155700000000002703e+01 2.698095107078552246e+01 6.600000000000000000e+01 1.365000000000000000e+03
2.207400000000004425e+01 2.698095107078552246e+01 6.700000000000000000e+01 1.320000000000000000e+03
2.288600000000006318e+01 2.698095107078552246e+01 6.800000000000000000e+01 1.594000000000000000e+03
2.367400000000009541e+01 2.698095107078552246e+01 6.900000000000000000e+01 1.922000000000000000e+03
2.549800000000015743e+01 2.698095107078552246e+01 7.000000000000000000e+01 1.241000000000000000e+03
2.701300000000021484e+01 2.698095107078552246e+01 7.100000000000000000e+01 1.458000000000000000e+03
0.000000000000000000e+00 2.698095107078552246e+01 0.000000000000000000e+00 0.000000000000000000e+00
2.698095107078552246e+01 2.698095107078552246e+01 0.000000000000000000e+00 0.000000000000000000e+00
2.698095107078552246e+01 2.698095107078552246e+01 0.000000000000000000e+00 0.000000000000000000e+00
2.467000000000000082e+00 2.851952028274536133e+01 0.000000000000000000e+00 8.000000000000000000e+00
2.664000000000000146e+00 2.851952028274536133e+01 1.000000000000000000e+00 1.300000000000000000e+01
2.664000000000000146e+00 2.851952028274536133e+01 2.000000000000000000e+00 9.000000000000000000e+00
2.852000000000000313e+00 2.851952028274536133e+01 3.000000000000000000e+00 1.300000000000000000e+01
3.218000000000000416e+00 2.851952028274536133e+01 4.000000000000000000e+00 7.000000000000000000e+00
3.021000000000000352e+00 2.851952028274536133e+01 5.000000000000000000e+00 1.200000000000000000e+01
3.215000000000000302e+00 2.851952028274536133e+01 6.000000000000000000e+00 1.900000000000000000e+01
3.743000000000000327e+00 2.851952028274536133e+01 7.000000000000000000e+00 2.700000000000000000e+01
3.905000000000000249e+00 2.851952028274536133e+01 8.000000000000000000e+00 1.400000000000000000e+01
3.905000000000000249e+00 2.851952028274536133e+01 9.000000000000000000e+00 1.800000000000000000e+01
4.068999999999999950e+00 2.851952028274536133e+01 1.000000000000000000e+01 1.600000000000000000e+01
4.219999999999999751e+00 2.851952028274536133e+01 1.100000000000000000e+01 3.000000000000000000e+01
4.219999999999999751e+00 2.851952028274536133e+01 1.200000000000000000e+01 4.000000000000000000e+00
4.364999999999999325e+00 2.851952028274536133e+01 1.300000000000000000e+01 2.400000000000000000e+01
5.215999999999999304e+00 2.851952028274536133e+01 1.400000000000000000e+01 9.000000000000000000e+00
5.215999999999999304e+00 2.851952028274536133e+01 1.500000000000000000e+01 3.700000000000000000e+01
4.998999999999999666e+00 2.851952028274536133e+01 1.600000000000000000e+01 8.000000000000000000e+00
5.719999999999999751e+00 2.851952028274536133e+01 1.700000000000000000e+01 5.100000000000000000e+01
5.719999999999999751e+00 2.851952028274536133e+01 1.800000000000000000e+01 3.000000000000000000e+01
0.000000000000000000e+00 2.851952028274536133e+01 1.900000000000000000e+01 9.000000000000000000e+00
6.484000000000000874e+00 2.851952028274536133e+01 2.000000000000000000e+01 3.800000000000000000e+01
6.745000000000000107e+00 2.851952028274536133e+01 2.100000000000000000e+01 8.900000000000000000e+01
6.660000000000001918e+00 2.851952028274536133e+01 2.200000000000000000e+01 5.600000000000000000e+01
0.000000000000000000e+00 2.851952028274536133e+01 2.300000000000000000e+01 6.100000000000000000e+01
7.152999999999999581e+00 2.851952028274536133e+01 2.400000000000000000e+01 5.600000000000000000e+01
7.076000000000000512e+00 2.851952028274536133e+01 2.500000000000000000e+01 6.000000000000000000e+01
7.250999999999999446e+00 2.851952028274536133e+01 2.600000000000000000e+01 1.600000000000000000e+01
7.384999999999999787e+00 2.851952028274536133e+01 2.700000000000000000e+01 4.800000000000000000e+01
7.522999999999999687e+00 2.851952028274536133e+01 2.800000000000000000e+01 8.400000000000000000e+01
7.879000000000000448e+00 2.851952028274536133e+01 2.900000000000000000e+01 5.900000000000000000e+01
8.069000000000000838e+00 2.851952028274536133e+01 3.000000000000000000e+01 4.900000000000000000e+01
0.000000000000000000e+00 2.851952028274536133e+01 3.100000000000000000e+01 1.100000000000000000e+02
8.487000000000001876e+00 2.851952028274536133e+01 3.200000000000000000e+01 1.290000000000000000e+02
8.778000000000002245e+00 2.851952028274536133e+01 3.300000000000000000e+01 1.450000000000000000e+02
9.040000000000000924e+00 2.851952028274536133e+01 3.400000000000000000e+01 1.290000000000000000e+02
9.130000000000000782e+00 2.851952028274536133e+01 3.500000000000000000e+01 1.410000000000000000e+02
9.659000000000000696e+00 2.851952028274536133e+01 3.600000000000000000e+01 1.320000000000000000e+02
9.964000000000002188e+00 2.851952028274536133e+01 3.700000000000000000e+01 1.620000000000000000e+02
1.018900000000000361e+01 2.851952028274536133e+01 3.800000000000000000e+01 1.670000000000000000e+02
1.064800000000000146e+01 2.851952028274536133e+01 3.900000000000000000e+01 2.310000000000000000e+02
1.096500000000000163e+01 2.851952028274536133e+01 4.000000000000000000e+01 2.910000000000000000e+02
1.136900000000000510e+01 2.851952028274536133e+01 4.100000000000000000e+01 2.010000000000000000e+02
1.145100000000000584e+01 2.851952028274536133e+01 4.200000000000000000e+01 2.610000000000000000e+02
1.159300000000000708e+01 2.851952028274536133e+01 4.300000000000000000e+01 2.850000000000000000e+02
1.208200000000000252e+01 2.851952028274536133e+01 4.400000000000000000e+01 3.630000000000000000e+02
1.276000000000000334e+01 2.851952028274536133e+01 4.500000000000000000e+01 4.100000000000000000e+02
1.288900000000000290e+01 2.851952028274536133e+01 4.600000000000000000e+01 3.450000000000000000e+02
1.341000000000000725e+01 2.851952028274536133e+01 4.700000000000000000e+01 3.960000000000000000e+02
1.372000000000001130e+01 2.851952028274536133e+01 4.800000000000000000e+01 5.000000000000000000e+02
1.415800000000000658e+01 2.851952028274536133e+01 4.900000000000000000e+01 5.080000000000000000e+02
1.434800000000000608e+01 2.851952028274536133e+01 5.000000000000000000e+01 4.140000000000000000e+02
1.459100000000000463e+01 2.851952028274536133e+01 5.100000000000000000e+01 5.210000000000000000e+02
1.520099999999999696e+01 2.851952028274536133e+01 5.200000000000000000e+01 6.110000000000000000e+02
1.557299999999999685e+01 2.851952028274536133e+01 5.300000000000000000e+01 4.920000000000000000e+02
1.633499999999999730e+01 2.851952028274536133e+01 5.400000000000000000e+01 7.870000000000000000e+02
0.000000000000000000e+00 2.851952028274536133e+01 5.500000000000000000e+01 4.770000000000000000e+02
1.700500000000001322e+01 2.851952028274536133e+01 5.600000000000000000e+01 8.800000000000000000e+02
1.761099999999994381e+01 2.851952028274536133e+01 5.700000000000000000e+01 7.230000000000000000e+02
1.815299999999994895e+01 2.851952028274536133e+01 5.800000000000000000e+01 9.460000000000000000e+02
1.899199999999989785e+01 2.851952028274536133e+01 5.900000000000000000e+01 1.370000000000000000e+03
1.973699999999991661e+01 2.851952028274536133e+01 6.000000000000000000e+01 1.199000000000000000e+03
2.027599999999991098e+01 2.851952028274536133e+01 6.100000000000000000e+01 1.338000000000000000e+03
2.112099999999992761e+01 2.851952028274536133e+01 6.200000000000000000e+01 1.215000000000000000e+03
2.185999999999996035e+01 2.851952028274536133e+01 6.300000000000000000e+01 1.270000000000000000e+03
2.284600000000000009e+01 2.851952028274536133e+01 6.400000000000000000e+01 1.855000000000000000e+03
2.378900000000002990e+01 2.851952028274536133e+01 6.500000000000000000e+01 1.089000000000000000e+03
2.386900000000002819e+01 2.851952028274536133e+01 6.600000000000000000e+01 1.248000000000000000e+03
2.474300000000005895e+01 2.851952028274536133e+01 6.700000000000000000e+01 1.170000000000000000e+03
2.570900000000009200e+01 2.851952028274536133e+01 6.800000000000000000e+01 1.350000000000000000e+03
2.675700000000013645e+01 2.851952028274536133e+01 6.900000000000000000e+01 1.166000000000000000e+03
2.719200000000014583e+01 2.851952028274536133e+01 7.000000000000000000e+01 1.253000000000000000e+03
2.835200000000018505e+01 2.851952028274536133e+01 7.100000000000000000e+01 1.945000000000000000e+03
0.000000000000000000e+00 2.851952028274536133e+01 0.000000000000000000e+00 0.000000000000000000e+00
2.851952028274536133e+01 2.851952028274536133e+01 0.000000000000000000e+00 0.000000000000000000e+00
2.851952028274536133e+01 2.851952028274536133e+01 0.000000000000000000e+00 0.000000000000000000e+00
1.672999999999999821e+00 3.011153960227966309e+01 0.000000000000000000e+00 0.000000000000000000e+00
1.672999999999999821e+00 3.011153960227966309e+01 1.000000000000000000e+00 3.000000000000000000e+00
2.609999999999999432e+00 3.011153960227966309e+01 2.000000000000000000e+00 5.000000000000000000e+00
3.179999999999999272e+00 3.011153960227966309e+01 3.000000000000000000e+00 1.900000000000000000e+01
3.360999999999999321e+00 3.011153960227966309e+01 4.000000000000000000e+00 1.600000000000000000e+01
3.360999999999999321e+00 3.011153960227966309e+01 5.000000000000000000e+00 1.300000000000000000e+01
3.350999999999999535e+00 3.011153960227966309e+01 6.000000000000000000e+00 5.000000000000000000e+00
4.029999999999999361e+00 3.011153960227966309e+01 7.000000000000000000e+00 1.400000000000000000e+01
4.029999999999999361e+00 3.011153960227966309e+01 8.000000000000000000e+00 8.000000000000000000e+00
4.198999999999998956e+00 3.011153960227966309e+01 9.000000000000000000e+00 7.000000000000000000e+00
4.992999999999998550e+00 3.011153960227966309e+01 1.000000000000000000e+01 3.300000000000000000e+01
5.142999999999998906e+00 3.011153960227966309e+01 1.100000000000000000e+01 2.000000000000000000e+00
5.420999999999998487e+00 3.011153960227966309e+01 1.200000000000000000e+01 3.100000000000000000e+01
5.711999999999998856e+00 3.011153960227966309e+01 1.300000000000000000e+01 3.000000000000000000e+01
5.803999999999998494e+00 3.011153960227966309e+01 1.400000000000000000e+01 1.300000000000000000e+01
6.247999999999998444e+00 3.011153960227966309e+01 1.500000000000000000e+01 2.200000000000000000e+01
6.378999999999998671e+00 3.011153960227966309e+01 1.600000000000000000e+01 4.000000000000000000e+01
6.628999999999998671e+00 3.011153960227966309e+01 1.700000000000000000e+01 4.900000000000000000e+01
6.750999999999998558e+00 3.011153960227966309e+01 1.800000000000000000e+01 3.200000000000000000e+01
6.875999999999998558e+00 3.011153960227966309e+01 1.900000000000000000e+01 3.600000000000000000e+01
6.870999999999998664e+00 3.011153960227966309e+01 2.000000000000000000e+01 5.000000000000000000e+01
7.228999999999999204e+00 3.011153960227966309e+01 2.100000000000000000e+01 3.300000000000000000e+01
7.340999999999999304e+00 3.011153960227966309e+01 2.200000000000000000e+01 8.000000000000000000e+00
7.545999999999999375e+00 3.011153960227966309e+01 2.300000000000000000e+01 8.200000000000000000e+01
7.939000000000000057e+00 3.011153960227966309e+01 2.400000000000000000e+01 7.500000000000000000e+01
0.000000000000000000e+00 3.011153960227966309e+01 2.500000000000000000e+01 7.800000000000000000e+01
8.135000000000001563e+00 3.011153960227966309e+01 2.600000000000000000e+01 6.000000000000000000e+01
8.314000000000000057e+00 3.011153960227966309e+01 2.700000000000000000e+01 9.300000000000000000e+01
8.121999999999998110e+00 3.011153960227966309e+01 2.800000000000000000e+01 1.600000000000000000e+01
8.384999999999998010e+00 3.011153960227966309e+01 2.900000000000000000e+01 9.100000000000000000e+01
8.530999999999997030e+00 3.011153960227966309e+01 3.000000000000000000e+01 8.600000000000000000e+01
8.877999999999998337e+00 3.011153960227966309e+01 3.100000000000000000e+01 1.310000000000000000e+02
8.815999999999998948e+00 3.011153960227966309e+01 3.200000000000000000e+01 1.160000000000000000e+02
9.072999999999998622e+00 3.011153960227966309e+01 3.300000000000000000e+01 1.290000000000000000e+02
9.378999999999999559e+00 3.011153960227966309e+01 3.400000000000000000e+01 1.410000000000000000e+02
9.631999999999997897e+00 3.011153960227966309e+01 3.500000000000000000e+01 9.300000000000000000e+01
9.706999999999997186e+00 3.011153960227966309e+01 3.600000000000000000e+01 1.340000000000000000e+02
1.000999999999999623e+01 3.011153960227966309e+01 3.700000000000000000e+01 1.440000000000000000e+02
1.017599999999999838e+01 3.011153960227966309e+01 3.800000000000000000e+01 1.720000000000000000e+02
1.111799999999999855e+01 3.011153960227966309e+01 3.900000000000000000e+01 1.900000000000000000e+02
1.115299999999999692e+01 3.011153960227966309e+01 4.000000000000000000e+01 2.450000000000000000e+02
1.124599999999999866e+01 3.011153960227966309e+01 4.100000000000000000e+01 2.120000000000000000e+02
1.140099999999999802e+01 3.011153960227966309e+01 4.200000000000000000e+01 2.970000000000000000e+02
1.190599999999999703e+01 3.011153960227966309e+01 4.300000000000000000e+01 2.960000000000000000e+02
1.250399999999999423e+01 3.011153960227966309e+01 4.400000000000000000e+01 2.930000000000000000e+02
1.275299999999999478e+01 3.011153960227966309e+01 4.500000000000000000e+01 3.890000000000000000e+02
1.299799999999999223e+01 3.011153960227966309e+01 4.600000000000000000e+01 3.000000000000000000e+00
1.313099999999999312e+01 3.011153960227966309e+01 4.700000000000000000e+01 3.540000000000000000e+02
1.379299999999999926e+01 3.011153960227966309e+01 4.800000000000000000e+01 2.840000000000000000e+02
1.401299999999999812e+01 3.011153960227966309e+01 4.900000000000000000e+01 5.040000000000000000e+02
1.415999999999999659e+01 3.011153960227966309e+01 5.000000000000000000e+01 4.970000000000000000e+02
1.518799999999999706e+01 3.011153960227966309e+01 5.100000000000000000e+01 5.560000000000000000e+02
1.563999999999998813e+01 3.011153960227966309e+01 5.200000000000000000e+01 6.340000000000000000e+02
1.599999999999998934e+01 3.011153960227966309e+01 5.300000000000000000e+01 7.030000000000000000e+02
1.626699999999998880e+01 3.011153960227966309e+01 5.400000000000000000e+01 7.320000000000000000e+02
1.660899999999996979e+01 3.011153960227966309e+01 5.500000000000000000e+01 6.380000000000000000e+02
1.710299999999996601e+01 3.011153960227966309e+01 5.600000000000000000e+01 8.170000000000000000e+02
1.778699999999991377e+01 3.011153960227966309e+01 5.700000000000000000e+01 8.920000000000000000e+02
1.834899999999992204e+01 3.011153960227966309e+01 5.800000000000000000e+01 5.580000000000000000e+02
1.855099999999991311e+01 3.011153960227966309e+01 5.900000000000000000e+01 1.116000000000000000e+03
1.899699999999991107e+01 3.011153960227966309e+01 6.000000000000000000e+01 1.078000000000000000e+03
1.976299999999993062e+01 3.011153960227966309e+01 6.100000000000000000e+01 1.207000000000000000e+03
2.052399999999995117e+01 3.011153960227966309e+01 6.200000000000000000e+01 1.587000000000000000e+03
2.157099999999998374e+01 3.011153960227966309e+01 6.300000000000000000e+01 1.177000000000000000e+03
2.241300000000001091e+01 3.011153960227966309e+01 6.400000000000000000e+01 1.449000000000000000e+03
2.278800000000002868e+01 3.011153960227966309e+01 6.500000000000000000e+01 1.787000000000000000e+03
2.398400000000006571e+01 3.011153960227966309e+01 6.600000000000000000e+01 2.492000000000000000e+03
2.514000000000010715e+01 3.011153960227966309e+01 6.700000000000000000e+01 1.457000000000000000e+03
2.604800000000015459e+01 3.011153960227966309e+01 6.800000000000000000e+01 1.559000000000000000e+03
2.726100000000019818e+01 3.011153960227966309e+01 6.900000000000000000e+01 1.185000000000000000e+03
2.846700000000023678e+01 3.011153960227966309e+01 7.000000000000000000e+01 2.393000000000000000e+03
3.005500000000029814e+01 3.011153960227966309e+01 7.100000000000000000e+01 1.774000000000000000e+03
0.000000000000000000e+00 3.011153960227966309e+01 0.000000000000000000e+00 0.000000000000000000e+00
3.011153960227966309e+01 3.011153960227966309e+01 0.000000000000000000e+00 0.000000000000000000e+00
3.011153960227966309e+01 3.011153960227966309e+01 0.000000000000000000e+00 0.000000000000000000e+00
1.479999999999999760e+00 2.698121213912963867e+01 0.000000000000000000e+00 0.000000000000000000e+00
2.061999999999999833e+00 2.698121213912963867e+01 1.000000000000000000e+00 3.000000000000000000e+00
2.453999999999999737e+00 2.698121213912963867e+01 2.000000000000000000e+00 8.000000000000000000e+00
2.829999999999999627e+00 2.698121213912963867e+01 3.000000000000000000e+00 1.900000000000000000e+01
3.360999999999999321e+00 2.698121213912963867e+01 4.000000000000000000e+00 1.800000000000000000e+01
3.551999999999999158e+00 2.698121213912963867e+01 5.000000000000000000e+00 1.500000000000000000e+01
3.551999999999999158e+00 2.698121213912963867e+01 6.000000000000000000e+00 6.000000000000000000e+00
3.711999999999999300e+00 2.698121213912963867e+01 7.000000000000000000e+00 7.000000000000000000e+00
3.902999999999999137e+00 2.698121213912963867e+01 8.000000000000000000e+00 2.500000000000000000e+01
0.000000000000000000e+00 2.698121213912963867e+01 9.000000000000000000e+00 3.300000000000000000e+01
4.071999999999999176e+00 2.698121213912963867e+01 1.000000000000000000e+01 1.000000000000000000e+01
0.000000000000000000e+00 2.698121213912963867e+01 1.100000000000000000e+01 1.500000000000000000e+01
4.225999999999999091e+00 2.698121213912963867e+01 1.200000000000000000e+01 2.700000000000000000e+01
4.215999999999999304e+00 2.698121213912963867e+01 1.300000000000000000e+01 3.600000000000000000e+01
4.916999999999998927e+00 2.698121213912963867e+01 1.400000000000000000e+01 1.600000000000000000e+01
5.309999999999999609e+00 2.698121213912963867e+01 1.500000000000000000e+01 3.300000000000000000e+01
5.309999999999999609e+00 2.698121213912963867e+01 1.600000000000000000e+01 3.200000000000000000e+01
5.309999999999999609e+00 2.698121213912963867e+01 1.700000000000000000e+01 2.000000000000000000e+01
5.679999999999999716e+00 2.698121213912963867e+01 1.800000000000000000e+01 6.100000000000000000e+01
5.467999999999999972e+00 2.698121213912963867e+01 1.900000000000000000e+01 3.100000000000000000e+01
5.913999999999999702e+00 2.698121213912963867e+01 2.000000000000000000e+01 5.000000000000000000e+01
5.913999999999999702e+00 2.698121213912963867e+01 2.100000000000000000e+01 3.600000000000000000e+01
5.722999999999998977e+00 2.698121213912963867e+01 2.200000000000000000e+01 4.500000000000000000e+01
6.098999999999998423e+00 2.698121213912963867e+01 2.300000000000000000e+01 5.400000000000000000e+01
6.429999999999999716e+00 2.698121213912963867e+01 2.400000000000000000e+01 4.700000000000000000e+01
6.411000000000000476e+00 2.698121213912963867e+01 2.500000000000000000e+01 5.900000000000000000e+01
6.826999999999999957e+00 2.698121213912963867e+01 2.600000000000000000e+01 3.600000000000000000e+01
7.014999999999999680e+00 2.698121213912963867e+01 2.700000000000000000e+01 8.100000000000000000e+01
7.014999999999999680e+00 2.698121213912963867e+01 2.800000000000000000e+01 5.500000000000000000e+01
7.440999999999998948e+00 2.698121213912963867e+01 2.900000000000000000e+01 7.000000000000000000e+01
0.000000000000000000e+00 2.698121213912963867e+01 3.000000000000000000e+01 4.900000000000000000e+01
7.440999999999998948e+00 2.698121213912963867e+01 3.100000000000000000e+01 1.110000000000000000e+02
7.661999999999999922e+00 2.698121213912963867e+01 3.200000000000000000e+01 1.240000000000000000e+02
7.856999999999999318e+00 2.698121213912963867e+01 3.300000000000000000e+01 1.110000000000000000e+02
7.967999999999999972e+00 2.698121213912963867e+01 3.400000000000000000e+01 1.020000000000000000e+02
8.231999999999999318e+00 2.698121213912963867e+01 3.500000000000000000e+01 1.230000000000000000e+02
8.483999999999999986e+00 2.698121213912963867e+01 3.600000000000000000e+01 1.170000000000000000e+02
8.547000000000000597e+00 2.698121213912963867e+01 3.700000000000000000e+01 1.120000000000000000e+02
8.605999999999999872e+00 2.698121213912963867e+01 3.800000000000000000e+01 1.530000000000000000e+02
8.935000000000000497e+00 2.698121213912963867e+01 3.900000000000000000e+01 1.650000000000000000e+02
9.106999999999999318e+00 2.698121213912963867e+01 4.000000000000000000e+01 1.240000000000000000e+02
9.359000000000001762e+00 2.698121213912963867e+01 4.100000000000000000e+01 1.550000000000000000e+02
1.007900000000000595e+01 2.698121213912963867e+01 4.200000000000000000e+01 1.930000000000000000e+02
1.026200000000000578e+01 2.698121213912963867e+01 4.300000000000000000e+01 1.950000000000000000e+02
1.048200000000000287e+01 2.698121213912963867e+01 4.400000000000000000e+01 2.280000000000000000e+02
1.089000000000000412e+01 2.698121213912963867e+01 4.500000000000000000e+01 2.860000000000000000e+02
1.152800000000000225e+01 2.698121213912963867e+01 4.600000000000000000e+01 2.830000000000000000e+02
1.234300000000001063e+01 2.698121213912963867e+01 4.700000000000000000e+01 4.580000000000000000e+02
1.273500000000001364e+01 2.698121213912963867e+01 4.800000000000000000e+01 4.290000000000000000e+02
1.329600000000000648e+01 2.698121213912963867e+01 4.900000000000000000e+01 5.170000000000000000e+02
1.377200000000001090e+01 2.698121213912963867e+01 5.000000000000000000e+01 5.240000000000000000e+02
1.399900000000001121e+01 2.698121213912963867e+01 5.100000000000000000e+01 5.220000000000000000e+02
1.425400000000000666e+01 2.698121213912963867e+01 5.200000000000000000e+01 5.550000000000000000e+02
1.491900000000000759e+01 2.698121213912963867e+01 5.300000000000000000e+01 4.940000000000000000e+02
1.573199999999998688e+01 2.698121213912963867e+01 5.400000000000000000e+01 8.570000000000000000e+02
1.576899999999998592e+01 2.698121213912963867e+01 5.500000000000000000e+01 5.800000000000000000e+02
1.642299999999999471e+01 2.698121213912963867e+01 5.600000000000000000e+01 1.009000000000000000e+03
1.732399999999993412e+01 2.698121213912963867e+01 5.700000000000000000e+01 1.175000000000000000e+03
1.773999999999993804e+01 2.698121213912963867e+01 5.800000000000000000e+01 7.620000000000000000e+02
1.836799999999989907e+01 2.698121213912963867e+01 5.900000000000000000e+01 8.450000000000000000e+02
1.917599999999990601e+01 2.698121213912963867e+01 6.000000000000000000e+01 1.518000000000000000e+03
2.000499999999990663e+01 2.698121213912963867e+01 6.100000000000000000e+01 6.870000000000000000e+02
2.053699999999992087e+01 2.698121213912963867e+01 6.200000000000000000e+01 1.066000000000000000e+03
2.120099999999994722e+01 2.698121213912963867e+01 6.300000000000000000e+01 1.727000000000000000e+03
2.219599999999997664e+01 2.698121213912963867e+01 6.400000000000000000e+01 9.030000000000000000e+02
0.000000000000000000e+00 2.698121213912963867e+01 6.500000000000000000e+01 1.757000000000000000e+03
2.264499999999999602e+01 2.698121213912963867e+01 6.600000000000000000e+01 1.046000000000000000e+03
2.308800000000002228e+01 2.698121213912963867e+01 6.700000000000000000e+01 2.479000000000000000e+03
2.457800000000005980e+01 2.698121213912963867e+01 6.800000000000000000e+01 1.158000000000000000e+03
2.538300000000008794e+01 2.698121213912963867e+01 6.900000000000000000e+01 9.850000000000000000e+02
2.570200000000010121e+01 2.698121213912963867e+01 7.000000000000000000e+01 1.364000000000000000e+03
2.694700000000014484e+01 2.698121213912963867e+01 7.100000000000000000e+01 1.770000000000000000e+03
0.000000000000000000e+00 2.698121213912963867e+01 0.000000000000000000e+00 0.000000000000000000e+00
2.698121213912963867e+01 2.698121213912963867e+01 0.000000000000000000e+00 0.000000000000000000e+00
2.698121213912963867e+01 2.698121213912963867e+01 0.000000000000000000e+00 0.000000000000000000e+00
2.059000000000000163e+00 2.846936559677124023e+01 0.000000000000000000e+00 4.000000000000000000e+00
2.454000000000000181e+00 2.846936559677124023e+01 1.000000000000000000e+00 1.400000000000000000e+01
0.000000000000000000e+00 2.846936559677124023e+01 2.000000000000000000e+00 9.000000000000000000e+00
2.826000000000000068e+00 2.846936559677124023e+01 3.000000000000000000e+00 7.000000000000000000e+00
3.180000000000000160e+00 2.846936559677124023e+01 4.000000000000000000e+00 1.100000000000000000e+01
3.170000000000000373e+00 2.846936559677124023e+01 5.000000000000000000e+00 1.000000000000000000e+00
3.372000000000000330e+00 2.846936559677124023e+01 6.000000000000000000e+00 2.700000000000000000e+01
3.554000000000000270e+00 2.846936559677124023e+01 7.000000000000000000e+00 5.000000000000000000e+00
3.554000000000000270e+00 2.846936559677124023e+01 8.000000000000000000e+00 2.700000000000000000e+01
3.554000000000000270e+00 2.846936559677124023e+01 9.000000000000000000e+00 3.200000000000000000e+01
3.882000000000000117e+00 2.846936559677124023e+01 1.000000000000000000e+01 3.300000000000000000e+01
3.882000000000000117e+00 2.846936559677124023e+01 1.100000000000000000e+01 9.000000000000000000e+00
4.315000000000000391e+00 2.846936559677124023e+01 1.200000000000000000e+01 2.500000000000000000e+01
4.605000000000000426e+00 2.846936559677124023e+01 1.300000000000000000e+01 2.100000000000000000e+01
4.876000000000001222e+00 2.846936559677124023e+01 1.400000000000000000e+01 3.300000000000000000e+01
4.876000000000001222e+00 2.846936559677124023e+01 1.500000000000000000e+01 3.800000000000000000e+01
5.011000000000001009e+00 2.846936559677124023e+01 1.600000000000000000e+01 5.000000000000000000e+01
5.259000000000001229e+00 2.846936559677124023e+01 1.700000000000000000e+01 4.700000000000000000e+01
5.621000000000001329e+00 2.846936559677124023e+01 1.800000000000000000e+01 6.500000000000000000e+01
6.203000000000001180e+00 2.846936559677124023e+01 1.900000000000000000e+01 9.300000000000000000e+01
6.319000000000000838e+00 2.846936559677124023e+01 2.000000000000000000e+01 6.400000000000000000e+01
6.430000000000000604e+00 2.846936559677124023e+01 2.100000000000000000e+01 4.500000000000000000e+01
6.765000000000000568e+00 2.846936559677124023e+01 2.200000000000000000e+01 6.900000000000000000e+01
6.765000000000000568e+00 2.846936559677124023e+01 2.300000000000000000e+01 6.900000000000000000e+01
6.564000000000000057e+00 2.846936559677124023e+01 2.400000000000000000e+01 3.500000000000000000e+01
6.644999999999999574e+00 2.846936559677124023e+01 2.500000000000000000e+01 7.500000000000000000e+01
7.535000000000001030e+00 2.846936559677124023e+01 2.600000000000000000e+01 6.800000000000000000e+01
7.701000000000001400e+00 2.846936559677124023e+01 2.700000000000000000e+01 7.200000000000000000e+01
7.854000000000001869e+00 2.846936559677124023e+01 2.800000000000000000e+01 5.000000000000000000e+01
8.063000000000002387e+00 2.846936559677124023e+01 2.900000000000000000e+01 2.700000000000000000e+01
8.623000000000004661e+00 2.846936559677124023e+01 3.000000000000000000e+01 9.800000000000000000e+01
8.855000000000005755e+00 2.846936559677124023e+01 3.100000000000000000e+01 1.600000000000000000e+01
0.000000000000000000e+00 2.846936559677124023e+01 3.200000000000000000e+01 1.130000000000000000e+02
9.149000000000006239e+00 2.846936559677124023e+01 3.300000000000000000e+01 7.500000000000000000e+01
9.343000000000005301e+00 2.846936559677124023e+01 3.400000000000000000e+01 1.870000000000000000e+02
9.752000000000004221e+00 2.846936559677124023e+01 3.500000000000000000e+01 1.430000000000000000e+02
9.943000000000004945e+00 2.846936559677124023e+01 3.600000000000000000e+01 1.610000000000000000e+02
1.011000000000000654e+01 2.846936559677124023e+01 3.700000000000000000e+01 1.710000000000000000e+02
1.059200000000000763e+01 2.846936559677124023e+01 3.800000000000000000e+01 2.280000000000000000e+02
1.045300000000000651e+01 2.846936559677124023e+01 3.900000000000000000e+01 2.390000000000000000e+02
1.107200000000000983e+01 2.846936559677124023e+01 4.000000000000000000e+01 3.130000000000000000e+02
1.107100000000000861e+01 2.846936559677124023e+01 4.100000000000000000e+01 1.940000000000000000e+02
1.151200000000000934e+01 2.846936559677124023e+01 4.200000000000000000e+01 2.750000000000000000e+02
1.192200000000000770e+01 2.846936559677124023e+01 4.300000000000000000e+01 3.680000000000000000e+02
1.222600000000000442e+01 2.846936559677124023e+01 4.400000000000000000e+01 2.690000000000000000e+02
1.284400000000000475e+01 2.846936559677124023e+01 4.500000000000000000e+01 3.350000000000000000e+02
0.000000000000000000e+00 2.846936559677124023e+01 4.600000000000000000e+01 3.520000000000000000e+02
1.285400000000000453e+01 2.846936559677124023e+01 4.700000000000000000e+01 4.670000000000000000e+02
1.364100000000001067e+01 2.846936559677124023e+01 4.800000000000000000e+01 4.040000000000000000e+02
1.394700000000000628e+01 2.846936559677124023e+01 4.900000000000000000e+01 3.930000000000000000e+02
1.455000000000001315e+01 2.846936559677124023e+01 5.000000000000000000e+01 5.820000000000000000e+02
1.498800000000001198e+01 2.846936559677124023e+01 5.100000000000000000e+01 5.030000000000000000e+02
1.512100000000001288e+01 2.846936559677124023e+01 5.200000000000000000e+01 6.630000000000000000e+02
1.541700000000001225e+01 2.846936559677124023e+01 5.300000000000000000e+01 6.170000000000000000e+02
1.592700000000000138e+01 2.846936559677124023e+01 5.400000000000000000e+01 8.720000000000000000e+02
1.625399999999998712e+01 2.846936559677124023e+01 5.500000000000000000e+01 5.690000000000000000e+02
1.692599999999999127e+01 2.846936559677124023e+01 5.600000000000000000e+01 5.520000000000000000e+02
1.727699999999997615e+01 2.846936559677124023e+01 5.700000000000000000e+01 6.230000000000000000e+02
1.807999999999998408e+01 2.846936559677124023e+01 5.800000000000000000e+01 1.164000000000000000e+03
1.892799999999992622e+01 2.846936559677124023e+01 5.900000000000000000e+01 1.184000000000000000e+03
1.953299999999994796e+01 2.846936559677124023e+01 6.000000000000000000e+01 1.039000000000000000e+03
2.024699999999995370e+01 2.846936559677124023e+01 6.100000000000000000e+01 9.490000000000000000e+02
2.073599999999997578e+01 2.846936559677124023e+01 6.200000000000000000e+01 1.304000000000000000e+03
2.127200000000001623e+01 2.846936559677124023e+01 6.300000000000000000e+01 1.296000000000000000e+03
2.198600000000003263e+01 2.846936559677124023e+01 6.400000000000000000e+01 1.887000000000000000e+03
2.271200000000004238e+01 2.846936559677124023e+01 6.500000000000000000e+01 1.865000000000000000e+03
2.344200000000005701e+01 2.846936559677124023e+01 6.600000000000000000e+01 2.054000000000000000e+03
2.405800000000008154e+01 2.846936559677124023e+01 6.700000000000000000e+01 1.101000000000000000e+03
2.526500000000011781e+01 2.846936559677124023e+01 6.800000000000000000e+01 1.368000000000000000e+03
2.591500000000015191e+01 2.846936559677124023e+01 6.900000000000000000e+01 1.377000000000000000e+03
2.812900000000022516e+01 2.846936559677124023e+01 7.000000000000000000e+01 1.201000000000000000e+03
2.811700000000025312e+01 2.846936559677124023e+01 7.100000000000000000e+01 1.586000000000000000e+03
0.000000000000000000e+00 2.846936559677124023e+01 0.000000000000000000e+00 0.000000000000000000e+00
2.846936559677124023e+01 2.846936559677124023e+01 0.000000000000000000e+00 0.000000000000000000e+00
2.846936559677124023e+01 2.846936559677124023e+01 0.000000000000000000e+00 0.000000000000000000e+00
